3.624061096852 10.8311449622535 -3.57288802598588 -0.272744950475613 -0.0314009980051709 -4.76487262091739 0.895056375417121 -3.18149124120319 2.30201612502144 4.13949512513844 -6.76480451298126 -2.13933540873768 5.79113264214461 -8.95209927983546 9.95575108992496 -0.830464042805006 -9.2418024193174 0.977002519750793 -2.62154670846432 -10.1900169818697 -1.56520139450988 0.150014427121961 2.4251063543811 -1.81611565527381 -1.39256385702844 2.63522343603074 -2.24422903418292 -5.48472899250097 -5.11100039721811 5.89545440024666 3.42704599383588 5.81395373958829 inlier mahaDist=11.5437769642596 cluster1 intDim=8
2.55373037792184 9.51604151748409 -3.36290718779766 -1.26712247101721 -0.465531960511756 -4.80352735236028 0.735089788267341 -2.43878706954262 2.67769490865764 4.09986209767969 -7.68361006604803 -2.13005262677552 6.49743313259537 -9.18780782734618 10.2009501826431 -0.792193713769019 -8.49772273506936 2.33355211656223 -3.42532876478388 -11.2604559243368 -1.15837549776958 1.07867734699915 1.99174469241575 -2.50347682002649 -2.14840033081518 3.09943287592834 -3.35213407972745 -5.53766997386153 -2.84237127390693 5.47211241754036 4.1620229057928 5.79473901682594 inlier mahaDist=4.5027062164201 cluster1 intDim=8
3.55229401989423 10.3246096361469 -3.14873277349462 0.0653015737480716 -1.21949900551756 -4.79022060224102 0.193530675082925 -2.21625007830318 2.19620745339533 4.94812271075296 -7.82784452951702 -1.81656234616434 5.70742601650546 -8.84470169911314 10.7027436996205 -0.236204164096401 -8.57018563873677 2.08876495614705 -3.04206736647679 -10.4561540100433 -0.952581626275763 1.15282507266209 1.97209498564102 -2.09430042676688 -1.9908172718187 3.22082394090488 -2.17604110267222 -6.12517660738738 -3.21586802578787 5.32316529528997 4.13978476143251 6.17922911310338 inlier mahaDist=9.1466153891431 cluster1 intDim=8
2.82179464174372 9.15335015157154 -3.97314231031 -0.924782424735064 -1.5305554398225 -4.46645682099871 0.322780807185802 -2.29192582728362 3.48842834134405 4.50842343743526 -9.20055740812998 -1.6596553691264 6.57766990781637 -8.9348590747648 9.69997623480632 -1.10596436050793 -9.49404969870604 2.53617269270187 -2.96841028687508 -11.3718936605554 -0.458224846877077 1.80084722917231 2.13271187561863 -1.91366301375204 -1.94858944793579 2.95701276751356 -3.86606821223987 -4.87927796261766 -3.07589362228119 6.06061948103914 3.90391971860653 4.92912277130126 inlier mahaDist=12.3319819867915 cluster1 intDim=8
2.67210991623312 9.43432585998408 -3.9763186269037 -0.431182242176432 0.0293161113211516 -5.0188774851708 -0.309185984760598 -2.48338214807578 3.24962098361557 3.64563666408084 -7.4799112965543 -1.73390062889577 6.31339216828756 -8.43029368027193 9.68561187977754 0.285977412885753 -8.85927141050526 2.66820366972739 -2.28218070544954 -9.64894259603126 -0.807426322956358 0.934675416448401 2.05474976618261 -2.67854723064006 -2.61050041053591 3.5187622590924 -4.9927446506957 -6.54573097650459 -1.97081674639634 6.18955312630643 4.8595953914338 5.96508949785373 outlier mahaDist=15.5721360932659 cluster1 intDim=8
2.76073284733622 10.5183723585833 -3.85668849733494 0.451691886746947 0.227056273789997 -5.57775190626483 0.19445509046775 -2.70033678023444 2.55379954216556 3.85400065349694 -6.13321808366083 -1.79658662719503 6.4272169496522 -9.25229131889018 9.3867521450784 0.497197887541536 -9.05667515953001 1.50452983853571 -2.47665436198348 -9.62971472280164 -1.12152885591997 0.114231820678341 2.10121488203983 -2.1631563541757 -1.98053166011378 2.98388132153428 -3.53982646519455 -5.90917035512047 -3.58564015287876 5.71670246561617 3.3857428402033 5.16967672981682 inlier mahaDist=8.81812262187017 cluster1 intDim=8
4.08114967906028 10.3630629605802 -3.2037136964845 -0.0560221446845275 -0.601962070279181 -4.56260310951799 0.393506078598755 -2.4493112690432 2.9740660703553 4.86076051176766 -7.78924616224233 -2.18701198284577 5.16023326931571 -8.95263931677614 9.88303829364945 -0.345328972421714 -8.77832941009954 1.68860740272226 -3.72827189969482 -10.2828443776797 -0.968441796984162 0.887665013861623 1.33655964620725 -2.42839425206813 -1.85317126265491 2.91023913403534 -2.4877300363563 -5.66283444431902 -3.75510022010462 4.64646583375432 4.15899521719806 5.22514425615907 inlier mahaDist=6.1456595631609 cluster1 intDim=8
4.14576973803159 10.7226226514996 -2.30211740656245 -0.862276530356503 1.36916599600236 -4.59191516667185 0.428430825316587 -2.58806542460608 1.63521297577327 4.47615402872681 -6.62243372923773 -2.38340246668717 5.49209688522223 -9.13569155631362 9.84483806557479 0.730746270917181 -7.79105198045551 1.11503416244037 -4.39063195030504 -9.22657360359292 -1.74436817361905 0.935461677302136 0.524422770695145 -3.3935076943873 -2.05623035531196 3.33005747565661 -3.31213059019567 -6.59162245611947 -3.26153691610433 2.32055875027838 5.40500354358612 5.29984564525526 outlier mahaDist=30.8546013321183 cluster1 intDim=8
2.40481210743584 10.1159902849418 -3.53563541395495 -0.578698768508084 0.00104993369298045 -5.35307469423795 1.34707019418392 -2.33216201077962 3.26533233012873 3.2706521921668 -6.00962591773322 -2.47935637971902 5.83310420104858 -9.0732715840885 9.53026493373336 -0.489375908230309 -8.62882672642957 2.02244262635145 -2.88472841617322 -10.8674098700463 -1.05813914197062 0.417180864346919 1.80564498348259 -2.4445655550548 -1.67574579721625 2.48182890390955 -3.29321710033657 -5.58910765125123 -3.44431993720705 5.42505313543704 3.3981702405424 5.13714671069909 inlier mahaDist=4.99224829154493 cluster1 intDim=8
3.17465075408888 10.0645382638885 -3.12840609729218 -1.52628612554606 0.892171681995096 -4.51712281402731 0.789156150502457 -2.58443733034379 2.26897280098043 3.60582583954218 -7.2045838012476 -2.03214229644826 6.3883629191048 -8.76707253945848 9.30725444727104 -0.0283736506307848 -8.77592941168907 1.47898432112268 -3.03124534222344 -9.79062420231369 -1.33337055029023 1.59265317206059 1.31825096989178 -2.71211859407485 -1.63667999305536 2.96660328761095 -4.66542556655838 -5.91272266648255 -3.47073723186374 3.61399793744661 4.94553565594585 4.76435916090266 inlier mahaDist=9.94551564560007 cluster1 intDim=8
2.68792569975229 10.6914463001789 -4.08233262689454 0.641901463602689 -0.515859900718275 -5.55777742525209 0.840446830310099 -2.2789377660788 3.09209057871693 3.67800793946974 -6.34011755514182 -1.67456867866989 6.356678607365 -9.1993499885571 8.6540828055362 0.14451244902362 -9.83387698941008 1.28989264457444 -1.97860770714182 -10.0516571802127 -0.551881345037052 0.826702439968326 1.95591602725389 -1.49233483181647 -1.09047476556271 2.22423441006688 -3.58758730691219 -5.03116428242011 -4.49749874101114 5.2816030651797 2.49640963296199 3.62485174545309 inlier mahaDist=15.1031788897502 cluster1 intDim=8
3.09830698007628 9.70417884451698 -3.79051968098262 -0.152942103831508 -1.30247284361858 -4.77896142708762 0.143482934269896 -2.26762185923893 3.25915638702244 4.28589456240902 -8.05758261822617 -1.83868950014939 5.7032610771916 -8.39675867124428 10.3495161781665 -0.578114251931997 -8.95896540250497 2.68975193793528 -2.37861522401351 -10.5695816630846 -0.642832966209128 1.10842067367735 2.30810699180982 -2.0987058360193 -2.1637109779838 3.16252391103189 -3.24282788464052 -6.08974922925141 -2.75465239266148 6.58826528950747 4.2102055777805 6.26035691200302 inlier mahaDist=10.2294705618365 cluster1 intDim=8
2.00844493024637 9.99499368681586 -3.85174919336444 -0.647659581377284 0.547739479573165 -5.54190009534427 1.06690066529621 -2.4740749636278 3.0897546085044 3.19827616528296 -6.11369708106994 -2.06338503092136 6.95650258268125 -9.63070824699516 8.5569119891648 0.0283672216896529 -9.16582811689915 1.54718890782278 -2.94765338715677 -10.5388288581523 -0.987053726772093 0.657436752726237 1.6398154632837 -2.34022010321359 -1.6113784843629 2.48078848753032 -4.48014302585839 -4.97821378096681 -3.61573491509461 4.77886400754884 3.10230180755122 3.74408723430386 inlier mahaDist=11.4379409756456 cluster1 intDim=8
2.33213049507925 9.40842341062547 -3.41755592333362 -1.26792612774749 -0.478533536517001 -4.95517985605244 1.30014996747105 -2.00322451137225 3.64340615927885 3.53356941998862 -7.21990223265888 -2.46072586906592 5.96537127810154 -9.05580863091524 9.55852475023657 -0.828304620627396 -8.53193559203194 2.58541894724389 -3.44534259596868 -11.5094374268007 -0.75764536458969 1.24503197614442 1.46170613175312 -2.67003194846405 -1.85763771883749 2.6065586603673 -3.78400441333627 -5.30863009339672 -2.70565853155459 4.98426807713111 3.90574250956883 4.84265047037786 inlier mahaDist=5.97455754567753 cluster1 intDim=8
3.65286864379579 10.1114521565102 -3.81281709988154 -0.469659243813719 0.833105727437287 -4.76225580471118 0.409715369802407 -3.21890537347318 3.54315592064227 4.16939766658545 -7.17626484345381 -2.34782122190813 5.87360677155985 -9.50391804441902 8.64656343650467 -0.306611757882611 -9.25865325342613 1.1096755641874 -4.03455872734903 -10.0086104867936 -1.30271134217848 0.0151201096820265 1.31626503867809 -2.72462118593105 -1.99881820721466 2.76519264725549 -3.79350711507187 -4.96002462978816 -4.24189657836039 4.91336906196515 3.80684774409852 4.26185038868096 inlier mahaDist=10.0102060556486 cluster1 intDim=8
3.09178444849357 9.6066502283438 -3.98065729179043 -1.17499832084216 -0.0803725422984195 -4.45581213569656 0.747685141454684 -2.78920918592091 3.61769628109241 3.68225282949607 -7.98853861208899 -2.05466214319564 6.17802202670109 -8.72830562947021 9.03454180663249 -0.950329545266031 -9.5669729891296 1.83579208277902 -2.7848791672271 -10.5464813563991 -0.904172695223367 1.18192546936872 1.89165535677862 -2.22917995523168 -1.65398197146579 2.66192519872621 -4.43899160202781 -5.06520785008942 -3.87510035177953 5.57578155998819 4.0859916444242 4.63908868170424 inlier mahaDist=5.1680417239709 cluster1 intDim=8
2.20446418781306 9.94341417762575 -3.62545028375063 0.0408422482019244 -1.44687136936845 -5.47632275082198 1.30476156683 -1.40530217336161 3.76953252391578 3.41845428818979 -6.59327201932246 -2.16756961847051 5.52508118485538 -8.64297012387326 9.64902872180074 -0.370459074371984 -8.81258375404639 2.80587976698346 -2.2146028587841 -11.1885938663753 -0.181416767005724 1.37561311995994 1.73111526942933 -2.02359830883603 -1.46202949789185 2.3220367102072 -3.28124732363799 -5.68602098868453 -2.76610541135224 5.50913840513715 3.17450218983446 4.7508854769224 inlier mahaDist=10.6300657085471 cluster1 intDim=8
3.12351640305628 10.0533610334734 -3.74221179874079 -0.0952146948889529 -0.817917770734708 -4.96366284113556 0.679455727416658 -2.41422817291897 3.43653950556119 4.08647434441524 -7.2807548438558 -2.16068597025731 5.5591966324491 -8.83365236088976 9.78824897276127 -0.648470345094117 -9.03264606461769 2.1185065394195 -2.83368438059315 -10.7075175173035 -0.802595089814586 0.640164202783642 1.99442601304084 -2.13676525886054 -1.8192822701163 2.71286260596072 -2.92243145944283 -5.54410418828755 -3.56176383420008 6.02683749714238 3.56832587228888 5.42071113396441 inlier mahaDist=3.23953656506262 cluster1 intDim=8
3.29689053394732 10.3394887452583 -3.0597253293528 -0.185880015164495 -0.769689506473766 -4.95091222163853 0.907835811221132 -1.96469634047108 2.85216679064577 4.19114218556057 -6.95133023328536 -2.27555926253308 5.22158232988536 -8.73623605377541 10.1747829251991 -0.272761345119951 -8.40400602149882 2.16157393849787 -3.1022187367677 -10.5986078082358 -0.85209965287559 1.09694988847162 1.48786001941259 -2.39959739472849 -1.70437169250901 2.76198301803652 -2.56139380420017 -6.06153709942662 -3.20224613553132 4.71720945074134 4.02119697166401 5.52548630694289 inlier mahaDist=4.37596607102319 cluster1 intDim=8
2.80241490124427 9.86896087981529 -3.3020860301964 -1.23875406701736 -0.361585341797788 -4.79543330616776 1.35464235147848 -2.6599387612644 2.93124261443253 4.05989568056204 -7.18881106470958 -2.54783383351986 6.02217584551799 -9.43698893095479 10.0370399784702 -1.30665759804946 -8.56444764493469 1.87077367404731 -3.82833027149581 -11.662837063646 -1.356715543838 0.532417679602685 1.91637570812268 -2.4150815206206 -1.77776834935428 2.62771476622482 -2.45976863755337 -5.00573855887632 -3.84596015744643 5.43900284233553 3.52036661216004 5.50820869887314 inlier mahaDist=6.80241763212664 cluster1 intDim=8
3.69581144041288 9.76148387593279 -3.67871769766193 -0.404483610936031 0.0831716260058852 -4.5981110789793 -0.26459823896905 -3.0272469812564 3.1711139602435 4.5668655801126 -7.91948040962405 -2.1172053461013 5.7212648671048 -8.92845130462531 9.91315583424651 -0.287203405415049 -8.75213013083808 2.00823544218783 -3.63058909545054 -9.98106461236801 -1.25291027245896 0.263825397407068 1.82098447479136 -2.80214596015628 -2.63482283609561 3.46409906573598 -3.48556034670188 -5.98279149387125 -3.01088181670726 5.94622333086156 4.67968010709451 6.11532701786075 inlier mahaDist=9.32015291401166 cluster1 intDim=8
3.09575782232101 9.61341487778289 -3.43826263657727 -1.27643460788227 0.589943139427619 -4.61614361458565 0.426562789154492 -2.68421672422342 3.02503722090624 3.87224164566184 -7.56287202796251 -2.17055196174244 6.23803107688726 -9.0012225289402 9.33952143493225 -0.213668949929072 -8.710109472377 1.92495722420054 -3.57474175598327 -10.1945888816035 -1.19763404056981 1.04697739560319 1.37583774320404 -2.93154194500794 -2.18551199373264 3.13976208752104 -4.50555551925336 -5.71705107764248 -2.93779384822549 4.56979005844383 4.78212015844591 5.02951118300415 inlier mahaDist=5.8915852057048 cluster1 intDim=8
2.9704138509993 9.97241334375814 -3.9111012932469 -0.371744691086866 -0.425081710972932 -4.94557035102023 0.949248612181552 -2.48742955676662 3.82133958713774 3.54120229008911 -6.98890136336359 -2.29049400314612 5.50523459510006 -8.64594815246774 9.36983492724303 -0.751778378270615 -9.21140842309139 2.08530864783347 -2.55654156619294 -10.6027056411735 -0.787853174965396 0.624891333005579 1.95001996911564 -2.20282203084367 -1.65715508565423 2.505129455294 -3.54265061808326 -5.47311897770346 -3.70208852442182 6.03996409510529 3.59698633518019 5.10372501468399 inlier mahaDist=3.99592352559583 cluster1 intDim=8
3.49605580533823 10.2566642957486 -2.83627171492949 -1.39326187706424 -0.460201766153111 -4.32325425281323 1.76243196465236 -2.13465013296768 2.92470636062736 3.71406963331562 -7.21380469822061 -2.62011217167634 4.96774129992948 -8.34014692195749 10.1282296371289 -1.18847236586419 -8.50935586699881 1.95162146821102 -3.04244105399065 -11.0022877343221 -1.09265448835595 1.57729196341178 1.43354286553566 -2.40648901779049 -1.15135553530334 2.37415747580721 -2.74790263392638 -5.76659904103539 -3.94605884005713 4.23579207896026 4.40145372587634 5.45275415602256 inlier mahaDist=8.72536042237444 cluster1 intDim=8
3.10562965913994 10.3914776136209 -3.37362376462409 0.416879850909879 -1.46765852402086 -5.2325072827321 0.656426928149068 -2.0930809734319 2.68468221529212 4.96587920137306 -7.41046941752428 -1.93778256605219 5.99143469426782 -9.6576329710176 9.98368728970471 -0.383863908904227 -8.8802333111431 1.79631326651576 -3.57366244269465 -11.2008745161782 -0.733306577789885 0.829839158025226 1.77223157773571 -1.85006700258309 -1.68457690661293 2.68113009807813 -1.78194616639126 -5.0329552564057 -3.79885857633774 5.15662332169497 2.8322434723555 4.80537739023914 inlier mahaDist=9.88865168725398 cluster1 intDim=8
3.5418422257974 9.45703974113646 -4.12276961497858 -0.324070379537463 -0.631701865392506 -4.57896179707286 -0.510155313515316 -3.4295551159773 3.16893753498053 5.65828389215601 -9.21424337254022 -1.76358326720055 6.94826086757818 -10.2809401811413 9.41538785837371 -0.887094435838954 -9.52752739392659 1.44279311098753 -4.76738184971303 -11.1091741444961 -1.19431290168301 0.111371140967621 2.05519250953769 -2.22785181852008 -2.63076139336032 3.34211396938017 -2.84592856927183 -4.13821962659159 -3.95615216871992 6.30079285626523 3.34873494563453 4.83511670287143 outlier mahaDist=23.7543810787637 cluster1 intDim=8
3.4654501748406 10.3414207818587 -3.59682669041079 0.0770270702455287 -0.987290039163554 -4.80827930114098 0.628624411054393 -2.2506696621808 3.12896311542796 4.15058279413333 -7.39977094925272 -1.98044057069124 5.3304014158241 -8.43245730617312 9.91925333887438 -0.459259631878882 -9.13229494925025 2.024104846079 -2.3400551467435 -10.2667267588511 -0.704633859225417 1.0880881531074 1.9665194210391 -1.94204423897026 -1.56006586261727 2.70604893414507 -2.91349959883202 -5.88578570472037 -3.72660373436513 5.65353287111758 3.84007387066013 5.47281828817398 inlier mahaDist=4.17812385285693 cluster1 intDim=8
2.46869570839615 10.4089510768101 -3.39884540383686 -0.918928484701468 -0.321628089159801 -5.09187252962076 1.57743596604787 -2.53233519450227 2.2626597800346 3.53870879045137 -6.41704555429742 -2.18043404709268 6.40364275203535 -9.12656280417802 9.95559704119292 -0.940431119480344 -8.92123623519003 1.53752094388784 -2.48577223870267 -11.1057967303173 -1.31991287608956 0.821397835421615 2.34602517519009 -1.83065947560228 -1.21016435684061 2.41127406132502 -2.7025930295068 -5.2909946859254 -4.37378862064061 5.43262593427443 3.1673977003665 5.36463945222213 inlier mahaDist=7.1180812148449 cluster1 intDim=8
2.14422223087973 9.35039033773874 -3.38349039864644 -1.72918136544219 0.0583418362915179 -4.88528534415276 0.844819946235715 -2.51844879377205 2.47960045370084 3.91187241406727 -7.61205343750578 -2.04331723899003 7.25842085160164 -9.63213343841711 9.6723952305347 -0.645659320764404 -8.60466092039155 2.06185944418925 -3.71858834525052 -11.3467897231129 -1.25578608956334 1.25381421125382 1.80195369699544 -2.59779612420515 -2.09117972712301 3.05432372052104 -4.0620555401152 -5.09663884081905 -2.89095244481481 4.80689802634095 4.05495036005738 4.97462893324001 inlier mahaDist=7.43819812737524 cluster1 intDim=8
2.7731903744342 10.0596151134266 -3.48732042694174 -0.582080502548803 -0.411507363485265 -5.01049922774296 1.19676132442227 -1.89407761559451 3.3464902150331 3.71779070130936 -7.14312561942953 -2.03985634781869 6.10935459829463 -9.12358521296327 8.74474240667599 -0.195887348085876 -9.22590402635248 1.78178810708786 -3.03062488608126 -10.6891874464859 -0.503942854383355 1.70411884781065 1.13044530013053 -2.18983443112999 -1.22275113413547 2.29593382326777 -4.07025039013648 -4.99478531679699 -3.65483847196169 3.86719486824939 3.49266114674489 3.38528290584932 inlier mahaDist=8.498815458066 cluster1 intDim=8
3.3663553809849 9.85337409877008 -3.48305150183148 -2.06669258039384 0.265801073697889 -3.97962288814811 1.30602277776013 -2.90355361710692 2.83840993544152 3.52551485599199 -8.04235474594152 -2.1657745579036 6.1615699388723 -8.44732250327776 9.37774070279595 -1.35618099844098 -9.41546771316061 1.45204157017545 -2.67308253612911 -10.5698686148936 -1.30240544583716 1.69936727980865 1.88707990706857 -2.18923135415637 -1.19095802456629 2.5493421150323 -4.27417799009756 -5.18424722132104 -4.49170578475333 4.72766379208977 4.59122616230193 4.92487312213468 inlier mahaDist=9.55245824174471 cluster1 intDim=8
3.69451212251371 9.43504055525081 -3.676765665743 -0.555311241447172 -0.153206920747701 -4.36269962105205 -0.553223111942632 -2.37161384236233 3.38959822669373 4.45160599348438 -8.76905187979959 -1.65656656855104 5.92272832688167 -8.43465375114882 9.32386791956135 0.301755000541684 -9.0766634595784 2.36475846153443 -3.13167053011926 -9.46124568185316 -0.592916361782312 1.72073061046837 1.24585822065436 -2.80190849324619 -2.44550781001607 3.51242487878679 -5.06821795110931 -6.1679629796712 -2.26627858601719 4.72284390224359 5.3928877154603 4.99441688301081 outlier mahaDist=17.0123793539735 cluster1 intDim=8
3.46491591413097 10.2965503547666 -2.93563265428798 -1.31658727929672 -0.0862648982603899 -4.35320505035201 1.01914564112339 -2.45292616968524 2.01675058513534 4.08059272849643 -7.57014269419011 -2.05756965067036 5.97413513714946 -8.63079645437938 10.0897866934115 -0.604453905998861 -8.71757279233504 1.57044305998504 -2.92324332494714 -10.3585238334134 -1.30561374040118 1.68701204457631 1.67566398236135 -2.28553255605851 -1.40513707438147 2.85379079257234 -3.28943182085593 -5.8639076931339 -3.89553680333181 4.10733665796007 4.6352394496045 5.45622552133685 inlier mahaDist=5.25933971512625 cluster1 intDim=8
3.63584556082362 9.77347803763363 -3.3809985128857 -0.228705558824912 -0.916461063293808 -4.65602160136692 0.257869670663743 -2.21779357516539 3.44225343541264 5.17728843775229 -8.52069578759637 -2.05508569971036 5.83662577260193 -9.6418037528974 9.29302359514214 -0.344746982183821 -8.95489578730192 1.89151984085116 -4.55890969386677 -10.9733195186334 -0.614011577445801 1.23733153754892 0.954834281347118 -2.51573947178138 -2.03960532004836 2.88589282033696 -3.00564308102693 -4.78903014425503 -3.30631022305766 4.22207952488906 3.78390382849801 4.01650263575714 inlier mahaDist=11.3634821626413 cluster1 intDim=8
3.45479848856528 10.1475005328915 -3.69873131751711 -0.716545780760079 -0.531242900658914 -4.38391457712416 -0.0776047635951133 -3.07935206553289 1.65019599150292 4.78509363692778 -8.59401168724529 -1.29489309388067 7.05518766716813 -8.95347849832128 10.1405027855212 -0.566167220658359 -9.54931752704191 1.32664283002115 -2.4592723505023 -10.0685370660225 -1.32326981425413 1.35068849706911 2.64663977909138 -1.63250078508406 -1.7855699296002 3.32039316949942 -3.37123102578917 -5.48341494299513 -4.23320692807823 5.77994197960249 4.19764794217987 5.79068451180413 inlier mahaDist=11.6775504623428 cluster1 intDim=8
2.77322856825543 10.0478574382695 -3.63167146933256 -0.257704185436667 -0.136916971288762 -5.25003740133653 0.587256555543488 -2.65534926899405 2.95469979517366 4.15029386403837 -6.81776989003673 -2.18389296913017 6.24345918544818 -9.54586097638306 9.62284932137967 -0.317524158681288 -8.76278517029157 1.79277553957467 -3.51373896980062 -10.7458192742332 -1.15915125737433 0.207757484769899 1.87267419745342 -2.41459845485275 -2.08734012933733 2.8868498259989 -3.00073868099202 -5.3381209800907 -3.46809564162051 5.59987085831153 3.39754040819106 5.19336640193437 inlier mahaDist=3.28146318438422 cluster1 intDim=8
2.34641646073769 9.51461210544973 -3.82176598289949 -1.11259555174977 -0.895930479330667 -4.84556149630311 0.907017753969351 -2.53106753972882 2.9741358870083 3.98822335267868 -7.89242846170601 -1.9412819985079 6.79824258088106 -9.2377435719757 9.84093464352379 -1.18114339177603 -9.18202794413031 2.16835653948429 -2.90074450771167 -11.5388320713299 -0.950416812476324 1.12450294689041 2.39706606105964 -1.93470133925038 -1.78254559378816 2.76474157006009 -3.38921754041078 -4.90443368348476 -3.53525222669853 6.1565746536337 3.43076768090009 5.26168322690363 inlier mahaDist=6.45819556861783 cluster1 intDim=8
3.37446221727645 10.3545849706382 -3.57764541594475 0.165829832832761 -0.557741154361263 -5.00465694967334 0.775056221456887 -2.04604202350948 3.53695064106335 3.97902907824665 -7.03971566250356 -2.08499176607481 5.35135676703739 -8.77104864391154 9.07256554861836 -0.0318928776399356 -9.18994552668571 1.82503763385394 -2.82044770144849 -10.1417499503517 -0.510401185538884 1.17129494746293 1.27567386643813 -2.196714142046 -1.43889921121775 2.46195741858895 -3.50222855143105 -5.52833753812363 -3.68954325488928 4.57725954312348 3.63718028537907 4.16391062895785 inlier mahaDist=4.76106221442203 cluster1 intDim=8
3.06507208722895 10.2182721886966 -3.86168062540145 -0.0365089117278341 -0.68182272481234 -4.93383806721564 0.386162364855269 -2.34296080365861 2.84549682560799 4.02035118105201 -7.53236251068458 -1.57361311341537 6.27821125309888 -8.69169279520198 9.37935026842362 -0.108229914732387 -9.54700486320148 1.77512269583655 -2.06568939001219 -9.99509416186496 -0.655614203494219 1.38045199752101 2.05486689193716 -1.76460062785436 -1.51165757740767 2.77379330251663 -3.86634987540632 -5.58967215773292 -3.76452556842593 5.42402384990124 3.71229686299507 4.73044775683305 inlier mahaDist=3.99698141275321 cluster1 intDim=8
2.19062409497892 10.2020571867959 -3.60019459969539 0.508189252024062 -0.756151963499386 -5.89471098313055 0.872118624317286 -1.84758469922041 3.30242397629666 3.76535116403039 -5.90670191935718 -2.20781460384005 5.88984291513135 -9.40558626520988 9.62724806590244 0.164260434891748 -8.5145943421444 2.34661916728554 -2.96834185930626 -10.8889044642209 -0.626821677522755 0.348643957846135 1.71416115596155 -2.30422019737799 -1.9346203647166 2.62316726116414 -2.8295675575617 -5.68191430714667 -2.80459937419413 5.5529742935582 2.86537673995339 4.91878702857139 inlier mahaDist=9.96536147996374 cluster1 intDim=8
1.62453605269647 9.25879842881737 -4.10928575627173 -0.591961949585707 -1.23263184220427 -5.40355026852729 0.905284360947768 -1.8893859804543 3.7265604022112 3.45633798368859 -7.37185072584787 -1.86829704616622 6.76950476731126 -9.10722061897919 9.41132530564616 -0.66280562861259 -9.18669176876781 2.83428894270966 -2.38756544041671 -11.5494043965612 -0.335760810473827 1.31068645434272 2.21114434118434 -1.97402325774364 -1.85657335551675 2.62460513718077 -4.14490912870044 -5.08427487492582 -2.58874286555836 6.31981329467898 3.12040798888898 4.6741392341157 inlier mahaDist=12.9837568479056 cluster1 intDim=8
2.78346274560289 9.54163341485047 -3.27616622471543 -1.37789340151138 -0.101933120235992 -4.63133770933156 0.450025689134352 -2.3596026592834 2.4229041900219 4.22929441779737 -8.07920277468005 -1.83280578404337 6.84665157854437 -9.21596899664201 9.66788217089344 -0.268224229964092 -8.72554584397314 2.02999678531739 -3.50369591057808 -10.6755400979012 -1.04931856733879 1.70948138516736 1.53563343090865 -2.57277231116272 -2.03757212293622 3.18960648985141 -4.23228495927561 -5.49048513550949 -2.82488989251861 4.30133292261572 4.57021796391287 4.89560755133877 inlier mahaDist=5.88616572630532 cluster1 intDim=8
3.54429157077906 9.64913245588365 -3.60827207019214 -1.49072282256627 -0.260473657481838 -4.07395312254725 0.677452777956882 -2.90373830129098 3.07112996788257 4.29450339059968 -8.64803120121253 -2.05425201708515 6.16155917607732 -8.84669431567715 9.54209664741951 -1.22288256784979 -9.35401109191882 1.67794625920271 -3.34638391923759 -10.7722366605658 -1.14078956646992 1.39170528516836 1.8451113162557 -2.25804483509992 -1.69755266962161 2.84923615432643 -3.77616200967466 -5.01319690250569 -4.06117682676819 5.17983747232299 4.40951144089222 5.04003820804067 inlier mahaDist=6.06673536723579 cluster1 intDim=8
3.00098921741266 9.51059144169991 -3.94085187953238 -0.504318217323633 -0.922380922176354 -4.66453524580459 0.253883179338702 -2.12138722424458 3.58749050517397 4.20894614255439 -8.54758082278657 -1.60833323837489 6.37452401306605 -8.82788457798956 8.9889402016393 -0.303478412293086 -9.60172822572695 2.22020525840524 -2.77180622282783 -10.4867752680779 -0.306422388250452 1.90398000595107 1.57810453891506 -2.07250591323246 -1.75288290089653 2.82401723295252 -4.58406074892663 -5.12804706017529 -3.11274092251838 5.03637012556484 4.01565806520883 4.02258780816623 inlier mahaDist=8.52573628818384 cluster1 intDim=8
3.04021146973842 10.3382852107714 -3.42167392650978 -1.19553131564739 -0.400347965994609 -4.56795955727858 1.71153193979897 -2.49748338981762 2.8338274417192 3.30836759097179 -6.90365038803069 -2.32268428690899 5.60267942077711 -8.32307670896222 9.9068228596948 -1.29690180084415 -9.1269054393228 1.71476791116599 -2.06473470760042 -10.829852511694 -1.15007855864076 1.24037039921294 2.21576366137647 -1.86947472579205 -0.985988893593081 2.27232756701641 -3.07682350865954 -5.55592022925405 -4.51054982154754 5.43586994678466 3.80066603532817 5.51244434612285 inlier mahaDist=7.37501550932068 cluster1 intDim=8
3.70852521761857 9.99653491907698 -3.34298896803811 -0.479510820062088 -0.217244033380284 -4.57994268210725 0.0106131801333671 -2.80433527692699 2.5753227334131 4.99421186572948 -8.12925446305804 -1.97794781818832 6.10669477131571 -9.40174685265189 9.86719816606375 -0.291488140221755 -8.78175528939287 1.61907898153774 -4.05633541430064 -10.3702985335107 -1.23509868613606 0.757295679185416 1.57300223339748 -2.54827317750785 -2.25294814653795 3.27717431945354 -2.97850890013829 -5.45519795502358 -3.48076127545838 4.8827022480116 4.28166230162265 5.34531422105322 inlier mahaDist=5.87581930128873 cluster1 intDim=8
4.13493117140522 10.8995012081167 -3.53346141241174 -0.197961192943595 1.04736530642727 -4.66808539543623 0.513034112242966 -3.28237141044391 2.64773055648544 4.00348538151279 -6.58148289089036 -2.20115610080067 5.5136147020699 -8.8871271213721 9.07215149479104 -0.0285506726448375 -9.26944045713432 0.652120680290923 -3.03545367068118 -9.11872715986536 -1.55172747093662 0.151383283870212 1.5814715039255 -2.40493011199576 -1.54442776145585 2.74073861798223 -3.4146995946578 -5.73054897229015 -4.90528230051421 4.65591036977202 4.10860806212155 4.9163008674546 inlier mahaDist=13.506796050733 cluster1 intDim=8
2.79904635054704 10.2482580930949 -3.62174645651675 -0.492504557307592 -0.693411676708091 -4.9371869428366 0.941016420924007 -2.27195357515761 2.58034100587308 3.93207956201757 -7.35017915454176 -1.73158170193285 6.49378760059 -8.97574774149355 9.44660859957858 -0.452558304031184 -9.40105721448991 1.63152027949899 -2.35239772673369 -10.5927072990034 -0.797671994274194 1.5121178928803 2.01047751622374 -1.71058975530306 -1.24400172509277 2.54136970366889 -3.50733579807951 -5.21490914669185 -4.07016127226243 4.98545798916105 3.41973064221535 4.4997815928004 inlier mahaDist=3.26291147008722 cluster1 intDim=8
2.49552003154139 9.38967475760241 -4.46928047202839 0.234123528463443 0.142003314226117 -5.53501646333785 -0.167156798364024 -2.72365604541241 4.35548293733149 4.09999776298602 -7.25314574939273 -1.98863993017843 6.65608425718186 -9.97605221670437 8.21374386870827 0.232238619723115 -9.4062285888146 1.9914526838144 -3.92741239674227 -10.4404369002354 -0.605053900408582 -0.052955940720809 1.437979340567 -2.68825310043912 -2.58696244937151 2.94461526366021 -4.61405939773101 -4.68822004596672 -2.8459378142858 5.89043993719544 3.11028685164937 3.65169342239545 outlier mahaDist=19.3959681866323 cluster1 intDim=8
2.4616935362239 10.5210377062949 -2.92567114399318 -2.46123241241826 1.6983117139183 -4.67874102661155 2.15534710319513 -2.95895827249298 1.6343571220808 2.0107786905971 -5.19031608856208 -2.63591183546868 6.09515596357673 -8.02834717528888 10.1880128283418 -0.867284730298451 -8.28660667922455 1.4111012782569 -1.61079214228693 -10.0068246038494 -2.14852920192848 0.882138111290719 2.34016581968126 -2.58791248831901 -1.11284588846759 2.57958789061801 -4.13422181219959 -6.7049859605777 -4.17371030157009 4.77094631218984 4.90903547755177 6.64491007623273 outlier mahaDist=33.2539573009416 cluster1 intDim=8
3.208379367524 10.4041367879493 -3.07038659303754 0.0237472786388931 -1.40111936913129 -4.9042516638637 0.586886270324516 -1.59481968105221 2.24035657621756 4.41613625833661 -7.56646029944176 -1.64420537472583 5.75624846337486 -8.47676398760024 10.3089248203984 0.0813903191544425 -8.73741644544029 2.2393156222417 -2.286661844232 -10.2990260858482 -0.518466380230772 2.06422241001349 1.69308430185085 -1.892912868414 -1.46772269687769 2.89740781737566 -2.92994898025735 -6.23887768193541 -3.05324895870945 4.44922492863778 4.13996626408724 5.3177050639505 inlier mahaDist=8.14936642185253 cluster1 intDim=8
2.66468394932437 10.1940037714754 -3.34114281873893 -0.188455913779673 -0.0575451973659215 -5.42827267215117 0.649223999076486 -2.47995558290939 2.58190833351453 4.20400506243226 -6.43150107881295 -2.23043181822873 6.26276944326654 -9.69791013506702 9.83652372361925 -0.0418014938913867 -8.38673200842077 1.80319962841916 -3.71656428061912 -10.7531911798154 -1.24369393681968 0.197051228761363 1.71348509464811 -2.55298859053792 -2.13971449831099 2.95810861232923 -2.72572964349979 -5.56254248084723 -3.21858315916081 5.13579039120937 3.42627588835589 5.30660242808282 inlier mahaDist=5.39220841264405 cluster1 intDim=8
3.17558829392609 10.8171347157578 -3.57055899708892 0.432913247384047 0.340767917355108 -5.45801327009729 0.903811040766396 -2.44226128352613 3.16920866478875 3.51265889078791 -5.57867504242384 -2.32398857762501 5.32278827460627 -8.9305595105184 9.14110404825106 0.287660396972164 -8.88990954878639 1.44079912721866 -2.65486296965495 -9.68787342466144 -1.0154454141361 0.124979602494525 1.51962595586971 -2.36840803937204 -1.54189363575949 2.47527595225469 -3.20276058013446 -5.93276761710186 -3.96982428097809 4.9549691592864 3.38472931059192 4.74613656123215 inlier mahaDist=10.3656117558889 cluster1 intDim=8
4.02126279005985 10.2566318865956 -3.54230674718309 0.00714206493162453 -0.878368050646688 -4.43059694752823 -0.0711133937225304 -2.39932381128078 2.63236179512701 5.29510485067111 -8.91043727892237 -1.39806094793688 6.35250386251995 -9.3132955489317 9.04816413640917 -0.00152412400336011 -9.72450634357102 1.21652896378613 -3.49740240622332 -10.0253645268954 -0.595960586051305 1.86904154791714 1.28172288666126 -1.85351527803178 -1.52653145370848 2.89731493716414 -3.50018368837773 -4.84634831893454 -4.19133619631661 3.91853906438601 3.86882851557188 3.61451189612372 inlier mahaDist=15.2320185788814 cluster1 intDim=8
2.28582341361989 10.2522051890538 -3.25548092012369 -0.723063732428681 -0.160549691048257 -5.27839101582831 0.940190017666589 -2.22101423911513 1.88446110992872 3.61369393106715 -6.44590879405865 -1.86690992253094 6.71292506135276 -9.02092567878146 10.0894230096786 -0.0512793372836817 -8.56791042139024 1.91026011715848 -2.37042936351799 -10.4946003010087 -1.18551433422269 1.18271171918486 2.12592180185153 -2.14158328635646 -1.6574004387605 2.91717114712447 -3.44536806242546 -6.02289764404173 -3.21737588234958 4.96394548076281 3.83873324430348 5.56396577584931 inlier mahaDist=4.89272102634957 cluster1 intDim=8
3.71579353888051 10.2045217934136 -3.17356783716393 0.09068003871299 -0.397898119925979 -4.83895129206617 0.313284810539074 -1.90766842821432 3.33700457405252 4.22563617637264 -7.23050265520458 -2.18184297341603 4.89502206758733 -8.44452419778663 9.6969614911578 0.351522527703876 -8.4829014591309 2.28951528275521 -3.16741083721335 -9.75809879789286 -0.613785249843413 1.24567616104575 0.98809070473555 -2.77834770982439 -1.9981110661386 2.99644040778655 -3.52408775925432 -6.44919506086483 -2.63815511796374 4.27743435023418 4.69121475279471 5.15654582505248 inlier mahaDist=9.25262517258096 cluster1 intDim=8
2.68169781426802 10.2796877359812 -3.20274684059104 -0.701070492465865 -0.684817086633521 -5.01656534204203 1.21450261978389 -2.08873639824187 2.29382368435262 3.99962746156492 -7.03441995538154 -1.97376607670257 6.35982446515944 -9.15749933648578 9.85473416919095 -0.484490544459548 -8.82925557879198 1.76318210313272 -2.84361369690765 -10.9745037986531 -0.957277016767861 1.46448719316736 1.81653807399769 -1.96458118812668 -1.32718585217118 2.57649120629698 -2.95625368095113 -5.36764303112926 -3.77235175132654 4.53967435387049 3.49729233195037 4.82545184156292 inlier mahaDist=2.83149253066767 cluster1 intDim=8
2.4858054878862 9.53130576081187 -3.59717138233544 -0.877215099664915 -0.837756854531876 -4.8981275266401 0.908222988845333 -1.94155269238989 3.45077608720784 3.52138405450957 -7.44807274730337 -2.10414314429212 5.88390340798473 -8.46258529241229 9.86291339125955 -0.621774581553441 -8.7737262623436 2.76493762162683 -2.4482838922598 -10.9355322461584 -0.591345557358534 1.51206745094327 1.87962191656376 -2.34416430890802 -1.83690764058515 2.79347327659282 -3.97277830767427 -5.87712718715866 -2.58243869332093 5.60832024762823 4.18788785519921 5.43391859151921 inlier mahaDist=5.47510760039045 cluster1 intDim=8
2.52925840536019 9.8939478764799 -3.54079607569457 0.221414748286411 -0.423955376956586 -5.49120147274567 -0.332372782637051 -2.20659605562566 2.34503454295402 4.34189719602147 -7.02533188905428 -1.62839768471865 6.59959233713666 -9.17950458410994 10.1854156640774 0.692926901108038 -8.39747631534305 2.44639228824697 -2.87902910913879 -10.0054205363842 -0.906507198765618 0.727726137921217 1.98542670108248 -2.52234502369318 -2.64051507067681 3.59509689011575 -3.62225708761579 -6.45743879023689 -1.98746902960745 5.65324315632973 4.17750186825652 5.97829275761888 inlier mahaDist=12.2416477825325 cluster1 intDim=8
3.00842587924278 9.85586725050137 -4.098670786998 0.408519446086617 0.758927037350456 -5.51227699653132 -0.267915521259548 -2.92859182291949 3.8813035447488 4.13043975376392 -6.59671316604875 -2.19954186388431 6.10242870457597 -9.77566543075079 8.60421273173201 0.580313093357717 -8.93036398518842 1.73224145489864 -4.03687054339956 -9.77295483398482 -1.01077395158905 -0.516176305079889 1.30734706337552 -3.01619384060809 -2.72247627439004 3.147391871323 -4.16060634606841 -5.42349473610592 -2.90351581998945 5.56898186266271 3.61059174388501 4.4418750112118 outlier mahaDist=16.4452770197711 cluster1 intDim=8
3.70334538007474 9.77441686233201 -3.32737979202843 -0.69912587204464 -0.229112629270003 -4.41899573748617 -0.168508295093185 -2.6610976110587 2.60566184080066 4.88035985300362 -8.47023085217853 -1.85831324986354 6.1165959557847 -9.04826894674342 9.93020069251112 -0.170509309310018 -8.74973884757772 1.91406732140325 -3.78098346791285 -10.1494313618506 -1.11038234552821 1.19292404945991 1.52488686318089 -2.65380733347523 -2.35186352943934 3.44894834612963 -3.57436539032103 -5.79243369980495 -2.99146841108099 4.78047224934156 4.82650821202832 5.50655676613643 inlier mahaDist=7.41799048478184 cluster1 intDim=8
3.25478878194303 9.59726157608218 -3.8771063253412 -0.441660254904702 -0.611650619791666 -4.69575588839023 0.141466747400031 -2.68031618332273 3.47787876242457 4.62974810451163 -8.34058778254245 -1.93806252038286 6.23458658275103 -9.34583223853214 9.35154776357076 -0.597461999105686 -9.2739758096301 1.95317096982876 -3.68276755413575 -10.7667322599499 -0.815736800907183 0.84184022160977 1.73295978011132 -2.3254833773772 -2.15814016507754 2.99733792296478 -3.55911678776759 -4.96012967177653 -3.41546154488439 5.62301880141787 3.79737261533107 4.74488449753847 inlier mahaDist=4.8239821368138 cluster1 intDim=8
3.24456801850034 9.96119842159555 -3.47081014299469 -0.016057321348828 -1.00361998542886 -4.87381932824902 0.15374552608121 -2.01199833775236 2.94956001112873 4.49999864180881 -7.89276282521373 -1.75733055007223 5.85328703209327 -8.76265093009329 9.87529522688404 0.0202181059717372 -8.88282309544146 2.30417988894062 -2.88927975660591 -10.2878708500895 -0.566404538731208 1.47114507605703 1.62584556002981 -2.24093638276825 -1.98097159088422 3.08229419958868 -3.4376983016253 -5.92468096074797 -2.81437217204646 5.046259307246 4.19306361089783 5.18163508071589 inlier mahaDist=3.95964717169274 cluster1 intDim=8
3.8360673795797 10.0752477813726 -3.62978357046171 -0.263912969479517 -1.28473255157021 -4.3219056902062 0.573131396973821 -2.15477335913708 3.48111524304143 4.31036787183742 -8.38554740474951 -1.8930919554928 5.15614116476083 -8.10933807961566 9.74310528442536 -0.744440795398651 -9.43305619557089 2.1467976571471 -2.34523329953669 -10.304444231104 -0.455305001214493 1.76330491717584 1.76400948391428 -1.89706803761112 -1.42250932174213 2.66450044515962 -3.35765800934978 -5.69722784532204 -3.75472267854945 5.35075997031796 4.25829989413945 5.10946408283106 inlier mahaDist=7.61914383798492 cluster1 intDim=8
3.19535444206142 10.2654561080077 -3.26221308228838 -0.622793455095268 -0.0456909501522998 -4.81388402575802 0.914193627696231 -2.15792527485268 2.87694986375915 3.57802590993775 -6.83345835270018 -2.15202609741629 5.51956662415648 -8.39325261698701 9.6483073373178 -0.10520051614101 -8.73692929309628 1.97334234932165 -2.49742646705277 -9.9862170620147 -0.911133685789074 1.35858308610458 1.50093818737207 -2.44384724087728 -1.54664508227257 2.73693451063175 -3.81517183508944 -6.19882240956851 -3.31625259516588 4.50311605744505 4.44125746106556 5.1835315175752 inlier mahaDist=3.54759571500951 cluster1 intDim=8
2.05367325565356 10.1892915150649 -3.53032411562942 -1.08236889490811 0.582520736018125 -5.42879535413839 1.67237309737081 -2.80041499308175 2.80085798637753 2.83764349938008 -5.34484925929473 -2.67013141174489 6.15340901376998 -9.15409402856246 9.86615563434892 -0.846132509503618 -8.44071519536932 1.81008227946179 -2.70162332503454 -11.0213307417973 -1.6138436303127 -0.169531914343299 2.33510861200515 -2.46678675433028 -1.70227167376161 2.50756544553001 -3.07675660724304 -5.68289774942335 -3.78746614207788 6.06695159316419 3.32178993488865 5.95905766223797 inlier mahaDist=14.5299266214257 cluster1 intDim=8
3.55147563575974 10.0658509624753 -3.64661041056266 -0.425791076797742 0.350871698779376 -4.7654178171923 0.722422060729141 -2.54249052156351 3.90449660417459 3.84371439259749 -7.12558398971154 -2.38293269828338 5.36857337630025 -8.97249613073224 8.6497415783809 -0.195275102999008 -9.14415939036652 1.61347697983611 -3.55452388272776 -10.053418728034 -0.835195813709833 0.743505605955529 1.0015955361703 -2.71461587455497 -1.72485435229735 2.55181108924215 -4.0754707185107 -5.29915384250586 -3.74104092346976 4.41339031199603 4.02484687425559 4.00716664290682 inlier mahaDist=7.31413762940132 cluster1 intDim=8
3.11574239511136 10.1041251113963 -3.31662471700645 -1.07735244198281 0.0912362562254649 -4.76682982439892 1.41596998430838 -2.63940167935476 3.19628921345858 3.9025332018873 -6.95231785413728 -2.58187500634092 5.78520879112638 -9.39585809795401 9.33698496196228 -0.964873428940436 -8.81109328425044 1.49531479959264 -3.8695730290435 -11.1373474314437 -1.24862568020387 0.636367456592618 1.4288152758098 -2.50244963047397 -1.51573485708642 2.40211964546678 -2.96240313440958 -4.89027087144043 -4.20362485477083 4.59535865782553 3.54362296587035 4.57077174766011 inlier mahaDist=5.73940279447213 cluster1 intDim=8
2.74309599401238 10.4692417018487 -3.28756151585272 -0.424649041060971 0.30245052664732 -5.22444438830749 0.63821317822525 -2.31523381002598 1.93991041640452 3.87432416782609 -6.57594221546281 -1.7201256508898 6.77881124431559 -9.27556686045436 9.31348543841057 0.482699349953712 -8.89547394994354 1.36019304091149 -2.76017807901515 -9.86115062427913 -1.10756447300584 1.28025804946764 1.57179755608668 -2.22803048213857 -1.55663879190526 2.87304962192552 -3.94186419466282 -5.73798897346869 -3.58268969444325 3.94463866323981 3.85642518158653 4.42435057007419 inlier mahaDist=6.79010091671076 cluster1 intDim=8
1.69545945762772 8.74420015225632 -3.8074079257813 -0.192433228739598 -1.12632818250209 -5.69264431787944 0.285191538808619 -1.4958384493689 4.47804464453696 4.03322121776502 -7.43201270471189 -2.23998702565309 6.25236746679402 -9.66147233674356 9.38565147566033 0.046811364367261 -8.23587261935226 3.5499650330813 -4.12389509396303 -11.7197704017306 -0.12066313639408 0.873013848715423 1.18123622861504 -3.05292128025053 -2.88422404538632 3.09551081792343 -4.11740902823952 -5.36346800551787 -0.865755540701174 5.63508644322805 3.57831419914515 4.57209382387629 outlier mahaDist=26.7650076173371 cluster1 intDim=8
2.93226890892739 9.89152179745172 -3.61308754962463 -0.944004152386806 -0.0600700148313867 -4.78367227964588 0.806971681677463 -2.69914380358277 2.94336534870693 4.0223155283189 -7.47129169465744 -2.09741526971305 6.40976524785335 -9.29616586143534 9.36519817041323 -0.668437121868027 -9.10223712200374 1.63994972884438 -3.34681482897931 -10.7755160126846 -1.12811352827313 0.900757905526701 1.78956642652547 -2.29912881398353 -1.74502494212239 2.74715791560055 -3.60593977674022 -5.06143649424312 -3.83320717817868 5.09525393692083 3.74407049729206 4.7398942990561 inlier mahaDist=1.45913217956728 cluster1 intDim=8
3.37354217547153 10.3933342172559 -3.88392721633275 0.442364089659566 0.152470498725336 -5.113464755874 -0.167722488575592 -2.51720286418843 2.97460889793732 3.76693819784551 -6.80333416290326 -1.6772798775774 5.75764483891471 -8.33203618548789 9.3433658326904 0.683631432977364 -9.21542258943711 1.8466539403589 -1.90188267036604 -8.86762954496183 -0.806865686024543 0.76899394348925 1.86435056414973 -2.29484213116947 -1.99305316769295 3.1407647940296 -4.36924503101742 -6.56738604040994 -3.16188781198245 5.53203658822784 4.39179674132832 5.35221918598646 inlier mahaDist=12.0093743089072 cluster1 intDim=8
3.31780679117095 10.2533352039651 -2.99656187951534 -1.04925199835924 0.387686723933265 -4.6764216716921 0.721173764018324 -2.61816824716974 2.08739853436225 4.18245017089487 -7.15416337341275 -2.13855611040925 6.17532027456615 -9.13375910650161 9.85304213942533 -0.189222262229735 -8.5054659628529 1.47906527762893 -3.52950339051232 -10.2285729626762 -1.44146358671759 1.07333512724099 1.48141881504263 -2.6240579532149 -1.81285861482043 3.03221857452267 -3.36017357180894 -5.81463870002752 -3.58841813414301 4.07040791107597 4.48220330270247 5.30053406926289 inlier mahaDist=4.64678442274452 cluster1 intDim=8
3.79464675362617 10.4977324371228 -3.53038900233748 0.139211032893754 -0.548781009437936 -4.78623005073366 0.87006741398995 -2.31636104562929 3.6224116742654 4.05518803026338 -7.03819943524685 -2.32152703331836 4.81268234886658 -8.55332039418123 9.41559541413308 -0.429926491840445 -9.11511251463417 1.74931143580669 -2.86719581292067 -10.1598974429701 -0.728073583450323 0.78864168295508 1.45001471874424 -2.21921555505249 -1.44449984672068 2.44357202588662 -2.89445675668196 -5.66232608537168 -4.06232578575736 5.05942495979999 3.74945061940331 4.8449226606761 inlier mahaDist=5.47456497756128 cluster1 intDim=8
2.99482423864539 9.83815384838252 -3.32651616147366 -1.03961542161003 -0.709724444825895 -4.58868017723572 0.896245813288817 -2.18643355487569 2.82325470437019 3.89867348152735 -7.71326237447495 -2.05785983976125 5.87183504803416 -8.48907612437902 10.1197517296922 -0.740069292470663 -8.7732560570718 2.30218477654753 -2.63804061711389 -10.7667361771999 -0.891283891883813 1.59753302531307 1.89789674206334 -2.24917255345984 -1.67815427054023 2.85933565819903 -3.48931940924864 -5.86946290183122 -3.1755908608928 5.17805176327053 4.39129965719251 5.64327352906894 inlier mahaDist=2.80170730410709 cluster1 intDim=8
3.27137074123248 10.4121825991999 -2.8817005489028 -0.553797459438824 -0.406566646495837 -4.77302472234004 0.375816575214196 -2.12924941223929 1.47583665311598 4.58076566468 -7.569995707506 -1.60322140232994 6.47610447654269 -8.98110926059388 10.1917939384792 0.269509532747383 -8.5904937999312 1.65598953484449 -2.95221520381481 -10.0261401066195 -1.09306323857519 1.83920238066918 1.59775573874784 -2.20117387099441 -1.68995569439306 3.20124336938274 -3.25167237526026 -6.1091242172397 -3.2645043980365 3.79943144675709 4.49054484273049 5.27874236005199 inlier mahaDist=7.97464220541938 cluster1 intDim=8
2.75218105288187 10.0744161441441 -3.59069266432465 -0.443831545691737 -0.977814705607849 -4.97601143223729 1.08246369357731 -2.12848978515737 3.10900156775134 3.6984664674909 -7.09145941965087 -2.09073638003578 5.73950211184546 -8.56447688287217 9.98397058719121 -0.746247124600708 -8.9720286717883 2.26823405793559 -2.24762598088542 -10.8726225838389 -0.747873416228101 1.16891075466154 2.14191574821682 -1.94955639903578 -1.502406775223 2.57952927679773 -3.09058038315816 -5.71455939250649 -3.49677697245255 5.81439881986357 3.62722076753773 5.50242914056777 inlier mahaDist=3.68149055232919 cluster1 intDim=8
3.72261542736957 10.3601391947791 -3.45701628653728 -0.325017554556978 0.0375870202648102 -4.68178770494175 0.628297121064309 -2.65887630986589 3.11662361539762 4.07495613838123 -7.13042409378257 -2.25113457318827 5.32400613421112 -8.70866541629389 9.5387253277558 -0.336277150050764 -8.95674467872201 1.59708897514206 -3.08193024528904 -9.96637736330197 -1.09850112334512 0.680812831543734 1.5605609220789 -2.44330836569081 -1.72375548499815 2.7742025247037 -3.25463556669772 -5.80051086312419 -3.90713911487809 4.98588029904662 4.17859065504553 5.21890235656385 inlier mahaDist=2.81430246281043 cluster1 intDim=8
3.07102712411654 9.68405775359286 -2.88314104230484 -1.89279302710142 -0.00675155853220699 -4.36424267189929 1.09541727120145 -2.54405680840195 2.40064394238217 4.10394918089299 -7.73235758577299 -2.42422972410706 6.07395771207965 -9.01102836948534 10.3427258092177 -1.02768106480568 -8.21257801118689 2.04906372885876 -3.84439083913834 -11.1910698648501 -1.46985327780695 1.29204962150843 1.6213949427291 -2.78658297201685 -1.94619034705382 3.03596918472146 -3.17418933178175 -5.66525567310974 -3.18666912344198 4.51489491048209 4.74450388041145 5.91018337555609 inlier mahaDist=8.26504458004246 cluster1 intDim=8
3.11415189468112 9.62010458162054 -3.67447251318086 -0.764488916135298 0.240536540383845 -4.78615235605511 -0.0864498895881817 -2.97804816358898 2.78487518652347 4.61839101213086 -7.98823139548774 -1.90878085488836 6.78839874160682 -9.68373480941294 9.40211303526509 -0.190637547011211 -8.93106240882759 1.67375749039992 -4.06496601496941 -10.4237215402904 -1.26448026141217 0.582211337929028 1.67058062038103 -2.67755433077877 -2.46786565902491 3.34085724769571 -3.87161286738831 -5.1951932879901 -3.19196052354661 5.1644471714231 4.1616544401489 4.97926876081581 inlier mahaDist=6.57028581868586 cluster1 intDim=8
3.21227314350395 10.0157512903513 -3.02483926095461 -1.07584717065779 0.379703818541717 -4.88046611767336 1.42560476044332 -2.62945227600702 3.42661781860403 4.08287457887814 -6.61350979507716 -3.0070896838009 5.35901472531418 -9.72644786178602 9.49543594258012 -0.87699742752716 -8.17418435919609 1.65687098736627 -4.88303951120006 -11.3786846499232 -1.41879743154542 0.0983216647645417 0.989083020050394 -3.09107057842076 -1.93232210698805 2.52863335172792 -2.49558416018034 -5.00566132065591 -3.71466265651481 4.29261438736405 3.68482769218244 4.81782162338159 inlier mahaDist=13.8994372687855 cluster1 intDim=8
1.77521669958813 9.84858382363671 -3.529715346649 -1.11741020505004 -0.358325416980532 -5.37789151508366 1.46990938721141 -2.36409104161754 2.56636031840065 3.54646777102497 -6.55696872505875 -2.16613915707919 7.0391381584481 -9.7001296000273 9.68144622314956 -0.83658025481312 -8.76955874333174 1.90466479815496 -3.09650376361942 -11.6867744226346 -1.16323903622348 0.812606069076365 2.17409651636072 -2.08134163461422 -1.58922737661593 2.52221359314492 -3.17479934992202 -4.87652281641288 -3.60669498593506 5.41085778776901 2.93146145800733 4.86324489857953 inlier mahaDist=8.42767932324088 cluster1 intDim=8
2.88840859429652 9.51237985908532 -3.85526055665449 -0.719270462247382 -0.0594411561079443 -4.8528499900806 0.391548352157614 -2.54889912100266 3.67321531025924 3.89755233880544 -7.63919719422714 -2.10796565951722 6.14468853259666 -9.05901647483105 9.1470725246417 -0.36922599763039 -9.06190896257148 2.16252911300638 -3.32769288971246 -10.5150492059407 -0.824590134058656 0.857972218860203 1.59058918133835 -2.6193811088081 -2.15569721113579 2.93813687381114 -4.31290161973055 -5.36623948048662 -2.98322189933716 5.42229940437038 4.10318048520004 4.75193431584988 inlier mahaDist=3.5967206100843 cluster1 intDim=8
3.0962138837873 10.1045869703303 -2.74456474049871 -1.5982291957017 -0.540024338130448 -4.43605668381741 1.50360805235846 -2.18581611188935 2.13804838262739 4.10827295026589 -7.55111832528036 -2.29699092539131 5.95911923679335 -8.90325530864841 10.3509140894119 -1.05019827666725 -8.41815779768494 1.85620336466851 -3.36195283554941 -11.2934138507362 -1.25204203057969 1.75086086387073 1.62846016564479 -2.30427221559636 -1.34960768699032 2.66743770440099 -2.69707654624862 -5.52302789844821 -3.74142689420309 4.07640910527395 4.27425670018612 5.45155103917113 inlier mahaDist=7.48704959521187 cluster1 intDim=8
3.8032721719432 10.2701872372514 -3.35332760556744 -1.34423541267388 0.538875657183059 -4.15174775113849 0.969240443198769 -2.72044187692354 2.79301444361108 3.72776935372495 -7.68990384536275 -2.06130566861122 5.836333476075 -8.46849086481796 8.97918859544456 -0.513630409257658 -9.40226477837129 1.16952994495912 -2.78783179612415 -9.74761538663439 -1.14706782922133 1.70893629620366 1.33410857533346 -2.33098472202223 -1.16947084241487 2.58044334219571 -4.42095022107681 -5.4736873483412 -4.44879679122287 3.79452143424113 4.68872902192594 4.29774692945801 inlier mahaDist=10.5404057443604 cluster1 intDim=8
3.64367240598687 10.7290461860928 -3.09676647761249 -0.257668969628923 -0.754690976459706 -4.74864754478675 1.26412962622224 -2.35662613704467 2.59829673706758 4.38681118376642 -7.02276152036123 -2.30475323192977 5.28979105586245 -8.97672380719668 10.0187364699299 -0.78222369518208 -8.84354312397934 1.42964087542172 -3.18193556677764 -10.7848343624253 -1.09603368301154 0.917328493282686 1.6882670718049 -1.97864799845464 -1.21434361941273 2.41870474852344 -1.89544451778747 -5.398128933334 -4.5421405571889 4.69298071500229 3.45447193047684 5.16334545490103 inlier mahaDist=7.65837891403319 cluster1 intDim=8
3.84096898349657 10.2533326520936 -3.49158428470071 -0.660488683166456 -1.07356021033804 -4.20103837460766 0.671205141011826 -2.64683901922249 2.59733750817257 4.602538208755 -8.454990853666 -1.8412845486147 5.74752402684875 -8.53048890206467 10.1336602353854 -1.1212299679613 -9.41702806050055 1.6195543310914 -2.61021363445417 -10.5832985468018 -0.996458355673272 1.48302722540159 2.19928024690128 -1.69715046392226 -1.36855096388521 2.76179184143799 -2.6910368677916 -5.38698847459706 -4.46474999082567 5.51431393093864 4.05125414476296 5.56359587232238 inlier mahaDist=7.86938663190154 cluster1 intDim=8
3.18589567910365 10.130079042205 -2.98617428635555 -0.942666214184096 0.131197974834642 -4.80254844017097 1.15041128259902 -2.21978999959451 2.97991630026462 3.67948959130316 -6.65652339706732 -2.56326149190453 5.27273111215466 -8.69443410035873 9.90376987829605 -0.373604907026418 -8.21921020388879 2.08234965347104 -3.35532687249252 -10.5035198813497 -1.15051853400062 0.966760909629004 1.27925039430942 -2.85242894473382 -1.78844129162798 2.76630452057647 -3.27600918797249 -6.11909123615055 -3.10963500224603 4.3610636747844 4.49294780408751 5.50235428214384 inlier mahaDist=5.31657362975946 cluster1 intDim=8
3.06662371030788 10.0264012788891 -4.00020217710926 -0.310683314582271 0.724713153979428 -5.06113799122314 0.454877922045934 -2.65393363500065 3.686053376367 3.62591809482085 -6.95639015166577 -1.98384652118296 6.30360808047134 -9.28177372438427 8.02668612340872 0.285094815969214 -9.57842150647778 1.33348609283796 -3.1871969071782 -9.68301965329542 -0.778120329968325 0.811970998356991 1.1341550169507 -2.52021581279327 -1.69881552177625 2.59046528973877 -5.00558805605122 -5.03563537283621 -3.79606534774695 4.35350907955231 3.71555059202941 3.23871982401478 inlier mahaDist=14.5117475434456 cluster1 intDim=8
3.08081779121754 10.2311843347049 -3.1892548159061 -0.703904199622845 -0.293980091070446 -4.83504831065289 1.02878769244992 -2.0831611602414 2.6923172887175 3.98207123225556 -7.1984403606012 -2.04405309600276 6.01504244440038 -8.99784086952987 9.40102778224811 -0.204362010291696 -8.88365122726593 1.70584453818091 -3.0924282593082 -10.4960876610528 -0.851298159474921 1.5933509057812 1.31268392525787 -2.27967550152479 -1.38884144409069 2.59883819847855 -3.5633914021347 -5.4658192447139 -3.63329743376599 3.91331890526846 3.94749844814768 4.34173760529971 inlier mahaDist=3.03928448238515 cluster1 intDim=8
2.91627949020372 10.4193251307998 -3.01106548715549 0.245605674373945 -1.05698130217649 -5.31740231617511 0.57921180771988 -1.74484315551285 2.31072169246026 4.18425900869359 -6.57120123007318 -2.03058061635283 5.43414872593028 -8.59213384384173 10.8102332238085 0.175956514690771 -8.07187657075406 2.54092327140795 -2.52451222276916 -10.3886767724294 -0.835230121083386 1.03831762374011 1.88701788723862 -2.30872047255683 -1.98059006640316 3.10133592731631 -2.36083905979675 -6.77052954289959 -2.50379969326579 5.2726193225046 4.095719918281 6.43250037099897 inlier mahaDist=12.967813984868 cluster1 intDim=8
2.92528612039533 10.1710817773987 -3.20680636783847 -1.05464047564358 -1.14201179053785 -4.55261180018158 1.19068863046181 -1.99350249522315 2.11032532720222 4.19281406138954 -8.03458389627544 -1.66041371993737 6.54964029207299 -8.82606311790172 9.87874889455217 -0.773407996707294 -9.24503850178346 1.73847592922854 -2.45028684105565 -10.9961769620567 -0.770324498652572 2.3512930822115 1.91196739452376 -1.60770863478079 -1.00525924949328 2.54641917342907 -3.26463010178876 -5.19246249554952 -4.04528626055464 4.28994257636526 3.78659930487883 4.59051068605766 inlier mahaDist=7.6906176977307 cluster1 intDim=8
3.0199723623999 10.6054893854424 -3.28124472181689 -0.119892269766953 -0.700703418042256 -5.04162261702608 0.697109800259845 -2.10083141538597 1.90898506890827 4.25048683299147 -7.14585649793413 -1.57529549642107 6.4490139819462 -8.98296918105024 9.78142295429588 0.0876473021392112 -9.10175583755117 1.51341447660879 -2.36045660118067 -10.1678566126005 -0.863704361962692 1.63436193361775 1.87063084612642 -1.73645238938294 -1.28851267959345 2.75505949960858 -3.14740998307944 -5.68794792483647 -3.89377456447596 4.39710709252639 3.63294013471543 4.74272518564127 inlier mahaDist=4.97142748862565 cluster1 intDim=8
2.79332638619965 10.0652543661032 -3.1922164974886 -0.449657868824642 -0.0123272983428787 -5.30927212411761 0.71787576019294 -2.68372188061302 2.59879432434352 4.56658409792071 -6.668720625907 -2.46511486668966 6.25211584929191 -10.1249958709829 9.97992264666923 -0.385964953810432 -8.16296832534174 1.71063751977691 -4.60163768938092 -11.2586402458586 -1.46769146274708 -0.119696426375704 1.59464749371076 -2.76115663874141 -2.32832078762162 3.0013760201978 -2.17011170690261 -5.19413899869154 -3.32917743421108 5.07346992117118 3.34010392600595 5.40006451435892 inlier mahaDist=11.3363476450432 cluster1 intDim=8
3.01878909724978 9.76064675690732 -3.60415963533421 -1.38704885853225 0.485899724525497 -4.55462851720058 0.466003720571674 -3.02886047688102 2.47948592660657 4.10898431759843 -7.85851263643603 -1.89424988459629 6.96039016074373 -9.36458112218772 9.28462447859301 -0.518307918913584 -9.17672804684673 1.39238966953862 -3.44798552974722 -10.4005962231533 -1.38917113103612 1.05102244603702 1.82538407870215 -2.42745633774068 -1.91553187537939 3.05212374950445 -4.23465781572253 -5.1120286898298 -3.81188428029328 4.81998316021704 4.25008996643657 4.78892229327937 inlier mahaDist=5.31672552166463 cluster1 intDim=8
3.41476595205784 10.0198998844175 -3.69734348479026 0.165067071854372 -1.632089127049 -4.73796732440235 0.567552662292304 -1.77779970647625 3.64310829763329 4.51866727929957 -8.29620424662964 -1.7516839002408 5.569815837408 -8.71962345338428 9.28173372718478 -0.393886247314871 -9.51831753706755 2.1640229944247 -2.74863378600503 -10.6656862895676 -0.109748300602514 1.8906060048881 1.44598956385235 -1.79929328460373 -1.38685247402362 2.50644221537936 -3.3614077659094 -5.15174977462104 -3.55915527467316 4.85615413099399 3.55236246734152 4.0170435532084 inlier mahaDist=9.24495868739456 cluster1 intDim=8
3.28129451640363 10.2428604883669 -3.40349847388471 -0.118778394708826 0.1092440655035 -5.12005979548861 0.640743355627207 -2.48417564206484 3.22182692675768 4.25844407103569 -6.78480556479012 -2.33457122483803 5.70995770566755 -9.50466331826211 9.199636488966 -0.0204120005831923 -8.71796463794262 1.58786748630368 -3.94623316573488 -10.4015697397473 -1.03137244113757 0.401448656734924 1.17718166952986 -2.66902467573279 -1.93651421299644 2.7395299730163 -3.13020594540582 -5.33508992170529 -3.57019836381949 4.49354217146437 3.62354770834103 4.46336209695242 inlier mahaDist=5.00086509519025 cluster1 intDim=8
3.41629372754013 10.6687633031478 -2.85913546113509 -0.866973238328983 -0.161856946984232 -4.6857882376532 1.7127410026823 -2.10562702722004 2.65997857708358 3.57006627217536 -6.45638666870988 -2.51170199421755 5.06243521353066 -8.45924165388346 9.87679257825449 -0.634477687561233 -8.56123926895475 1.6351507921395 -2.75909251490244 -10.5016458068632 -1.11050234992679 1.34469153149402 1.38724130990953 -2.3131497809703 -1.02589389083221 2.30485921842195 -2.77575851824538 -5.92162297661999 -4.1427652810223 3.97329007906018 4.09210234519291 5.13485787934392 inlier mahaDist=8.16374338042611 cluster1 intDim=8
3.30299242898868 9.7770565715056 -3.70873055094245 -1.89125466988011 -0.0881192483955052 -3.97281871992028 1.16050300017372 -2.79898176150535 2.95994389728459 3.60350375259521 -8.43361301390837 -1.90385764724108 6.39211879424178 -8.40864025085189 9.15839258539788 -1.32534408827238 -9.79473498592641 1.48293283860991 -2.35839345977651 -10.5489882625342 -1.04046992149961 2.01838319361606 1.9820402417224 -1.90617736775647 -1.07178366561729 2.49617743959822 -4.55641282651841 -4.96742214544403 -4.5587739426193 4.8607495655741 4.40695464637252 4.51349460428796 inlier mahaDist=11.8806003150012 cluster1 intDim=8
2.23321370726758 9.49600668447043 -4.04607067744148 -1.13037529158652 0.380409503443435 -5.07567538111483 1.0862614067887 -2.63684526471464 3.99441309580321 2.5733729126332 -6.36230663267252 -2.49751461983171 5.7810302396848 -8.3379059821635 9.42137883926911 -0.769161802577287 -8.86504137084915 2.55851020302177 -2.13855873774103 -10.5299560443602 -1.02759204999143 0.38438166399461 2.19830749898322 -2.66137135347865 -2.0131049204066 2.70150690776232 -4.63281032577387 -6.01281039725305 -2.87886610609585 6.62958924025005 4.16364436495847 5.83470302537706 inlier mahaDist=14.4440271010686 cluster1 intDim=8
2.00339478460465 10.6304581576382 -3.55297700315272 -0.251009824193221 0.320504585276987 -5.70335131863583 0.975234467906269 -2.31313725159704 1.80000248873211 3.17899192903229 -5.58043684119577 -1.68051594872037 7.08346947370102 -9.17078761071837 9.41164212380557 0.463581129015446 -8.97844508648949 1.43349970195176 -1.79163488466792 -9.92284426972668 -1.15815149550426 0.928478872745049 2.19478576308803 -1.89434276409481 -1.37255842138633 2.68806211117179 -3.94382654707289 -5.90315414812016 -3.70664896024899 4.87079846497152 3.27794390840792 4.79579299272937 inlier mahaDist=12.9923307193305 cluster1 intDim=8
3.15200575756548 10.0811407230628 -3.55755569264944 -0.763941231949429 -0.663716635386606 -4.58617965570492 0.735550840251368 -2.34360563584968 2.60609914051996 4.22940047386373 -8.06391114740611 -1.6646326997846 6.50713500097844 -8.94813577696021 9.352409876329 -0.519641717611675 -9.49389809124783 1.57581002062986 -2.68802687236323 -10.5184525711242 -0.782083422864924 1.84251063692163 1.7902676662447 -1.81869643693974 -1.30492382402577 2.6622601185615 -3.76996021677808 -5.09352175163901 -4.05751520471225 4.57986640622031 3.82444050297465 4.30000897901349 inlier mahaDist=4.2505924749967 cluster1 intDim=8
2.01803346815427 9.81314041391552 -3.38446365884624 -0.896211959216666 -1.02480089255818 -5.24521686579694 1.2656583296374 -2.10633591239135 2.5094110004276 3.95105906271576 -7.06902907144274 -2.07380091931163 6.72684100358192 -9.4702730621368 10.1883237464382 -0.879640199051926 -8.61926111450453 2.24738563937116 -3.06235721831697 -11.797858827935 -0.979366960303544 1.1091662647718 2.20762694218532 -2.00332793257485 -1.68902874525897 2.67923980741926 -2.70895900806126 -5.14703080810506 -3.26522417211771 5.54937221431876 3.1492114737281 5.34162908615456 inlier mahaDist=7.21547021823571 cluster1 intDim=8
2.52338153297746 9.83414681053634 -3.71034141504181 0.247749586745013 -1.11915228265021 -5.46483898634779 0.395040279407615 -2.07026670850503 3.22190071395098 4.66297164913143 -7.43983037772745 -1.88284469205749 6.52333910102739 -9.92178970268399 9.40670251029017 -0.103900170487173 -8.94050657120842 2.11214677052889 -3.78477774802223 -11.2417298473048 -0.558521684193773 0.769727598381779 1.60922142834396 -2.1626499955971 -2.07121024547941 2.81381158046721 -2.90645697267211 -4.84020475847358 -3.04710549652922 5.27492398779389 2.86362512355593 4.25431150172733 inlier mahaDist=8.59005878504251 cluster1 intDim=8
3.60775348857559 10.2277548136164 -3.36661220643563 -0.59152321346705 -0.535607265035654 -4.51124492979716 0.457430761582477 -2.69141619088565 2.34049970084049 4.80459783548679 -8.12880238308775 -1.83301153709931 6.2715656618169 -9.25325153471934 9.78791000792676 -0.579202588286399 -9.16264244418565 1.37857886538523 -3.44133197756228 -10.5362998044879 -1.14154175988694 1.20793320708855 1.7975884636719 -2.03835791228127 -1.66031508310761 2.92305674345289 -2.87392261498971 -5.16535547388799 -4.17683193816929 4.76248150396184 3.90238705232686 4.96635193614993 inlier mahaDist=4.18026795821092 cluster1 intDim=8
2.50850635521522 10.6652445713427 -3.16091846863072 -0.874697740436357 0.577602233534152 -5.17156950706642 0.78050168781911 -2.49473324473633 0.909199479801741 3.9328093848288 -6.65956054590808 -1.37641343476375 7.78754940096036 -9.63893006867742 9.21469540659737 0.51332243116997 -9.14088193398179 0.747196670798565 -2.62156805635954 -9.85669834723978 -1.38485132899957 1.69712106685089 1.77292682068861 -1.88121559863578 -1.20140169351898 2.85227919732201 -4.11262985684768 -5.35703362968523 -4.22317709957018 3.28957599056606 3.67484476172932 3.97238943735056 outlier mahaDist=19.1007557956142 cluster1 intDim=8
2.63975023664963 10.2935724012966 -3.37702142552534 -0.626504073071657 0.154621233383435 -5.11460357498873 0.568827342095315 -2.41700146151492 1.91231812650872 3.67270147239783 -6.68022745447715 -1.72577764516254 6.67778407177797 -8.83791147491377 9.8523436862084 0.199467738284127 -8.78737264120871 1.73406758295796 -2.23903107221684 -9.8867280247894 -1.19980045081161 1.21058182400192 2.05462322695986 -2.1989808857213 -1.732787615469 3.0628922542523 -3.93426612675404 -6.18570571929886 -3.28711173613235 4.87631390528666 4.19758605918222 5.47539581444893 inlier mahaDist=5.14128711779826 cluster1 intDim=8
2.55128528756131 9.80502947704278 -4.25043507180169 0.318567431726165 -0.657416134042491 -5.36101471407796 0.156169749365116 -2.20912240651899 3.7302915565232 3.6688959458951 -7.1467347572885 -1.70155042691406 6.18742285668849 -8.74513593815749 9.09946136256792 0.140847560919518 -9.43717055252569 2.36337724503492 -2.08131318239098 -10.0655898286357 -0.383053916774221 0.889821658797729 2.0213364578776 -2.06809176079481 -1.98496454630611 2.85046981717822 -4.39302724686279 -5.71009807932527 -2.87759770823943 6.21078784470823 3.54586066252713 4.72782850810387 inlier mahaDist=9.15672776136933 cluster1 intDim=8
2.32578497423372 9.39833277803982 -3.72647525612079 -1.24165967070976 1.131075444281 -5.16638731783595 0.575374818453298 -2.77840764311538 3.47903555312593 3.25812700035002 -6.57997230644794 -2.40595859911042 6.51839363366445 -9.36124155698602 8.96264633804048 -0.051056038708001 -8.54558348903887 2.09250332513021 -3.67337735525973 -10.3752934056172 -1.27112298761115 0.303169522039534 1.43587369559998 -3.21380897362627 -2.46498138050884 3.07015323943397 -4.92714025784716 -5.62079965069656 -2.54177640461299 5.10790329065752 4.33556930796931 4.89854591392648 inlier mahaDist=12.4934348831795 cluster1 intDim=8
2.8989824490502 9.86139276000673 -3.68564966039128 0.0699627226315083 -0.957879381030213 -5.16069070999455 0.23940234802749 -2.32404262782157 3.1179959769662 4.61292047184779 -7.61460516785522 -1.9280257141655 6.17936544606376 -9.4307657673147 9.80198932407282 -0.274398897521264 -8.87809512936591 2.16806339794641 -3.46209663740463 -10.884966210721 -0.761485102642988 0.682876347922398 1.8538432460132 -2.23438727847758 -2.18161458146759 3.01193569344638 -2.89784556666382 -5.33482808139584 -3.06652239735676 5.72945903432337 3.44669394109984 5.14947226117515 inlier mahaDist=4.26715536207866 cluster1 intDim=8
3.05985796363743 9.73438939974982 -4.0815046125651 0.115379193036116 0.645473324095363 -5.27216444006033 -0.387909314125483 -3.05209341708758 3.65560454265386 3.92865819566235 -6.76620610465209 -2.18795730142172 5.87729501416966 -9.10173772917832 9.38597005696146 0.298503138276888 -8.72978230485912 2.13947709822747 -3.34228736390045 -9.61869857425485 -1.18171630244289 -0.483515957440264 1.85612405412269 -3.01018529217136 -2.9096631701169 3.44141854791553 -4.13039683667038 -6.16692922846314 -2.55584898906736 6.49899079356375 4.2683797392928 5.8866055624204 outlier mahaDist=16.0116525238641 cluster1 intDim=8
2.67679240203691 9.74845703345637 -3.6781844097698 -0.87146517755941 -0.633334938426735 -4.82782450928562 1.07227167453909 -2.09522777550634 3.42644031696157 3.69729220762067 -7.59603424475254 -2.0052384601387 6.21329202713491 -8.90907006887349 9.12034975093989 -0.63298497713835 -9.28386484154125 2.07315041507269 -2.78302360851829 -10.9235039422938 -0.576393296203988 1.64288489540667 1.60140146696167 -2.11398879842762 -1.42163272342486 2.46769472550346 -4.08814164975477 -5.06812237146397 -3.50152790683282 4.82764709296023 3.68150737132465 4.14130435697884 inlier mahaDist=4.02530897830029 cluster1 intDim=8
2.64643348996885 9.69187203110997 -3.54241264838836 -0.945120010278615 -0.613354346653142 -4.78922934677241 0.386863706490367 -2.35944155059906 2.31305873066156 4.36959422821178 -8.16819084438972 -1.56067944620773 7.12828121445579 -9.30469754799334 9.66887712527991 -0.339666232576978 -9.12730152811192 1.9157360918943 -3.03786120648819 -10.7758304944832 -0.901681335732169 1.70190588342803 1.94211855075487 -2.0590345308229 -1.84367228676173 3.07589458057694 -3.92567686317001 -5.21788882993747 -3.23271640520994 4.88144609829024 3.96882467413942 4.7678455426996 inlier mahaDist=4.34864793033521 cluster1 intDim=8
3.92956740998626 10.2632548262521 -3.47012068428563 -1.02656475417968 0.551294832882958 -4.2678278002477 0.794572798405823 -2.93336863373976 3.07184550603088 3.9878745228662 -7.61414411538911 -2.2141686228035 5.66472935560214 -8.77215879371649 8.98000015576878 -0.569923765026666 -9.33890020086877 1.12756976292909 -3.28288278778891 -9.87709729966993 -1.23080668771431 1.0816547666572 1.34128384359174 -2.4520930347069 -1.43812002920928 2.63305613385337 -3.95832424251265 -5.30092238173923 -4.49994948073105 4.24581881882627 4.41264995914882 4.4342940257432 inlier mahaDist=7.50318778623449 cluster1 intDim=8
3.41396360077665 9.99634876736939 -3.01120724269645 -1.2642936569213 0.496730414744003 -4.51984464585283 0.794695019045065 -2.49035788524201 2.72441985218411 3.86472963770918 -7.20986451192534 -2.37245453501436 5.63874082388683 -8.71839207440175 9.75822858318331 -0.275039290283132 -8.37756274980368 1.86797573294603 -3.50253492702861 -10.161034856962 -1.29379392968729 1.17015758418922 1.23550471838146 -2.94459351723993 -1.91928547450776 3.01011762821652 -3.82745858875744 -6.08782340485188 -3.14000525195201 4.08328319812045 4.95171541990508 5.4098804886283 inlier mahaDist=6.45294291932754 cluster1 intDim=8
2.85762466099434 10.7006678245004 -3.13688822600839 0.178749212440403 0.0136753809129694 -5.48522411656958 0.172751566833853 -2.51934300485098 1.28410276815804 4.65161418885602 -6.49031988678267 -1.65060735817061 6.92088520594731 -9.80501369819224 10.0542931631511 0.64563504410886 -8.50210437822363 1.27040823310861 -3.30968413293533 -10.0064645461441 -1.40369245346021 0.568335202354141 1.8837834237279 -2.20051483611309 -2.01197045665332 3.25880372807649 -2.64959400032091 -5.87473125662459 -3.49681392559894 4.51182077486614 3.54171877251639 5.32847703045907 inlier mahaDist=11.5956577722095 cluster1 intDim=8
3.23225490819052 9.93572448867695 -3.2828430101883 -0.429923875220797 -0.605249049845296 -4.77397737063517 -0.0174608756274317 -2.3525569480441 2.19740134764481 4.87409228577257 -8.14408329947765 -1.64594171212394 6.55445961683582 -9.28895070524199 10.0002675219258 0.0344484225399404 -8.75648145021249 1.91016544982898 -3.49591706754985 -10.3789575177953 -0.974412083086049 1.39957503920074 1.66591560049708 -2.33271870814877 -2.14985182114142 3.34037773591653 -3.33034381382846 -5.67868610061984 -2.98453183546042 4.64871085958474 4.29249584503384 5.23109817575971 inlier mahaDist=5.1362365129329 cluster1 intDim=8
3.08123190082935 10.3742672403182 -3.31438713218067 -0.712524241472729 -0.704343053687782 -4.73013426590843 1.07954423545925 -2.26515145755994 2.24540582562857 4.26205707746799 -7.6119100040617 -1.77254321895447 6.48704560111574 -9.16122158790121 9.52663474400205 -0.562464207539514 -9.30367009388707 1.37015142000721 -2.8236581597236 -10.7528716158732 -0.915106977619215 1.74174622332854 1.77177941182968 -1.72899312529904 -1.09524631610623 2.50222433348746 -3.13460940629916 -5.00917392861876 -4.37147153414252 4.26252132585642 3.4878877595915 4.28439213125551 inlier mahaDist=5.51483085593354 cluster1 intDim=8
3.76370709156412 10.2057901772074 -3.42011193891559 -0.71706481400817 0.105066956879992 -4.4432181814564 0.250521893079407 -3.01603703956574 2.398699416426 4.52474833441024 -7.82813519514584 -1.97327805101879 6.04498348346876 -8.96691221559971 9.86998930323575 -0.460127151133613 -8.99704488800452 1.39994312033684 -3.31152568228991 -10.0193523012488 -1.40680808804546 0.783793891979521 1.88300372132943 -2.36309730883249 -1.94667304893291 3.1484394463464 -3.23193821534267 -5.67762015529268 -3.97731425156241 5.12317692366985 4.43153193233954 5.63172637043081 inlier mahaDist=4.3791270447966 cluster1 intDim=8
2.53910286989542 9.74276654772179 -3.91926343648788 -0.343934405385432 -0.100478949967571 -5.32418647766581 0.637214918910743 -2.78539187514462 3.55614091198568 3.98278268477618 -6.82893482874099 -2.34150312827323 6.26632258332207 -9.69701263129101 9.37040675844492 -0.581591417101346 -8.86858085478986 1.95746165367939 -3.71477181817697 -11.0770511745785 -1.10677235470783 -0.136119513269833 1.93215063067742 -2.51253089699141 -2.24709467302563 2.80449399847941 -3.18621566601558 -5.0125592283993 -3.38322004869548 6.16750035249735 3.1512349871735 5.06086924594793 inlier mahaDist=7.25211102617771 cluster1 intDim=8
2.42530736190012 10.2955001101147 -3.99775273194526 -0.43390494202853 0.72086059945859 -5.39450181200627 0.579887720825628 -3.17598594753637 2.40995685748195 3.50656563287087 -6.18562363673013 -1.89738650456702 7.04251939921632 -9.47802665334683 9.22111905174165 -0.120975067196393 -9.26410979605681 1.20110424084243 -2.54700171060253 -10.0519430581836 -1.49919838097989 -0.0217414809834689 2.43332991578005 -2.10724765968305 -1.84693102288223 2.86038101514423 -3.84820877075421 -5.37388851034173 -4.14413470362752 5.9935258611546 3.25903523518972 5.1274474565719 inlier mahaDist=10.7143508321295 cluster1 intDim=8
2.6854254469105 9.62898261896536 -4.24921168750992 -0.627684308435635 0.218029050840469 -4.94180968485719 0.172553199168345 -2.8560571830144 3.35733456830981 3.67196009117508 -7.5779068444613 -1.71512967031273 6.83431039407222 -9.04916222334089 8.7917458750594 -0.188767324984812 -9.6339161692345 1.78242797527296 -2.58021047206728 -10.0311183728384 -0.885552596991754 0.858408606921106 2.03522606439169 -2.2300947628355 -1.99362568532247 2.95077821217807 -4.9467289111805 -5.24156827267548 -3.45356497294332 5.82826314778863 3.88377342076967 4.49928947679192 inlier mahaDist=7.87776209841974 cluster1 intDim=8
2.7994789569289 9.39161697744872 -3.42347633335068 -1.62308495366835 0.506611770920926 -4.57959460091593 0.721636917814054 -2.39051987956312 3.29444855699741 3.43032781263234 -7.53461005702383 -2.22917534222218 6.16865180791089 -8.68411886138285 9.26728279833867 -0.318196951449727 -8.67157715468212 2.27406793659526 -3.23222512957748 -10.3525913992082 -1.00161018105853 1.48275999438372 1.29679135383641 -2.97951343123656 -2.0482653763397 3.00935902984773 -5.01893478534425 -5.83285983481044 -2.59195116698332 4.43293535613466 4.97953545943737 4.91104262650564 inlier mahaDist=9.31571181471921 cluster1 intDim=8
3.30609009370377 9.61893542944933 -3.87201461946086 -0.07688575499707 -0.682406471644674 -4.81812013764057 -0.0554849334323553 -2.42738666547328 3.70682651334095 4.49458518133984 -8.11887552060484 -1.93473707349399 5.82999000813023 -8.99241302383528 9.42742706858699 -0.22166079061769 -9.10941044385716 2.28864232110247 -3.37367001995238 -10.3848696784763 -0.613827024785122 0.878470396890387 1.60987188914154 -2.46955286945782 -2.30191978136383 3.10097932417767 -3.76624943968134 -5.50469431763093 -2.86884384753999 5.68088739964745 4.0819824274818 4.98601549662775 inlier mahaDist=5.22277490560492 cluster1 intDim=8
2.58971951057227 9.55927164867304 -4.04415978232409 -0.818748842102148 -0.0896288228887542 -4.95588003976096 0.58235352447346 -2.79360289149604 3.46807454960732 3.82848853438551 -7.51995074524914 -2.04263131383331 6.61850804281155 -9.33804510178156 9.11811491383592 -0.683795975814528 -9.31200434894948 1.90679107771214 -3.18197615345748 -10.8382886805909 -0.979780072611304 0.626748293509943 2.00368078003266 -2.30531243189417 -1.99939034139446 2.80227823235248 -4.08336255635692 -4.93560459976706 -3.52090692828389 5.91845070597456 3.55801091671282 4.70798313772378 inlier mahaDist=4.46834321173053 cluster1 intDim=8
2.53025397272555 9.82178468238456 -3.83061228971412 -1.19421084668437 -0.536639037392956 -4.71424939896336 0.826569249125957 -2.81471616009212 2.37773642554476 3.856333230173 -7.77118731170789 -1.73710818346017 7.00511026620055 -8.97962176924494 9.92340365174913 -1.08102154554889 -9.39087841621081 1.7734916163565 -2.2945179594492 -10.9628976246053 -1.20045970869774 1.18434761909746 2.70658832677283 -1.71889192520698 -1.5873363924045 2.83864717506198 -3.56993785586019 -5.17432069497883 -4.02387693581891 6.18692987462136 3.65393130808366 5.56231016724629 inlier mahaDist=6.96497648341765 cluster1 intDim=8
3.40125129115615 10.2388684181492 -3.0409086093999 -0.642363506375255 -0.536184056582379 -4.68677524218887 0.698933298502972 -2.41520215149571 2.30177989377728 4.48539649857226 -7.44929017580748 -2.15061033186676 5.74597614220409 -8.94528749689408 10.4208501471286 -0.528587911719237 -8.45478557230559 1.88643487662012 -3.3483354065209 -10.6574088085157 -1.22830568469072 1.02296857306169 1.78847331679214 -2.36812676566264 -1.85654840299595 3.02068646070976 -2.49323650164256 -5.90008763056139 -3.47261669761288 4.90993916281384 4.23215123964649 5.93636568333713 inlier mahaDist=4.29639095565651 cluster1 intDim=8
2.66744870637657 10.0498346111821 -3.4775958236479 -0.639510466603784 -0.711022290201315 -5.055737611822 1.10641055931184 -2.45683811485856 2.77595443193588 4.1628162939657 -7.13856579779737 -2.19000813583389 6.28818939182996 -9.4648177434872 9.8907313023345 -0.893774594609898 -8.84900575095965 1.82858272538194 -3.33797392282852 -11.3896883652045 -1.09092042114629 0.715789391334682 2.03847438439937 -2.0661714529451 -1.66316072657121 2.61753811170847 -2.54846134545341 -5.01700247141033 -3.85552424147249 5.50690221730539 3.16794595931072 5.150643963651 inlier mahaDist=4.18537288205483 cluster1 intDim=8
2.6997966863428 9.88217898992938 -3.32354818586077 -1.57515950565249 0.138661974619889 -4.6653049536888 1.38963362808151 -2.42736164949876 2.82167037679096 3.36228802212751 -7.07175784874025 -2.28241874792524 6.19249666623262 -8.7827576206175 9.54810228299952 -0.820794736530375 -8.82858350812551 1.86597659633563 -2.84588530654251 -10.8199595062956 -1.16469525794268 1.38881292046839 1.72268449077642 -2.4103187823977 -1.44505029103578 2.58378111479693 -3.96678007139474 -5.48222782201083 -3.64281499067785 4.64269999923834 4.19345650453162 4.9876576776087 inlier mahaDist=3.33368591214484 cluster1 intDim=8
2.9909061708185 10.5037995998814 -3.35612812922686 -0.576137044468013 -0.391850640991887 -4.91530539549727 1.15871647705182 -2.47662287375828 2.36644886835985 3.62763590573772 -6.58352796614368 -2.13756068838224 5.75386297080139 -8.50708197346508 10.2714056564727 -0.667997678959996 -8.80698278003844 1.79139986960063 -2.10604226139074 -10.4405611782058 -1.22981114812363 0.875065760448053 2.32091960797603 -1.96343709280365 -1.40514395598164 2.66791150535088 -2.77265362203959 -6.05564247388212 -3.99171036547751 5.64567402602551 3.8359201165713 6.0659516113652 inlier mahaDist=5.92222957672028 cluster1 intDim=8
3.1020342149599 9.9968614292512 -3.4764286423651 -0.234162507429931 -1.56128630307579 -4.86253472986417 1.0286453954461 -2.08461283534833 3.36543417338706 4.50104640054394 -7.74988076079141 -2.21317635221323 5.53892156215401 -9.09950184725158 10.0377080589391 -1.05851075016337 -8.92899307204105 2.22160015690101 -3.30875937570368 -11.5392438756972 -0.645238519332075 1.05709464305996 1.85201131873518 -1.95865745655398 -1.60223984166286 2.52147206469081 -2.16255052640467 -5.06973921826029 -3.6813436523788 5.62093309449607 3.22630005562492 5.13383305388964 inlier mahaDist=7.7028890285394 cluster1 intDim=8
3.46342650737759 10.0415084158286 -3.25533953149293 -0.774506037971668 -0.667248997232608 -4.47088418011659 0.833231793609971 -2.10709114114665 3.01307894663803 4.07024643450766 -7.81625565668598 -2.07189413548715 5.48151342675621 -8.40985746251663 9.81154657177484 -0.534773066620412 -8.90128036733241 2.09627379554762 -2.793857890655 -10.4274596629279 -0.755050678496623 1.73722681541273 1.50495261713375 -2.28844610428046 -1.52769769769891 2.75103006965424 -3.51690097045477 -5.83799040357318 -3.40457762662996 4.56893553476884 4.47541466052133 5.12343234599971 inlier mahaDist=3.03417091343685 cluster1 intDim=8
2.72745736145424 9.54434729307768 -3.42412082889085 -1.39818012183474 -0.752280497521508 -4.56754973554248 1.10445444291894 -2.23902088479942 3.07753793750062 3.95503937276714 -8.00604641228308 -2.13070402969785 6.25209142861738 -8.93847516181446 9.7935941754005 -1.07867918090872 -8.91009697477127 2.24896968620723 -3.16994061833507 -11.3801889205566 -0.864383584805665 1.62571675764923 1.7977270104117 -2.25521681210812 -1.64927750200551 2.703084831286 -3.5814514207331 -5.16621505807364 -3.31821726514306 5.06512592981517 4.03010430874271 5.01870684015982 inlier mahaDist=3.72414326123585 cluster1 intDim=8
2.97220684823475 10.2444859208749 -3.01328162415078 -0.793972324825478 -0.622934452256231 -4.8091752540108 1.22833045258125 -1.79092993260955 2.57761879619278 3.74477604268396 -7.06025968441464 -2.08693461205722 5.69842686942888 -8.51281434913243 9.92090609872548 -0.302213709071949 -8.62083119107536 2.1088490315752 -2.56001872979139 -10.5641472833456 -0.776202509801483 1.88045933959499 1.47961689838482 -2.23524131061185 -1.31330876203997 2.61365148034676 -3.39952177327822 -5.99199678667872 -3.2797597106979 4.10896376348193 4.23027182752668 5.02561873331036 inlier mahaDist=4.28124721491691 cluster1 intDim=8
1.94751113306853 9.67125121729213 -4.14425646857269 -1.07806909120452 -0.621240413441393 -5.03896510009438 1.05420443160632 -2.55775651470182 2.86416743915579 3.38846897682471 -7.44531566602246 -1.66813880434258 7.29308447832651 -9.07455531439401 9.32211840340924 -0.969024798795501 -9.69463868879031 1.90794179451527 -1.94072257991825 -11.1298421688872 -0.859927361905057 1.32681070803745 2.66143982924165 -1.56643502567701 -1.3914740679615 2.54114123963208 -4.20119583663324 -4.8307056233952 -3.93068468752455 6.23304716391636 3.13814266526295 4.70008883235227 inlier mahaDist=11.3596484279761 cluster1 intDim=8
2.99377713408143 9.8909829869385 -3.78260068030782 -0.913291488156993 -0.822507493291326 -4.6071479314298 0.90923470858453 -2.82147863052147 2.90522292973611 4.20837090494495 -7.93411610880216 -2.02558545943389 6.32354733416935 -9.07833651545866 9.91884603792472 -1.35842340149711 -9.34336321787374 1.76258660462026 -2.89138368002433 -11.2415786778479 -1.12420330995241 0.87092225517346 2.44772684347939 -1.81153009904083 -1.60222979252962 2.67932479217228 -2.84507133702158 -4.91898368023813 -4.27166611530738 6.22469235813574 3.44273876862886 5.4675320250391 inlier mahaDist=6.62251990239391 cluster1 intDim=8
2.69745070772151 9.66509150393781 -3.61090588211444 -0.443350865976372 -0.886801001809297 -5.05891209278317 0.355523210583315 -2.53123603278198 2.82482327773986 4.71916973813712 -7.84273207603926 -1.97503380479159 6.60680749964022 -9.73203015879038 10.0177916783127 -0.639309199019335 -8.76554410840504 2.11178946195437 -3.83225961763414 -11.3614962042591 -1.01815692355892 0.61939708531586 2.03446174640946 -2.26441143060687 -2.27556468874219 3.09349937455505 -2.71356832917717 -5.0499966385022 -3.14388526156997 5.84677965162686 3.41461565907079 5.37912467690047 inlier mahaDist=6.66654327500323 cluster1 intDim=8
3.25960766005633 10.1995741580243 -3.05231453994432 -0.847514959878895 0.181084742407114 -4.77402549214109 1.01128891967686 -2.27087285607186 2.90903480391646 3.50951350357023 -6.55196952063795 -2.49579086558271 5.12147588715087 -8.31534811603863 10.099537714846 -0.285883939170284 -8.23091867672632 2.18387267945215 -2.8346544317861 -10.1361876015123 -1.17618041249589 0.940000080705795 1.50211334569274 -2.8117835222727 -1.82897964058511 2.87836777570184 -3.42076929779556 -6.55569997053126 -3.00849214955345 4.75047361290977 4.76203551599311 6.01844446176875 inlier mahaDist=7.5807677031558 cluster1 intDim=8
2.39888257125378 9.67433033407317 -3.66745144860895 -0.316320321780641 -0.84920875255225 -5.26067133669111 0.178251584611855 -2.43853796252429 2.52212641402916 4.63801806848522 -7.69485462781634 -1.73528240765471 7.03126370495984 -9.78202894497784 9.98681348791835 -0.287013704648523 -8.79487013872868 2.13857034074234 -3.52009293890363 -11.1547873884996 -0.969578901856052 0.754644968049126 2.14549485536572 -2.17531163840228 -2.31968252929007 3.21226245291712 -3.04503164876303 -5.19631399720326 -2.90054235263903 5.8184626222451 3.38590635980435 5.31495705181411 inlier mahaDist=6.94601045679004 cluster1 intDim=8
3.36960822460076 10.0291303690793 -3.88711114337014 -0.55187137141583 0.58488021526194 -4.72082822756852 0.160579224816957 -3.01696049691832 3.1031828515008 3.70069527025859 -7.20831978430565 -1.98544876098351 5.98053398270059 -8.58130897689061 9.30378884672729 -0.118116712466958 -9.21806027347124 1.66873979215344 -2.56129806247325 -9.47395035508948 -1.20583048838758 0.551769145282143 1.94624813621931 -2.50337546535017 -2.04970111305742 3.09064650988531 -4.4059745842909 -6.00505378157459 -3.56187595177128 5.68972900149493 4.51595107629437 5.4630684750605 inlier mahaDist=6.49137917091246 cluster1 intDim=8
2.41806337155096 9.92525504226679 -2.93363220084105 -1.51051229447047 0.149154265900848 -4.91609657780315 1.36937749592035 -1.96509357294872 2.40222171664151 3.2638477067847 -6.61867492761752 -2.26182174468011 6.18279936177722 -8.70040287883834 9.90489548262943 -0.272631860021121 -8.24156021335092 2.21549160904803 -2.80235220680112 -10.6856486240526 -1.10930512500932 1.67597088113785 1.48070120454049 -2.6667177655012 -1.59705208137228 2.78365013677525 -4.02053340879695 -6.12106521357377 -2.79300035400606 4.0162407074191 4.54892854986484 5.27925617146228 inlier mahaDist=7.72603299052654 cluster1 intDim=8
2.59775299372625 9.49209746823124 -3.69976933149348 -2.16805945274998 -0.388242634318224 -4.2458013129891 2.07880717163651 -2.24784212286913 3.9374990319729 2.60836096122447 -7.55225914672532 -2.47240280461383 5.64892337431478 -7.94402907851656 9.27301906737832 -1.79622830626044 -9.38848108141755 2.32490477948965 -1.94310468717855 -11.3126232130005 -0.744212688886104 1.97790699825893 1.94134294846943 -2.10323285282891 -0.909561518147715 2.0383213333209 -4.56844313858784 -5.195267625722 -3.94941729329486 5.35245205924122 4.2110078277482 4.78018884341376 outlier mahaDist=17.6134658567292 cluster1 intDim=8
3.30079870380325 10.7864319667384 -3.51067500050482 0.651605254223256 -0.436052530326116 -5.34276703669268 0.35457098014166 -2.47718028461461 2.39608744253339 4.42715942866311 -6.55077298305238 -1.86056691833428 5.89931281578488 -9.21865780877511 9.78173541661186 0.243873728098163 -8.95396955045844 1.43555935912341 -2.79664664028582 -9.92867730021594 -1.03222771965593 0.394851372776909 1.92261351856545 -1.98833985427003 -1.73854655710558 2.85883860729704 -2.50412471972334 -5.81043874942277 -3.93831341408884 5.28800378436714 3.30435456962145 5.22155651788838 inlier mahaDist=7.13019914657372 cluster1 intDim=8
2.65046235645845 9.85349299496136 -3.61269487618453 -1.28402212893597 -0.0404974038839535 -4.76016594908482 1.07412791710961 -2.72170634725119 2.79154130658282 3.51378950949978 -7.1482018365043 -2.17218582487766 6.34049583981911 -8.82851564949095 9.8193372460742 -0.950202379710757 -8.95950079674168 1.90749273736942 -2.63315523576075 -10.8244701328353 -1.2662885330249 0.905158213122606 2.2439922161387 -2.22870669424679 -1.68532220419028 2.75846567480306 -3.65320231480188 -5.51234697133443 -3.7113636009995 5.74585737752921 3.9723386438785 5.62105500442675 inlier mahaDist=2.96621451483601 cluster1 intDim=8
2.78097478789918 10.0016146736762 -3.32711560964951 -1.0471824519455 0.706649682795084 -4.95909009002043 0.447690996502088 -2.77591670482775 2.13220186561561 3.84947742663939 -6.88110604370255 -1.99877611156946 6.7161017336116 -9.22417771530622 9.71089637076389 0.0455307812196735 -8.56151303520825 1.64556926766762 -3.22380695951131 -10.06740021892 -1.48493164985127 0.778118140724925 1.78569671652567 -2.68890596475143 -2.1245982218364 3.23146147366015 -4.02450658674508 -5.93351697206282 -3.15636267394558 4.73180936610163 4.44521126280211 5.47659696025779 inlier mahaDist=5.51071907873102 cluster1 intDim=8
2.59013391374197 9.53559169942929 -3.71470413077015 -0.81150394095376 -0.536711802630628 -4.96769676684452 0.60729137094956 -2.55753003817423 3.16076160839295 4.2961840683214 -7.7632819549447 -2.07014238038045 6.62843752375809 -9.61558071931568 9.55889490481204 -0.739501351805427 -8.94705478227737 2.05711094521726 -3.72300578460595 -11.318683457475 -0.974486015828105 0.778579448916861 1.8746052784459 -2.34898582850447 -2.10041229508131 2.89945368994908 -3.3771683036367 -4.87818034166245 -3.26234320124808 5.58733506629124 3.50081982792183 4.88028864863366 inlier mahaDist=4.17299104821808 cluster1 intDim=8
3.15918800808466 10.4046163826606 -3.05260688065797 -0.0252712668744839 0.0182263548547864 -5.29010061827619 0.694633019622679 -2.24216963184905 2.74316598129451 4.25279877874261 -6.33844822465506 -2.39045183699753 5.55499626585937 -9.39685936517811 9.79786337372751 0.2056243630095 -8.18245391973777 1.81723828969489 -3.85881974920898 -10.3913173157327 -1.1329278007671 0.400688297039779 1.20878441812029 -2.78648580403636 -2.04511325308641 2.90140293074045 -2.66872464115458 -5.91367335127342 -3.11564547326971 4.36266799926353 3.82652393266689 5.17140729124827 inlier mahaDist=7.07533965105919 cluster1 intDim=8
2.53113927161316 9.85143262999759 -3.44664597475484 -0.0651113443430939 -0.731590516863 -5.42991208510254 0.8910740308827 -1.79117934330095 3.62682503262484 4.04514250043993 -6.81878994947701 -2.29048503230247 5.82501025801257 -9.4815341059858 9.30843446236637 -0.0716104550451762 -8.56826628953009 2.35555798343891 -3.71020508753154 -11.1330104592276 -0.516957830993808 0.895947295407607 1.16897436877133 -2.56328054646345 -1.92798210335805 2.60404681970729 -3.23707535038063 -5.26952859992014 -2.73418971186262 4.67528549419815 3.29705091117028 4.24711230837976 inlier mahaDist=6.83725728998893 cluster1 intDim=8
3.04438515493828 10.0528724708893 -3.77954762510891 -0.472374137440738 -0.167483254883425 -4.95392671765279 0.99397495232461 -2.68031169996719 3.60757967485969 3.73186991117688 -6.87954523212669 -2.40415638315453 5.61782964676712 -9.00654501299192 9.3789983780293 -0.795572854269549 -9.07197092283874 1.81916725859144 -3.08664851573805 -10.734170038561 -1.02709795603929 0.340820097503711 1.85830506854809 -2.32298466463203 -1.72255434346416 2.52774766872044 -3.21004454608756 -5.26759605263131 -3.9246371367084 5.8012576238972 3.48302717385974 5.06013558184006 inlier mahaDist=3.35373629095841 cluster1 intDim=8
2.34835368250115 9.64416661892706 -3.15832851207527 -1.63020918350861 -1.20767153460677 -4.69120316191354 1.58304247113023 -2.14470524474131 2.47686178757296 4.17831722723875 -7.90769956347963 -2.17179051628141 6.66089835055228 -9.41413836719115 10.2657902044843 -1.51216929814853 -8.70076101149702 2.14531598643245 -3.45746746023286 -12.269368282258 -1.03746157142817 1.65830182033354 2.05117686807127 -1.97417562481334 -1.43594913496851 2.55234982501199 -2.58034973793438 -4.73574284955981 -3.65676206310074 5.02548954740563 3.42504665987896 5.15357205815549 inlier mahaDist=11.5363213787117 cluster1 intDim=8
2.92736164900034 9.92781999446325 -3.43892899409951 -0.411687884300323 -0.228373063965125 -4.99307025608206 0.484917691466316 -1.92144286110956 3.06899370127249 3.99494994113958 -7.43281687134193 -1.813954675377 6.24123655247076 -9.02366675077477 8.97131752740942 0.360533808112165 -8.99923723574005 1.98424382470361 -3.09048163552992 -10.1142359992572 -0.535283394837707 1.74288654761239 1.07445645748557 -2.4654237760561 -1.72323239700325 2.8206873203044 -4.47033173144906 -5.57595142515178 -2.90273055525711 3.84222333500102 4.15027802540089 3.87831589074555 inlier mahaDist=7.31897028177111 cluster1 intDim=8
3.29770013353195 10.4318642824243 -3.65383941508966 0.0819894748575561 -0.0734749770093254 -5.03569162145295 0.348163600070015 -2.46965857314064 2.77930825409255 4.0706971737242 -7.01984029610588 -1.79228959097524 6.05102020750383 -8.9306388200685 9.21716056873716 0.234975297505267 -9.24942406481839 1.50043537309312 -2.63473636053825 -9.68669514903856 -0.876751081692336 0.959711523379889 1.66038466703588 -2.14076196040457 -1.65313599292022 2.82238361757189 -3.75169083508125 -5.71389725256005 -3.77899446394979 4.82931683138438 3.82294801633011 4.60134425039752 inlier mahaDist=3.4578469006485 cluster1 intDim=8
2.88523347650229 9.97870973982073 -3.68432552842608 -1.07346633873183 -0.244493733421808 -4.65644913668472 1.20848209105442 -2.38528404438622 3.19284745358948 3.43834111350239 -7.37862319487309 -2.03723066362931 6.11830216611379 -8.61968824246505 9.15677107437591 -0.768537611014193 -9.41605297443461 1.76955903679457 -2.36494824956837 -10.5686485901635 -0.826129458847716 1.54657078354954 1.81355970845933 -2.02588494620974 -1.21980276389725 2.41320553036079 -4.16297168500246 -5.24841641962199 -4.01340809337907 4.94286617419327 3.86932569188823 4.44726513106194 inlier mahaDist=3.94964898671682 cluster1 intDim=8
2.37865603617244 9.10264998123427 -3.37458478274506 -1.5709656256966 -0.259885793055465 -4.783203091398 0.66489390645817 -2.40289448990144 3.12407342917053 3.84365640393175 -7.67254807813208 -2.35516475993709 6.28680235240535 -9.01726933334096 10.3024452329892 -0.831478933165369 -8.15749902125499 2.83228865730033 -3.62079057479996 -11.3557576252414 -1.15480423053513 0.942878163717694 1.8832929062421 -2.94887709472588 -2.54288144832227 3.28080166199718 -3.76974600324604 -5.84964688271201 -2.06944065444457 5.74576714178585 4.62714081699665 6.23462781338106 inlier mahaDist=11.7601688738203 cluster1 intDim=8
2.09722293212152 10.2604816051608 -3.74780597334694 0.311797236671065 -0.0866240543526512 -5.87001447225653 0.440978489976082 -2.19771403166569 2.55013056555586 3.87201665107207 -6.16425070151618 -1.69798989391525 7.03137722548655 -9.78835164660861 9.0663880763814 0.66387295046668 -8.96937511848967 1.68948770594105 -2.88342657454925 -10.2737987575984 -0.820868734471977 0.624267146815206 1.75384073065878 -2.15153865850814 -1.88674302570842 2.82896476568944 -3.78291872619881 -5.39032699887244 -3.16141854760884 4.92235717996213 2.9410795006543 4.15293503390249 inlier mahaDist=10.1232624017419 cluster1 intDim=8
3.33393731555408 9.30241114800302 -3.20149836824604 -1.31425911477541 -0.611075353376804 -4.37693282305435 1.38178955034034 -1.73514666164511 4.73380867334197 3.69152350673336 -7.86616250612857 -2.87599739370994 4.54409123190874 -8.45877399592932 9.2888319919515 -1.01515685741468 -8.46132433315873 2.84778490059952 -3.98191417750397 -11.3313670579447 -0.407979870613981 1.62586463792364 0.589652766001939 -3.11950463848321 -1.78804172900469 2.42378383973588 -3.89361263181322 -5.45049990447187 -2.56238204110075 4.17935266608512 4.64502916745762 4.46358217942537 outlier mahaDist=18.4503201353198 cluster1 intDim=8
3.87811842574086 10.0426521041663 -3.20119839541972 -1.0633704506289 -0.703092913397286 -4.09836469455969 0.953661576504818 -2.37120771038748 3.11712263149585 4.08949987594235 -8.07017317755237 -2.29502162194315 4.96631655342537 -8.03784537910649 10.2315003609039 -1.08565401433673 -8.841613598504 2.13565600490842 -2.74803573218521 -10.5106635804473 -0.963199718352194 1.56272017290969 1.72725619937127 -2.31959038139552 -1.52887102810406 2.76650312941701 -3.09282306047305 -6.01021167482457 -3.68767038357007 5.09313053433528 4.80470590803998 5.93070719125829 inlier mahaDist=7.78454324066551 cluster1 intDim=8
2.76246802925494 9.63988075477485 -3.54814949083465 -1.10206277616361 -0.329762445692695 -4.70802217177482 0.908923866358942 -2.17229534877997 3.34986002651202 3.42816908261057 -7.41849189086573 -2.14707501692509 5.83797107543089 -8.37487090446381 9.65885541219665 -0.576725079315884 -8.85104206766933 2.45530957250255 -2.49029444113084 -10.5672905932018 -0.774246032001638 1.4990935103021 1.75111865520418 -2.46030680475509 -1.7603788910091 2.79584917248112 -4.27222693809477 -5.92064496216278 -2.88190023418604 5.24286225279526 4.47921989574172 5.31655243920305 inlier mahaDist=4.03995911562456 cluster1 intDim=8
2.11108815691039 10.006340421264 -3.40130289460676 -0.271604543203206 -0.519350837186275 -5.61790078147729 1.14507715649264 -1.90852658399362 3.04325162117492 3.781842112915 -6.30736268341592 -2.23374337793042 6.31924562442693 -9.63287469218892 9.48091568684201 -0.116723361092751 -8.51379457313384 2.15351353448691 -3.39995095872063 -11.2411919083068 -0.77751914923438 0.779609460812043 1.52279663398804 -2.38662043414056 -1.78366868964879 2.56699696546894 -3.11649332936747 -5.26735739722872 -2.98660213744325 4.80974374802657 3.04112870890373 4.47760433115626 inlier mahaDist=6.49135742070094 cluster1 intDim=8
2.18618018962756 9.25658599469743 -3.26438831709367 -2.15177098760255 0.720344804253008 -4.79092517868299 1.43229734915523 -2.2674295153797 3.40687030406963 2.90596254880191 -6.84141063128378 -2.60694948420292 6.24821852373838 -8.90932729408711 9.27472446865125 -0.649580574508177 -8.31608409561911 2.41711361097009 -3.4710181424554 -11.0479959565389 -1.13781545982877 1.31945683601171 1.24039851751939 -3.16396659660274 -1.93573378898827 2.73985582546863 -4.90445378105847 -5.62573472527981 -2.50011345662683 4.30156402680066 4.682243709535 4.85051559919559 inlier mahaDist=14.1338033804503 cluster1 intDim=8
2.9299438121111 9.91172034314222 -3.17887336838269 -0.66177844489092 -1.11086786032952 -4.80890139613355 1.1811525051963 -1.59788788869464 3.27853766780416 3.9403083377366 -7.52151534950672 -2.16006233729215 5.52426328639049 -8.64728035958443 9.73133195024576 -0.496813641923066 -8.70983604695167 2.44612096571825 -2.9444350229665 -11.0270704784237 -0.445871297735167 1.92975497903408 1.29423271038642 -2.27955167712057 -1.43992671239385 2.5268761515537 -3.37298197057218 -5.61584373894081 -2.99688587852167 4.31164251559014 4.00543680838307 4.63517228759633 inlier mahaDist=5.28804106390836 cluster1 intDim=8
3.18243997058768 10.1022035394112 -3.76126783799765 0.820020107737197 -1.56258295644405 -5.30031888356851 0.248835857982831 -2.08685527523441 3.53898305125344 5.00283812626278 -7.67671070546196 -1.93224515635925 5.7530459571194 -9.61059108421133 9.5702915570451 -0.224945280878374 -9.09893246394968 2.0829128612391 -3.67223727258735 -11.0319012595384 -0.418718321699553 0.609951767408545 1.62495637038417 -1.99900164096818 -1.99027552502322 2.74073102422309 -2.25629733815617 -4.96400747825604 -3.4024209345956 5.63753335012645 2.82082430226497 4.51101154520241 inlier mahaDist=11.5571783537557 cluster1 intDim=8
2.6480001596849 10.1980881745919 -3.13837215197738 -0.209135306822652 -0.665722482717356 -5.33801454272423 0.756896631772239 -2.0468770621453 2.33871081548515 4.50277371660726 -6.94494186704289 -2.00562151902493 6.44305236787931 -9.74722393082267 9.86528397845436 -0.0206741010748448 -8.46947901126517 1.86062828191631 -3.72436757094719 -11.036212193485 -0.952740294973022 0.9853573943328 1.51779486109824 -2.30107986494475 -1.85423944622641 2.85488981756061 -2.62219859400365 -5.33575485472212 -3.19649431761764 4.41480668228435 3.33689576338403 4.75252910705376 inlier mahaDist=5.33614361096478 cluster1 intDim=8
3.34101511816584 9.7671106199501 -3.13624523500796 -1.56291734658556 -0.10616688244041 -4.20254484538301 0.253272526493068 -2.74964903540385 1.7867838064256 4.42435938852093 -8.41364356702034 -1.76472434681443 6.58495395370967 -8.67882521744026 10.4848815382406 -0.583198848373185 -8.66275003406079 1.91237928881928 -3.02596280226078 -10.3043361151988 -1.43566393637301 1.6470259089261 2.07427304499919 -2.42622859408585 -2.07007408329514 3.47969715862673 -3.72038093904646 -6.07982326170561 -3.16687272113279 4.92731492607269 5.1781035482457 6.28391577420776 inlier mahaDist=10.7101227242266 cluster1 intDim=8
2.57779466736804 9.78601506632653 -3.731732111684 -0.269007825096558 -0.676269801688338 -5.16111751370294 0.177810194058493 -2.41710744616153 2.68238957268208 4.2312482755372 -7.47330465725652 -1.74859319969966 6.60241721545622 -9.15334635654325 10.0015011298599 -0.18283903298869 -8.86316574523582 2.25172795052465 -2.81310816400396 -10.6086233670292 -0.915338763128413 0.851907714947591 2.21931884728218 -2.18563603778625 -2.21753302997899 3.19838489680907 -3.4538531638436 -5.73583786052719 -2.84761532616972 6.0065968632962 3.80027897901995 5.66025535466619 inlier mahaDist=4.27564861123264 cluster1 intDim=8
2.49610708292182 9.44644784139741 -3.81596204965114 -0.528652623187409 -0.363320336873033 -5.17245591197722 0.38366023840681 -2.50084705618914 3.51153010850447 4.02934157205354 -7.33632802957315 -2.18433508547308 6.2800187309284 -9.35832734981093 9.64889171634863 -0.44016716950677 -8.69690156462519 2.4354942374345 -3.52677380647854 -10.9985125100532 -0.917873194099201 0.422951743033431 1.87529116805281 -2.63305008891243 -2.44105688324922 3.06912311821649 -3.62162332892919 -5.43060385669279 -2.62423233450988 6.05903450245185 3.75654846222964 5.38558131612718 inlier mahaDist=5.55196650365597 cluster1 intDim=8
2.48326324429671 10.1821409674151 -3.272554689429 -0.735948719781146 -0.399378814157971 -5.16362295398352 1.23745881250168 -2.20813593105492 2.52367395701639 3.56790572516397 -6.45447102551234 -2.22682414682669 6.03935976400266 -8.88036784104189 10.1651315612932 -0.528842577234955 -8.49579009455648 2.10512418546707 -2.6022602091264 -10.8891068763243 -1.12067266385157 0.924913542061727 2.05420720804806 -2.2333636169506 -1.62650295168835 2.70300881623601 -2.97764516086337 -5.89768597123575 -3.33815020273187 5.32942364654542 3.72431989644844 5.73784346050796 inlier mahaDist=3.73252738661875 cluster1 intDim=8
4.46296528219237 9.78553335505463 -3.5168191065076 -2.18659473197265 0.991695647782224 -3.41764967528934 0.767391242688041 -3.5994507307361 3.27955221761305 4.06068322343351 -8.72803226425879 -2.4239888893208 5.58949804206634 -8.50057760967541 9.09916478460289 -1.46999359577255 -9.4839556778927 1.03974435576565 -3.70517062720776 -10.0431334244875 -1.63024937250858 1.12580349163054 1.48026578119203 -2.71347855491398 -1.60320892481664 2.80968923717264 -4.33371964059396 -5.08320075954031 -4.8342643891207 4.58918321504121 5.25871810333823 5.00962297612086 outlier mahaDist=21.191560104769 cluster1 intDim=8
3.04862778399612 10.2524797844975 -3.19884445993673 -0.400165558367171 -0.489038043553782 -5.01840000398094 1.03758244558696 -2.07704104359535 2.90245145523541 4.09435043439074 -6.94230055752081 -2.22532031099511 5.73314326180725 -9.13603788884948 9.62606086024852 -0.286199739228271 -8.66998735888826 1.86462580616166 -3.33943034850643 -10.7504153220951 -0.866349548713353 1.12559391556982 1.37415989964922 -2.35283620678752 -1.57140297190251 2.60101405755368 -2.9703623580164 -5.49122282635683 -3.5091925476123 4.37707073019507 3.6803835123916 4.69130880195647 inlier mahaDist=2.16761080587056 cluster1 intDim=8
2.85942649019685 9.63398827122427 -3.24961370944575 -1.23906273421082 0.0437541256321105 -4.74767601601133 0.639212941059045 -2.45089275356458 2.73037230960019 4.21643813787521 -7.67515724747931 -2.13861070976636 6.49461047432405 -9.41810042430719 9.59471837702748 -0.382630029543367 -8.57073450320934 1.95075114044633 -3.93301620986087 -10.8619744299431 -1.14364638373489 1.19638123915823 1.3918422039434 -2.74046319257083 -2.08499742954263 3.04882323673088 -3.79047838351458 -5.34525971353511 -2.9906395499209 4.37355895575326 4.29805912977136 4.86758157142432 inlier mahaDist=4.13582700375939 cluster1 intDim=8
3.21932937872165 10.1667414688997 -3.51732542518364 -0.857871673745816 0.192873798703559 -4.66123463528476 0.74318734666812 -2.65958878115844 2.77663402033439 3.49210146620505 -6.98918167145411 -2.11402546985988 5.73096101803351 -8.28127418539997 9.83363915461376 -0.429306229854626 -8.91695040236154 1.87420441007562 -2.22856487090306 -9.88668419894149 -1.20184531222002 0.982752648868112 2.02796654935478 -2.36105151352558 -1.70265962630222 2.9006138521502 -3.89200029507821 -6.23734093461701 -3.5758423095435 5.44104889311893 4.55996436037687 5.86824274782612 inlier mahaDist=4.57180858204355 cluster1 intDim=8
2.939497317838 9.92173273629686 -4.10359750120968 -0.150102694684818 -0.268386130082575 -5.0878636055667 0.839815809712527 -2.53481699830521 4.17020326756508 3.65386474449199 -7.00743532783534 -2.26449190852508 5.70417988433104 -9.06756704319636 8.74263222054197 -0.560467774554861 -9.45860168013397 1.86653139958821 -2.98486725861217 -10.6004379649309 -0.659685779071708 0.472437277545915 1.66074435736578 -2.24660501007799 -1.6770254591184 2.38993324194544 -3.81526845345079 -4.96923544884396 -3.84704497602895 5.74867032647125 3.21930070543017 4.18970204859319 inlier mahaDist=6.81012250775997 cluster1 intDim=8
2.72535243807853 10.1557402623996 -3.29569361616374 -0.740583489713443 0.221377123136165 -5.20194286060625 1.43579389415599 -2.43051069148258 3.30572221864644 3.4518115814879 -6.01299556112915 -2.74187199685629 5.49334908572546 -9.18644737584344 9.61223884636495 -0.601932348387066 -8.36095445733494 1.91869438408086 -3.50293655235548 -10.9582916740123 -1.23470080355341 0.225672290786324 1.51913888755303 -2.73009784935923 -1.76236711663229 2.49543998464808 -2.94511599083156 -5.57008401685649 -3.51134966768728 5.04340370727764 3.58735217649225 5.22773769147683 inlier mahaDist=6.444054519882 cluster1 intDim=8
3.66133994057598 10.5852764129035 -3.75723859861913 1.00503658699225 -0.474618039303769 -5.2549217006793 -0.122569381406404 -2.57594926187417 3.07438494378422 4.60294658297485 -6.90234248639236 -1.91258942451955 5.4379013338346 -9.03784966240276 9.64995530985986 0.345493593123474 -9.02928165980112 1.6857496321143 -2.96505878041869 -9.6354045705697 -0.864811493515221 0.108571442768947 1.80074814760081 -2.21335531960004 -2.10941637214159 3.0330750706423 -2.71683120264959 -5.96981723247683 -3.58310204943509 5.77933068566097 3.56859931800128 5.37374498767764 inlier mahaDist=9.61136269374788 cluster1 intDim=8
2.76830996405992 9.88074046982411 -3.55439395519347 -1.15114508640534 -0.242771436222475 -4.73040696235249 0.829264472721684 -2.71470633603706 2.47721105696841 4.04486790037986 -7.62063642551547 -1.94542418037689 6.72569738921436 -9.22712187969267 9.73909186012977 -0.812147559476531 -9.07984096743614 1.67997574396165 -3.04527513835238 -10.9050229204592 -1.22917292462665 1.100461726744 2.12548502791717 -2.1053762197971 -1.69980100257531 2.84709102542733 -3.47583060168011 -5.15968790770132 -3.84649760094385 5.32173520532907 3.80073805005541 5.17162210838749 inlier mahaDist=2.10674824296302 cluster1 intDim=8
3.44089442755279 10.6899082371064 -3.40320610117153 0.037129775885532 -0.429780377803345 -4.97887247153905 0.793291935491448 -2.52007354680551 2.52305367783584 4.31662982217348 -6.89800770747719 -2.02358429970988 5.7841390022037 -9.1045345922697 9.6932063367127 -0.294835248023904 -9.06902606108036 1.3306777552878 -2.92500877416372 -10.2804612250366 -1.08061649034001 0.731373977946119 1.82198427799185 -1.95916788584685 -1.43220401196959 2.62176802317196 -2.54160054171215 -5.47511416385678 -4.35693187948114 4.95217418220328 3.41526252300858 4.97799449858806 inlier mahaDist=4.20958407861704 cluster1 intDim=8
3.74109329266023 9.86471452512395 -3.70116081741536 -0.582790514413542 -0.500741771123555 -4.43981256852316 0.709511400832645 -2.72823313026535 3.89658562315263 4.33825388196546 -7.97901936927331 -2.41148831299513 5.22624950369964 -8.89563437351868 9.43929053310815 -1.06707003571215 -9.17242629938994 1.86965789242372 -3.63453120223882 -10.7975249258985 -0.914479244193702 0.647289951252587 1.58291763046198 -2.42066291934761 -1.83055230652516 2.64571253306076 -3.05812052456603 -5.09785106840234 -3.95522295042181 5.57026243103427 3.91414623540629 5.00941130081925 inlier mahaDist=5.47995388704453 cluster1 intDim=8
2.94499418796365 9.77795875215228 -3.5732305089217 -0.968902655704793 0.126972531986566 -4.73356772333197 0.337649483849827 -2.66699389812189 2.64966242324945 3.94083990472408 -7.57685212074509 -1.89493781888054 6.47898968431379 -8.88829916762366 9.67678363655141 -0.25133774947742 -8.90390888169323 1.93550291003281 -2.91806062384076 -10.1881270515999 -1.1551499126234 1.09817231696085 1.89800666797479 -2.47970435044272 -2.06586400944537 3.169113215686 -4.1699621366844 -5.81607694986507 -3.12679525093019 5.22042224667211 4.48671826840238 5.43176592982033 inlier mahaDist=2.69056468894961 cluster1 intDim=8
3.22173223457493 10.0569425027689 -3.41570158513666 -0.640724485790549 -0.108341303660453 -4.79428383615357 0.725331627359906 -2.4896236031447 3.0211521413622 4.02667387287503 -7.23516009426076 -2.21022028705591 5.78674166892474 -8.95048437368144 9.61425850696243 -0.405549827333906 -8.80246252407882 1.84879776971705 -3.25313955766809 -10.4431973667502 -1.05303548692815 0.890116722229712 1.58864229103196 -2.48629235957464 -1.82679646092907 2.8257552965961 -3.41265795133109 -5.63001000537562 -3.49067700145064 4.93247582003649 4.09396135139379 5.13524223025922 inlier mahaDist=0.557058396881804 cluster1 intDim=8
1.84316054650252 9.81512294162906 -3.04886834742026 -1.8816671679007 0.847995900411799 -5.16286462108399 1.20578214227389 -2.44247965004992 1.70040523900686 3.23749087409996 -6.35229467453919 -2.08735473761432 7.37948781914455 -9.42866465774118 9.7604246268092 -0.129403033769227 -8.24591235598046 1.79904147199974 -3.12056861946482 -10.7629491585185 -1.56876183498967 1.25778219306973 1.79006555808702 -2.70351320167125 -1.84172206011791 3.01628662602334 -4.33482575171668 -5.76390520045769 -2.91059841043043 4.12027292370069 4.28120588043483 5.20746484355402 inlier mahaDist=13.0758738959514 cluster1 intDim=8
3.70483508195732 10.8281850121898 -3.43870514017385 -0.161549620765245 0.43765921539319 -4.87647919782655 0.649345179542979 -3.08202581573862 2.30425099481874 4.30050356582663 -6.68679158942701 -2.10656659247512 5.95136759719559 -9.31438643308429 9.44084601421315 -0.218808793265851 -9.12800569421945 0.791686697300076 -3.24845864735883 -9.85086214282201 -1.51177214261507 0.228105958304213 1.80142252578433 -2.16648664184008 -1.54507478119607 2.73010880706539 -2.74054638670947 -5.40573735688136 -4.81469565193692 4.83046510124111 3.57948054559611 4.98487514976346 inlier mahaDist=8.62901029733793 cluster1 intDim=8
3.22358048808136 10.5925008458556 -3.44869209679287 -0.158492190147665 0.409700262485364 -5.1093080831878 0.476630064346115 -2.72859310323668 2.24234853030895 4.14369709468304 -6.65728480996593 -1.88763283189416 6.39209427729871 -9.36488526692143 9.28167358722957 0.251144310593304 -9.03330366880235 1.1074094750486 -3.09389335604728 -9.77433131465125 -1.27242277620181 0.639521006719444 1.65056179138512 -2.25782078314354 -1.68111068395266 2.86760414469466 -3.44780927193225 -5.56534319406593 -4.07075181551351 4.47996626117212 3.70604189421137 4.64393844876476 inlier mahaDist=5.4464716347096 cluster1 intDim=8
3.67648088834057 10.274032912841 -3.35475471745983 -0.444714701897522 -0.223800052530003 -4.6423236056783 1.09426937073266 -2.26296440059129 3.68619306232578 3.78824558350331 -7.03450668858986 -2.4993692239108 4.80242541422098 -8.46829873793698 9.38342797308919 -0.535304296459289 -8.87964968585856 1.89120869178564 -3.0735190163711 -10.2892503752259 -0.810156999547189 1.00005220197382 1.22594709428793 -2.52154005076493 -1.47706899600253 2.4506967424084 -3.30305132962184 -5.74006780042315 -3.77190143701553 4.62543074691777 4.15315740239709 4.83541251246137 inlier mahaDist=4.82448288868643 cluster1 intDim=8
2.77055860831917 10.0771194331871 -3.22749665370252 -0.508595142729073 0.158804192855925 -5.21044989937736 0.743519112369607 -2.18500442737965 2.82208924040626 3.84341778098561 -6.56901900623562 -2.22394335793235 6.02306052194581 -9.21875282957452 9.51701791307092 0.173044242878754 -8.40844783503762 1.97596430146477 -3.43345141039916 -10.3753186420734 -1.0177317770803 0.875046847831694 1.2911189878677 -2.74666684450848 -1.97109325030073 2.89648358668464 -3.64464749520396 -5.85438704395097 -2.88342625306487 4.33197199115007 4.04786434545437 4.87477489014959 inlier mahaDist=3.81119167686387 cluster1 intDim=8
3.1610563837893 10.3883897318279 -3.28314109481342 0.0898005224574865 -0.29939576911192 -5.22728865923826 0.475187576670296 -2.38081852119277 2.55888022317903 4.53505451374 -6.85312481952537 -2.07612408863894 6.00937869625318 -9.53606581087285 9.73643768895009 0.0949190427328157 -8.60547774153513 1.63849836252482 -3.66504585434521 -10.4408239277005 -1.07246851777934 0.542104437229738 1.51446999407473 -2.40535474266793 -1.96238818772988 2.92810661382458 -2.6537953789397 -5.56172064761748 -3.47031863444268 4.70437727386434 3.54540485217153 4.98157759398376 inlier mahaDist=4.14741969990024 cluster1 intDim=8
2.45013330788737 10.0929063003777 -2.90775829302048 -1.08742974849778 -1.44624945198874 -4.91395954710236 1.88601212924867 -1.66550672320262 2.56127958141663 3.6925555675593 -6.92330222624757 -2.38526632611333 5.60934416793236 -8.61559093942326 10.7757176870431 -1.23573177325135 -8.28047401965621 2.54960975295603 -2.57271217144416 -11.8532240867052 -0.871543330984787 1.64031086593886 2.05327426667035 -1.98866419155516 -1.241845209013 2.41610048056634 -2.1361563146375 -5.76635443853337 -3.32239354461637 5.15524895121181 3.63946034891129 5.96319769170911 inlier mahaDist=13.1063580166463 cluster1 intDim=8
2.9967363795859 10.1938708992554 -3.7204866285397 -0.225796860532641 0.117682161606626 -5.0973747962823 0.26578878935628 -2.84629550241104 2.60698186258932 4.00278221376936 -6.86781133232171 -1.94433387047576 6.27368090365401 -9.05456875610676 9.76693979708538 -0.0943184808648201 -8.92748293214156 1.70191113637795 -2.77216049669762 -10.0047055697889 -1.26554643141825 0.326599013840308 2.16426900393221 -2.30878067879719 -2.09002041064773 3.10493772062008 -3.44224596496055 -5.88602052518664 -3.51306228700728 5.86709563564711 3.90005761191535 5.72056291039154 inlier mahaDist=3.98689903025521 cluster1 intDim=8
3.21216654038375 10.1750471019861 -3.26092747931762 -0.587086764122191 -0.883933630275256 -4.72582462466038 0.928312840372046 -2.25901894005987 2.66559910972421 4.32758881479856 -7.56576042078474 -2.08486218863276 5.81402657513263 -8.92370973094543 10.0919395938108 -0.727700369912578 -8.82206582226765 1.92084194925888 -3.0636491336497 -10.915152678879 -0.952897083866893 1.26169419613437 1.83446032323936 -2.08329291425176 -1.56682618233996 2.72695361927352 -2.65714576180988 -5.50232775502606 -3.72181779325127 5.03127972844063 3.81504029077961 5.34913734196772 inlier mahaDist=2.13803210546711 cluster1 intDim=8
3.30978208640264 10.6562804088138 -3.21501395706431 -0.7989834416395 -0.0413780997455214 -4.65292062128444 1.06680057290234 -2.48056801249229 1.97553982130771 3.75306707981942 -6.9571810464924 -1.88333774740724 6.06440470627598 -8.51843679940963 9.80863526929326 -0.355516091496626 -9.09356044119526 1.31772958706419 -2.13423803049069 -9.94845695245592 -1.21989263747802 1.50701996802323 1.9537949748175 -1.91204395784596 -1.11423755219115 2.64818211025566 -3.40105602345993 -5.90224212914003 -4.34951026695853 4.46037606986811 4.14939422401262 5.21076503185739 inlier mahaDist=5.57998281158076 cluster1 intDim=8
2.27770459490789 10.3827248224725 -3.91039054176451 -0.0721468474104534 0.742791881703065 -5.74465845867038 0.790823103029305 -2.8864179524577 2.78411056132283 3.57305383221815 -5.71708659884307 -2.08348023902007 6.92925608472695 -10.0019127323588 8.71164851731901 0.172476451213121 -9.14135683259116 1.11254440592455 -3.22571315272966 -10.3087337943975 -1.30043780213611 -0.189372577853349 1.86052626474139 -2.27948605205547 -1.78889013345397 2.59606436788875 -3.6716355374022 -4.9552537273802 -4.09400328796455 5.24376623937402 2.70356748751229 4.11716697293472 inlier mahaDist=14.6060427530712 cluster1 intDim=8
2.77526941879108 9.7765474549594 -3.58695066269541 -0.477613207028194 -0.151934141553491 -5.09618284331545 0.171740297051664 -2.62660256096134 2.66520042679819 4.53848565876376 -7.56664549184237 -1.88456726702549 6.81435484854742 -9.77406014769325 9.5238675194437 -0.0906213604964561 -8.82116454163041 1.79629736993078 -3.8550252897151 -10.6939668382494 -1.10138386848901 0.677728300710863 1.70717670085501 -2.48334891360248 -2.28497169640403 3.17085111425717 -3.49100361773046 -5.19169210267497 -3.11999766329179 5.09510647012566 3.71651956442887 4.85251957538714 inlier mahaDist=4.15602092462262 cluster1 intDim=8
2.61664050436848 9.61027968031923 -3.46031251162306 -1.53086919472844 0.24083208544864 -4.76013446687958 0.89498547386143 -2.80136407619714 2.69515227869157 4.0180971673638 -7.54274927970088 -2.1868345486306 6.87317398151877 -9.64433979223858 9.45357225458812 -0.797018919862685 -8.82213260510306 1.67328827876977 -3.87531041051473 -11.1601252300089 -1.3626679320341 0.889130124544478 1.73923748022298 -2.55245686271989 -1.94716897091735 2.88644408955312 -3.74202174321666 -4.89239101859404 -3.56682705109206 4.85442528626003 3.88377098639479 4.80786147504989 inlier mahaDist=5.09555245244234 cluster1 intDim=8
2.20773273797186 9.91416041940959 -3.21952596270342 -1.07916527819588 0.12491096071751 -5.23189970630234 1.30970343165113 -1.96149454955847 2.81615516380773 3.27947947162237 -6.39292815274852 -2.24178290243222 6.34788164872812 -9.10187059883425 9.38609951231335 -0.105877219238804 -8.48314220954283 2.11033750602708 -3.00444026420512 -10.7807127177326 -0.932852111572871 1.35231282815364 1.38116090040755 -2.60033737271213 -1.61807737257342 2.62243010055702 -4.09526469424621 -5.66965763603876 -2.90394056311225 4.14879915772028 3.92603505572909 4.55401494672362 inlier mahaDist=6.01253495947056 cluster1 intDim=8
2.48792006356637 9.92266574655422 -4.12622576328363 0.274798515274539 -0.745132500414235 -5.49016173489059 0.675369296624238 -2.34159019630031 3.86122313290398 3.85587302790553 -6.8026596040328 -2.09401952765958 6.05918544757193 -9.35867907347515 9.12659103600109 -0.369051621869524 -9.27000486450433 2.10855228550362 -2.91179992611593 -10.8938963860381 -0.58690661512006 0.30915090170779 1.95507017376141 -2.07573620083936 -1.87492220709363 2.5362744678856 -3.3249450815327 -5.03911501818794 -3.45602457415961 6.23166621093401 2.78769228130544 4.52660584371818 inlier mahaDist=8.15447932554319 cluster1 intDim=8
2.80466335059275 9.952996379604 -3.40329054279844 -0.487533128697009 -0.14333018886688 -5.0689220529321 0.131675886883128 -2.49376167108269 2.17417749167463 4.4640479251557 -7.45942872980458 -1.73028755304674 6.84364487922625 -9.48282885535528 9.8028070996473 0.144392281415122 -8.7079550119473 1.81134419554919 -3.40026783129961 -10.3582097880835 -1.13543811379629 1.00033519195226 1.78635172711445 -2.40930422579557 -2.18969021745692 3.28332354158334 -3.56843130138674 -5.64992005106969 -2.99764876225123 4.84723208235531 4.03913964102441 5.18274505582124 inlier mahaDist=3.68446260476907 cluster1 intDim=8
3.76206820388064 11.1752504736095 -2.74530097799228 0.0450762363232982 -0.654382825842229 -4.84842071048193 0.841393197230973 -2.17491841590043 1.32329891409678 4.85391487123665 -7.07811414680658 -1.74283077641084 5.9842296816293 -9.19966186491774 10.0860749126193 0.0917538025257258 -8.82703356879334 0.957972981538863 -3.0375330518719 -10.0983561547091 -1.15095806015666 1.52976466706697 1.53220895816754 -1.77034318631378 -1.08005280686481 2.6975337013917 -1.99786342163381 -5.66647968481483 -4.56781905452426 3.46234534303272 3.63664475615 4.78235267941277 inlier mahaDist=14.8902391381364 cluster1 intDim=8
2.71908807916902 10.2836058815329 -3.58313335163891 -0.378893635063522 0.11101733730345 -5.25448944484919 0.848357885633498 -2.56603372861144 2.67346234517469 4.01972925063377 -6.71248437656208 -2.00176439514694 6.65929356136411 -9.72905759005315 9.0144367850384 -0.11040036410134 -9.11993188064745 1.28254734614729 -3.39421058517817 -10.5673561073133 -1.09272504800249 0.687191873588098 1.60974165551307 -2.19158583200503 -1.59142529170711 2.5993235084106 -3.45065550813069 -4.92150824868989 -4.04639684392698 4.57581362669891 3.14588023272595 4.05205151115392 inlier mahaDist=5.68151874968002 cluster1 intDim=8
3.12783902381726 9.57667370382856 -3.77972598378225 -0.728964759875217 -1.06517543235498 -4.50026347558193 0.812653242239801 -1.89664113445225 3.98307022687813 3.78570450858991 -8.28317908646177 -1.94612131105064 5.60100618741584 -8.28588255508505 9.1567445382845 -0.685007541037109 -9.45069878141133 2.46688844447112 -2.4563106478076 -10.6549044623111 -0.219373402299019 2.06777786171183 1.48487327064695 -2.12170446682938 -1.45590790127312 2.52670566129365 -4.39898889653717 -5.37838683869936 -3.18507864297867 5.00980240216446 4.19684318892848 4.28688469956071 inlier mahaDist=8.9102580602979 cluster1 intDim=8
3.09042045937114 10.0008589163281 -3.53999279845848 -0.945411636974545 -0.333423021707337 -4.55953148247989 1.24421247864121 -1.87057813737741 3.60615498709938 2.96927567703712 -7.19164482758271 -2.10613665002974 5.26793788755122 -7.69648147102665 9.22959287956697 -0.422395801837306 -9.22048013558225 2.30865339778821 -1.63269662265054 -9.98315313482801 -0.462589656923964 2.09431615644226 1.49747732176424 -2.22983265634027 -1.13073794712332 2.39858590994397 -4.75884200010565 -6.14448015349541 -3.3238666779039 4.60744490706448 4.62592574207745 4.6919437289895 inlier mahaDist=12.0910196617608 cluster1 intDim=8
2.93233099613231 10.0139162844172 -3.47862337120531 -0.641561478487208 0.0814184529774599 -4.88131916970078 -0.233595979767733 -2.74400691556572 1.53023279843934 4.7584891312886 -8.02916133474755 -1.27522456832385 7.63248064614977 -9.67768105046181 9.53857175263088 0.366386313465652 -9.13391008229604 1.31367797147806 -3.3003199164226 -9.958874457673 -1.2419651612638 1.39884775863675 1.87942093135864 -2.16079711502563 -2.08381556176908 3.45054702143196 -4.07675605404852 -5.39154799704707 -3.40089984318756 4.40582084863749 4.15309278011681 4.70602983158999 inlier mahaDist=10.8268692898474 cluster1 intDim=8
3.06343668635433 10.0283379049319 -3.68236287596074 -0.78461841137287 0.669289014246524 -4.97037285807579 0.837311120648017 -3.09505136820771 3.26651004616936 3.94045317961649 -6.79082547881472 -2.45981005082922 6.17390516490149 -9.68966514541029 9.01283623225938 -0.5881037558385 -8.96843281763729 1.2973500276088 -4.00180042334534 -10.6492840408514 -1.42380321676538 -0.0327804935314074 1.57705931279723 -2.65966121084782 -1.95023160197703 2.68384879144788 -3.41848823390609 -4.88811779932534 -4.1110280729206 5.14496429312367 3.49904298014819 4.60261960781115 inlier mahaDist=7.27881198051903 cluster1 intDim=8
3.11581388868757 10.01729071989 -3.79304876146961 -0.454194462829246 -1.70197058874551 -4.6044968693682 1.24400741622514 -2.09020149049394 3.52288429772454 4.14716457328156 -8.14876561248074 -1.93985350770869 5.75267462560858 -8.69448346741354 9.53942591227012 -1.3132419377413 -9.68813452194063 2.00474705902155 -2.41777665674051 -11.3517577645418 -0.406838977882895 1.70141163141572 2.05171967567231 -1.45766798754311 -1.02852855571888 2.1948881541756 -2.89815196049283 -4.74144130748643 -4.3513583559293 5.62990234729841 3.12638828831348 4.44409599749508 inlier mahaDist=11.4040635555702 cluster1 intDim=8
2.8228252744178 9.79747296177488 -4.01805707850572 -0.484536668627037 0.412687835556083 -4.98792784291589 -0.176919134435262 -2.87856996364984 2.72324624327857 3.97912482147921 -7.54842858590216 -1.54599217886079 7.04547980530892 -9.17534486168082 9.03229889096823 0.264987306335089 -9.39319583359405 1.64015770177206 -2.73841684838134 -9.65323079568724 -1.04953685127065 0.88256845199356 1.96388081395614 -2.33703116143464 -2.18177892503923 3.2578564439716 -4.85184461684377 -5.57726311570483 -3.23807685283563 5.40708478572475 4.17023101973593 4.74923823217896 inlier mahaDist=8.08510849598553 cluster1 intDim=8
2.5593893877705 10.3359111741491 -3.51834875465425 -0.559213863956208 -0.00408947976499385 -5.15983923615969 0.630506911820255 -2.57364742191766 1.87919081650347 3.7178763606238 -6.67296911716186 -1.70698336966193 6.80579819247569 -8.95330137866956 9.93282387895367 -0.0480455609313057 -8.93859635331996 1.63610473336763 -2.14644368168334 -10.099215512475 -1.26708343142807 0.985338136812761 2.35332664200108 -1.98539880037368 -1.67817766865055 2.9943180037996 -3.60814024841648 -5.96392581865061 -3.61624275126482 5.38651683553154 3.84775699301391 5.60898031505197 inlier mahaDist=5.02429138578363 cluster1 intDim=8
3.44142910135207 9.84436415240506 -3.49019714486963 -0.799373306104728 -0.319320866786957 -4.47452521278115 0.438675871114061 -2.38566187765303 3.0774151566704 4.25503038462599 -8.1367237603499 -1.91095319349463 5.99343275749636 -8.7882967546838 9.36208944989781 -0.343980715847237 -9.14594949168642 1.87898809250728 -3.16674224303418 -10.2608069338204 -0.802037159176591 1.59120978638625 1.42828459664124 -2.38319559875239 -1.7607120793817 2.90994183656162 -4.05124783600194 -5.48805568675396 -3.40499228395719 4.5245213850972 4.4462344666915 4.63219372214626 inlier mahaDist=3.14216433483166 cluster1 intDim=8
2.56740902852165 9.82266106895055 -3.50156819327251 -0.738686548711716 -0.224558718274425 -5.12039007308896 0.990391814990639 -2.31068369018142 3.22603174050454 3.77639325014887 -6.90005499823535 -2.30009340867785 6.11179810558002 -9.27314233261979 9.51185413849478 -0.489834974127121 -8.68412023093036 2.09544080781571 -3.38180824493502 -11.0096348969993 -0.960243790170037 0.780184810116272 1.62870594858792 -2.51120923895097 -1.87816545378286 2.70003733336023 -3.46048023942696 -5.34733023166788 -3.18573290798292 5.12049776102942 3.6415207879779 4.89294348312018 inlier mahaDist=1.83597257389367 cluster1 intDim=8
2.30067198524795 9.5545761096215 -3.02490992174584 -1.39169391181697 0.0292470553598824 -5.03447106977251 1.16628388604922 -1.80416632722917 2.9803953087025 3.56103806379608 -6.96822875630873 -2.31949965227282 6.28848395058201 -9.18953532064512 9.46939700300423 -0.132111058887044 -8.20661960160456 2.41197221762669 -3.65220593231877 -11.0374017817368 -0.852993901242321 1.6391116620873 1.01584059867987 -2.94112369687584 -1.89229033832771 2.80727451405643 -4.23866015061758 -5.6508472260374 -2.32125080142209 3.70007149441529 4.35598889045529 4.5075468333609 inlier mahaDist=10.0859763874288 cluster1 intDim=8
2.92113183756948 11.0146137889604 -2.9055438452984 0.568091237802742 -0.692578014884414 -5.56548499531583 0.901866020790482 -1.50908319923621 1.89565465690535 4.26597696292232 -6.17977573495618 -1.72160218872161 6.08250405239193 -9.29064968078054 9.54719784726783 0.848787636010351 -8.6617753755481 1.49118558577526 -2.74913219811918 -10.0482124026846 -0.632297781401261 1.60941369127888 1.16832993934181 -1.9497457533681 -1.17397320961783 2.55646808576245 -2.78061033004037 -5.85490796588509 -3.56725220733737 3.20151476882997 3.26819458181137 3.9911740182446 outlier mahaDist=15.7465790858726 cluster1 intDim=8
2.51755782799168 9.647576673104 -3.62882442712574 -1.34639636345675 -0.0918021796335301 -4.80309362456201 1.11850968813837 -2.5772179299379 3.13864288339858 3.4322224478525 -7.17407277311854 -2.27669561786249 6.24296662102752 -8.85149456845845 9.71433380332038 -0.961321423433182 -8.85947316145387 2.14996277394846 -2.82382445875598 -11.0098045309011 -1.13583001796331 0.937932538030011 2.06988934475574 -2.39326879619924 -1.78897287533793 2.73437751567633 -3.82861101761309 -5.46859637052647 -3.37295411994521 5.69850174551517 4.0023318219444 5.46991765636908 inlier mahaDist=3.14097544262814 cluster1 intDim=8
2.84362839196006 9.33729521021467 -3.70643392970653 -1.66407373374039 0.229552016689391 -4.52159147418304 0.672721045033732 -3.1560941949792 3.11515022475452 4.16949626009647 -8.05101588319343 -2.28182226491626 6.73317041804139 -9.60044669544493 9.50014783673445 -1.19829140179582 -8.96427405824747 1.76307618441198 -4.0958282336861 -11.2821036752055 -1.44473914434402 0.55315658732942 1.93084038650381 -2.63406928908947 -2.21018712617704 3.0044170923078 -3.72423257506348 -4.73944421437251 -3.62311762555787 5.62587183504842 4.01198742823679 5.18723370783141 inlier mahaDist=8.44844387664495 cluster1 intDim=8
3.78210598751642 10.43236616857 -3.33933352802696 0.222658394828384 -0.0295336174281248 -4.98981692387828 0.83190575088676 -2.17859882209943 3.96977070044389 3.88217789516343 -6.45447297237243 -2.64408156041364 4.40506052300457 -8.63927713819021 9.25642121843917 0.00332681627766029 -8.60246556569292 1.95151329102198 -3.42930311010174 -9.96391536593038 -0.750053612228136 0.452337314521869 0.905826681682643 -2.82983399523898 -1.77882925676918 2.53720406991336 -3.11292205596625 -6.00909513493083 -3.39582852217081 4.54647266685557 4.05130723737725 4.79199993401254 inlier mahaDist=10.2283349245926 cluster1 intDim=8
2.42855344004752 10.1649646827178 -3.04885330774862 -1.50449098936983 -0.364102462279749 -4.87787305005745 1.53784451839222 -2.52050147042156 1.69848188245909 4.11020466466397 -7.14216317493504 -2.09025914111003 7.04273247198332 -9.71508645551238 10.0792846101205 -1.0553950330113 -8.70764758107312 1.39938960121859 -3.43782387270195 -11.6409246693564 -1.47739156761051 1.24729007952576 2.08135890071632 -1.96364032554728 -1.32223167978187 2.59458614938431 -2.55713803530087 -4.82210892011002 -4.26175169225756 4.53832861891214 3.30382428586591 5.02550578952827 inlier mahaDist=10.2678702573674 cluster1 intDim=8
3.23037443475886 10.4991245390238 -3.45583403316567 -0.737330947777776 0.858554614825361 -4.83319959364216 0.383291993201303 -3.14691056502753 1.84365952463175 3.61901310510814 -6.49355481653082 -1.954051377778 6.24914804819658 -8.56213888647208 10.1004295568773 -0.0431752318542145 -8.76809034930961 1.3864725222305 -2.2066318663181 -9.34535673447261 -1.73410996606804 0.411697730835052 2.37154520643532 -2.38452627940737 -1.93530211848018 3.24949247051153 -3.69707251833345 -6.55008766332356 -3.80237050000958 5.61054489456753 4.62335587445581 6.49392221393979 inlier mahaDist=12.8013720804571 cluster1 intDim=8
2.75860796349595 9.74365398299718 -4.3733487041097 -0.789060333551367 0.288062166050554 -4.81239256050402 0.700566757256619 -2.83873044046699 3.87448663850593 3.02110804618135 -7.19696658968446 -1.95996386108966 6.23123454104484 -8.45710177955341 8.63076611994634 -0.570279117727958 -9.84186430352495 1.82672697612827 -1.89733926373766 -9.95748530140525 -0.807226972165208 0.885614158914512 2.1279841219297 -2.11773885024403 -1.58490246972496 2.56078495706974 -5.1287211272404 -5.35587372098611 -3.87052559271444 6.12216679259144 3.8910510863403 4.5401258832222 inlier mahaDist=11.8002885397703 cluster1 intDim=8
2.80075568888623 9.84030191549538 -4.16585512539998 0.159697018465681 -1.39500803711549 -5.01587849950527 0.0835420078915341 -2.27424244755291 3.07516423391214 4.60238941154909 -8.40511056994554 -1.28616050797054 6.92063102297145 -9.2948210132838 9.15500893325221 -0.268471373444794 -9.90899141012239 1.87919591135066 -2.53606271897197 -10.6448738002798 -0.352642212201742 1.5292802544353 2.13618541526812 -1.48895170662302 -1.65869143428302 2.80096413767305 -3.7719901488153 -4.76384822555083 -3.69433430431301 5.74273924338345 3.09396882416657 4.05289674854704 inlier mahaDist=11.4021406757614 cluster1 intDim=8
2.66304444806028 9.92005082990072 -3.16554886027106 -1.69262413070807 -0.605071439824947 -4.45774352853137 1.41201480821746 -1.99185213202798 2.23071769700069 3.63772960660521 -7.85435511200728 -1.79212356317284 6.6498162896316 -8.60899534821855 9.68778064784507 -0.796641817142784 -9.12218665827384 1.88170441540248 -2.32655391604073 -10.9212380065699 -0.849921186317282 2.55735572353223 1.7798888158353 -1.89689815518757 -1.0118067934901 2.54151930794297 -4.09481996070839 -5.36523251113499 -3.73125510121574 3.99754066920759 4.24469081298231 4.54921007971473 inlier mahaDist=9.20444168847538 cluster1 intDim=8
2.89769778080692 9.67145879020098 -3.3577570227169 -1.23441372966163 -0.353220289083071 -4.67028830668889 1.0161539188968 -2.4479773901465 3.10999222988175 4.03589791588933 -7.61895878772222 -2.33415117610346 6.04053324629746 -9.14529125833361 9.78410694731669 -0.937576058859736 -8.68359212434001 2.08833470909556 -3.61786251398595 -11.2306699007165 -1.08073664470007 1.06322461837503 1.65903486804133 -2.52458090040623 -1.86246988147173 2.77925277511633 -3.30617407724741 -5.2496050946618 -3.34523551053607 5.04738834821484 4.02463810315195 5.18663481829504 inlier mahaDist=2.40696307533424 cluster1 intDim=8
2.42689330424867 9.38754067051986 -3.84240079279897 -0.798127156316138 -0.0506840050398857 -5.12213295809746 0.00256474281217223 -3.0527696602633 2.7088297452258 4.51581096059362 -7.70680013439379 -1.95339930672156 7.20921871731265 -9.98006457098477 9.84626547244256 -0.502656929088265 -8.73676302124224 1.99684217097059 -4.01591939233891 -11.0961971203264 -1.38563150003714 0.100849763120684 2.23921571716226 -2.57153156941097 -2.728452875798 3.4233877071747 -3.4139548248544 -5.0913584439534 -2.91212478699497 6.28444443045456 3.67017761821325 5.66855094668296 inlier mahaDist=11.5037072785068 cluster1 intDim=8
3.60604060264675 10.4889814823479 -3.55813516382402 0.271045734754339 -1.06104144732452 -4.84391053374005 0.876286135852193 -1.98529141970837 3.45867703073042 4.27193215263194 -7.44706091801701 -1.98752046107962 5.26937565286725 -8.74641400370197 9.17154006134068 -0.303639475557688 -9.42415635666209 1.69898344267726 -2.7439672560248 -10.353074359388 -0.403359966370543 1.42673848576027 1.36499855428951 -1.86298668949496 -1.16671756491213 2.31195924071021 -3.03672112279406 -5.25706958060703 -4.14957880669324 4.57002517568397 3.39809157171575 4.0162413546783 inlier mahaDist=7.48660352610174 cluster1 intDim=8
3.87151967642177 10.7575037417218 -3.44505200972802 -0.808010601020619 0.546578001621913 -4.4444390531319 1.25598063337594 -2.98247340140236 2.80681141824922 3.6408158310009 -6.80211559429874 -2.31172365468484 5.43544337840746 -8.59025353035362 9.16743216560452 -0.720957687524883 -9.39275377211864 0.862622147737238 -2.64872873332712 -9.8240903594342 -1.37902750323854 0.802570036693845 1.68724484323716 -2.12050198942353 -1.02508921665181 2.33463204383793 -3.36529883748946 -5.43024669617064 -5.17453496295436 4.56929147886726 3.97077256371812 4.73729054843048 inlier mahaDist=10.129650541645 cluster1 intDim=8
3.03608416736452 9.38673636595952 -3.74353384907393 -0.84786792943751 -1.57350760685774 -4.41750490054092 0.488574183910657 -2.13678674392007 3.37411528569419 4.44051610464474 -8.95485827612647 -1.76297550680704 6.1349805632581 -8.64638073955059 9.93106336785682 -1.05508412539002 -9.30291742529347 2.56293811836707 -2.79158421574567 -11.2130857758347 -0.465392453526106 1.90406091484997 2.03397032088158 -1.94026379373184 -1.80442350697743 2.89858511351698 -3.58748575818434 -5.23141463528903 -3.10048500685427 5.79650890999844 4.09505041382332 5.19156823027368 inlier mahaDist=9.33438689254981 cluster1 intDim=8
3.40809111808235 10.0930395802006 -3.67353496925499 -0.275301270336535 -0.144300195990022 -4.84605050465838 0.550731052549076 -2.69883205638097 3.38146359923199 4.25618909836988 -7.34389603675688 -2.21779378634333 5.73091725565204 -9.20555086975956 9.29588802970552 -0.447660026087023 -9.08582371142435 1.6441461124668 -3.52000612986279 -10.4387888689707 -1.00501743600907 0.49619640162204 1.58025678105957 -2.41123491507247 -1.88203131743333 2.74987972232592 -3.24305882650041 -5.24212241656298 -3.83796856231928 5.24968714330999 3.70107435745706 4.78233105682637 inlier mahaDist=2.31946922170232 cluster1 intDim=8
2.43862532105088 10.0688952350443 -3.52785773048691 -0.254899576817579 -0.0192349291745891 -5.4195573622758 0.537794215769635 -2.22371734307882 2.65334090181826 3.83492196350296 -6.60721584089065 -1.89260123911383 6.5967987340095 -9.35825418749388 9.37563614256323 0.318843113887385 -8.75331721248432 1.90950467446449 -2.9900437096492 -10.309430698936 -0.915774373524724 0.902013261156468 1.6398303185919 -2.40524083305172 -1.93994252012487 2.9249840323374 -3.87622905132842 -5.68068577491809 -2.97249324182726 4.77932981675662 3.66579844324314 4.67911999371291 inlier mahaDist=3.58624263261842 cluster1 intDim=8
3.96193667873669 10.1009832229899 -3.34636993090696 -0.855570799987916 -0.477319081761396 -4.16122740896647 0.781716450009311 -2.43915350346048 3.24030513425912 4.15262971583692 -8.08646063435173 -2.18213688960962 5.13678112250213 -8.23669475855259 9.72039681518552 -0.805861415198758 -9.10647734463461 1.86908289602739 -2.87325517587051 -10.22811242937 -0.881631650913827 1.54199750430063 1.51972293359007 -2.31035814855926 -1.49088341168775 2.71709329615872 -3.46152463049037 -5.7607938846736 -3.87250529175766 4.7617220319891 4.65413010746891 5.23493466324098 inlier mahaDist=5.22232580361634 cluster1 intDim=8
3.36953180116721 10.2296362217017 -3.3950035641143 0.296383554696568 -0.957822108232758 -5.07619460270561 0.737166037188507 -1.85980815950532 3.63060768677424 4.34109853120682 -7.17794590456856 -2.22974010236325 5.13993993950831 -8.99061496081562 9.43379772084132 -0.111600214316033 -8.81520191140826 2.12663634936501 -3.39136934131564 -10.604881325321 -0.457135964223806 1.04541120332274 1.14554326563962 -2.36008158565169 -1.69012346946466 2.5604597416222 -2.86957127601531 -5.51999758218402 -3.27589812636008 4.62218374292284 3.56543483720122 4.44145177278761 inlier mahaDist=5.66646146557448 cluster1 intDim=8
2.40141882618553 9.56547086264213 -3.38618195432142 -2.6777530811776 -0.682375749610959 -4.15086786864215 2.36410538326552 -2.47925760277073 2.89366337175754 3.20794711702032 -7.93444999738622 -2.38555708119641 6.48521052350994 -8.70269481527754 9.81161328671885 -2.35893845680551 -9.27199040808067 1.89089373301683 -2.59773191297998 -12.2330487937845 -1.17257698284598 2.01452837934675 2.28947458167063 -1.78405326857254 -0.769213429455859 2.05734668650137 -3.47132989360279 -4.4992703605957 -4.60262750699131 5.18588496076381 3.69885253630566 4.94388649174361 outlier mahaDist=21.4210638162644 cluster1 intDim=8
2.11247249686523 9.65941259039717 -3.40379317171216 0.0237494522036333 -0.27851197819018 -5.69647625894429 0.0265128646885771 -1.65611683760791 2.83214213594255 4.05115801480499 -6.81345886006354 -1.74568043963455 6.72098840076348 -9.48480848250495 9.40847497762145 1.03232373293976 -8.30275166689149 2.59508566412704 -3.37587141807429 -10.2793870494774 -0.527326250167294 1.2553311812314 1.17479858102132 -2.81842798836633 -2.4773500649768 3.29992291350455 -4.39043136238845 -6.06550216821588 -1.52178711806514 4.31113890665009 4.03967497882727 4.52222680512483 inlier mahaDist=15.2120167015355 cluster1 intDim=8
3.50695829470277 9.97042543045515 -3.54419352652222 0.0798596543768935 -1.11161266621952 -4.75340809755045 0.287926002318497 -1.92170166078938 3.47386891940302 4.53629925342697 -8.09540288993326 -1.84956134996198 5.5178479974383 -8.74012750599903 9.43662389656938 -0.0818752684028172 -9.13298014510099 2.21449842803575 -3.06984357796346 -10.3281248013672 -0.343779788480734 1.6087986663713 1.3002336487275 -2.22196623601854 -1.7733909727326 2.82315793774788 -3.53036474133635 -5.58434506154427 -3.0970034306614 4.70828159006623 4.04926130825302 4.47839230148102 inlier mahaDist=5.48409921378895 cluster1 intDim=8
3.66825413775457 9.95108554455454 -3.37448892072931 -0.575456892068648 0.531200758523523 -4.73087039686522 0.447318802870909 -2.73421351858657 3.53426989369771 4.34497721220499 -7.30499438335839 -2.49531790242708 5.50303974565926 -9.40428001330488 9.06246928400314 -0.160405377491291 -8.6591095814473 1.61069863899972 -4.45729283094849 -10.2587945992747 -1.15552297518672 0.39597378574882 0.898311827417457 -3.07415256615145 -2.19215131457422 2.9127116340332 -3.57663393030508 -5.35038971986497 -3.40297618889192 4.28378007418541 4.26065405778166 4.52357837911643 inlier mahaDist=8.6838737722401 cluster1 intDim=8
2.16187487587982 9.91049706625976 -3.35915643481515 -1.20378006179401 -0.0958345361136231 -5.11583732385585 1.10997115817052 -2.31169526883237 2.2277743361188 3.65137462950682 -6.91556062885694 -1.94065300216752 7.02481545867957 -9.35950567761186 9.65584082806 -0.403317381783822 -8.7724483398942 1.83213932660498 -2.91000177191568 -10.9806682917265 -1.14682428474272 1.3303613540068 1.93275972388565 -2.2057739572181 -1.61366456893052 2.77069048705292 -3.77397543346569 -5.33259175360213 -3.37902737190909 4.70596726787763 3.68128001199839 4.84689138877769 inlier mahaDist=3.79270751570151 cluster1 intDim=8
2.89298307708359 9.47529406251301 -3.78600200002765 -1.84253261577775 0.868401210029247 -4.33995192029827 0.394344743643832 -2.93564309488677 2.7431642572076 3.46385771231427 -8.04165264187662 -1.73634071164143 7.04612951154944 -8.70728584192171 8.90923070708936 -0.335844533759653 -9.42231841264257 1.63855846888647 -2.65598325909079 -9.82840887797999 -1.20322133287931 1.67313671587123 1.77154555372472 -2.52872402420297 -1.83832271277893 3.10017971750918 -5.70641404876491 -5.50649889710469 -3.40470201343766 4.65879692337188 4.97553187056731 4.61325209427957 inlier mahaDist=14.4545064516701 cluster1 intDim=8
2.86391256223038 10.4524655925104 -3.22376527743179 -0.8973838815368 -0.167528989020083 -4.9115438261052 1.31744564680251 -2.50163128715671 2.14443143147241 3.85543579297812 -6.76210138804616 -2.10725423933856 6.32478168634685 -9.15434836740679 9.82485121203277 -0.651777077587959 -8.88189118749973 1.39520310087662 -2.84700294758288 -10.776472999601 -1.30031941520797 1.06941468369038 1.96248160596333 -2.00434285370263 -1.27373835252509 2.54743334230191 -2.87892665061638 -5.35773574421838 -4.28915052389212 4.69559392613041 3.54100078773982 5.06621186316184 inlier mahaDist=3.7474724011141 cluster1 intDim=8
2.89269485238379 10.2998221397531 -3.16720922192587 -1.09318304289864 -0.455245659650981 -4.73266264172548 0.726395578429371 -2.90143464389502 1.13220260388416 4.74736456152389 -7.72526562352344 -1.70187900639108 7.27951179174433 -9.69323513957086 10.4753138372823 -0.818445134604098 -8.86851089895673 1.19853877133872 -3.3067737274845 -11.0728202368748 -1.65524326954565 1.05700014829621 2.47975419192111 -1.78915544393876 -1.65151502704054 3.07647908200451 -2.31202739546486 -5.11265356038028 -4.34438734225599 5.11825955209348 3.57584627841867 5.74139334011961 inlier mahaDist=12.2136346911728 cluster1 intDim=8
2.78038760011462 10.4205564286814 -3.37857392828624 -0.575076894449044 -0.293266127968067 -5.03996745473519 0.789350677322116 -2.55552250556629 1.79476632508095 4.26134142395569 -7.12853885362478 -1.70455885098712 6.95547935042461 -9.48480778040001 9.72101932549102 -0.272441839033607 -9.09576911354117 1.26499544585222 -2.88589569074021 -10.5783987689654 -1.23365718275809 1.15092258567992 2.07214853507899 -1.83297133397175 -1.45273003013441 2.79250671918312 -3.05816224108559 -5.20952019315912 -4.18139411099975 4.72179326273336 3.39201220288521 4.80463648239133 inlier mahaDist=4.69522751620902 cluster1 intDim=8
3.26145564445215 9.78806454122422 -3.62958001432689 -0.940972205148459 -0.445831360896264 -4.54222611625478 1.07924523136075 -2.43036687037086 3.74801922931536 4.0189368595413 -7.85777348152604 -2.29886509529642 5.7354208466968 -9.0429396759165 9.0521769015184 -0.973517838308377 -9.27923613243656 1.81623272307559 -3.49781036961965 -11.0119666082923 -0.764475497321135 1.23111510255888 1.38989108385298 -2.31633145065655 -1.49817388132673 2.41928679150115 -3.62429378151661 -4.79180553528456 -3.94879938999232 4.79440035017176 3.73573946879829 4.15295123233337 inlier mahaDist=5.04585796405449 cluster1 intDim=8
2.76015442607409 10.1828424172519 -3.55697456894996 -0.413607066293971 0.376570477533917 -5.30841456319678 1.27214336874562 -2.33620181586118 3.68126511353897 3.45850670561803 -6.1242611140824 -2.52776436502743 5.74001223018553 -9.41742266637771 8.66890563039076 -0.172209217585776 -8.87471167207153 1.61774675717428 -3.55933388646084 -10.608469874514 -0.90923024589936 0.466968376745594 1.10710596698361 -2.64022168753607 -1.57251930310092 2.29942997134238 -3.70695685063048 -5.09313719073121 -3.73235315736825 4.38351972309095 3.28488968446488 3.82197179695226 inlier mahaDist=9.32908853910742 cluster1 intDim=8
3.08778518128749 10.2462600096557 -3.31779638666504 -0.984024186306842 -0.501961028704518 -4.61585464885496 0.945061749435778 -2.58095940628572 2.08897335247312 4.12919022330123 -7.54707762657585 -1.9000888867121 6.3617012452438 -8.87253712213289 10.1364527864296 -0.810780724968524 -9.01383281923536 1.60224285729387 -2.63665663982907 -10.6966784633096 -1.24522326403419 1.33499722893435 2.21169618352017 -1.90032541650765 -1.43732730521276 2.80249559163025 -2.97877186655195 -5.5211050583628 -4.10627963116775 5.15739169771309 3.93765215830099 5.56555458332156 inlier mahaDist=3.17428568231417 cluster1 intDim=8
2.47081103509671 9.67483660416243 -3.2482900552509 -0.770968110672671 0.193178203634517 -5.22455544409448 0.349361215402082 -2.28387931778846 2.61060858419475 3.90588998791631 -6.83016127077727 -2.14044075437578 6.38469574039245 -9.2197335847913 9.99805027025584 0.207193347127079 -8.08404024359826 2.40525230171017 -3.49885422344869 -10.4628711086414 -1.16080023803574 0.770211717828742 1.57721229975357 -2.97770669660018 -2.51198830258373 3.35931267698995 -3.8589168768273 -6.22208436949567 -2.07936876277742 4.93586615271475 4.48852027023449 5.75548154449136 inlier mahaDist=8.47311244612906 cluster1 intDim=8
2.85569410167722 9.91218096868367 -3.21494333636562 -1.29688262442698 0.0981579851197762 -4.79286382007417 1.19856312130008 -2.66557196653763 2.80743779342137 3.74273413938619 -6.84644222496517 -2.56464328887488 5.84085371871339 -9.04738753103496 10.1420445205489 -0.950381598291435 -8.3388343236085 1.99320032250934 -3.4820687190254 -11.0746426778674 -1.45500296178358 0.529059228636674 1.87062770383709 -2.67333844805277 -1.92848271573348 2.82865078350483 -2.94488954196634 -5.67513933648031 -3.4350179244541 5.34371020675191 4.11508575471848 5.97142077184691 inlier mahaDist=5.02418234922315 cluster1 intDim=8
2.19954402972211 9.72639527601459 -3.17639046004849 -2.42417422106933 0.11660609820325 -4.57751081863314 2.25050420646292 -2.3638953867331 2.81501391713345 2.73381680997303 -6.73094369988634 -2.60635264445192 6.18950934941334 -8.59155818026922 9.8544711220289 -1.57009229065275 -8.62814619755575 2.07133433079773 -2.57909594013807 -11.5812411606473 -1.33328325526467 1.5304940471353 1.99270072257789 -2.36159757137248 -1.12902532044442 2.27669500081166 -3.81486897744327 -5.37936070950699 -3.80143533628159 4.86674400349006 4.11461259945477 5.37875485843506 inlier mahaDist=13.1215308838213 cluster1 intDim=8
3.00839002801909 10.417526116675 -3.13532616850343 0.529167623640642 -0.875301816937864 -5.46892877308493 0.611890901331844 -1.76886887468497 2.90271392229525 4.2968690538377 -6.42281423450534 -2.2092987220135 5.29070101852647 -9.04245454952313 10.1536723370778 0.289071179042909 -8.20156045770597 2.33021600966872 -3.2102462914993 -10.4913294114649 -0.709632581520805 0.699324833577655 1.42761692789654 -2.47774178528395 -1.99615688099813 2.88351070776094 -2.38049016365895 -6.22913428263564 -2.69894805283693 4.89619820505281 3.6521951318273 5.47946991328689 inlier mahaDist=8.92538093092915 cluster1 intDim=8
2.34506006114241 9.65364482411149 -3.21151430044224 -1.13285685670692 0.149354446154729 -5.17705895290738 0.851310079094116 -2.49726197050439 2.69188360511371 3.79743723013623 -6.63371353672677 -2.4694571902943 6.27481151526933 -9.38439416863061 10.2463464900661 -0.475112148046487 -7.97281890162775 2.3472114661326 -3.75432377560779 -11.1389575988143 -1.41296154120598 0.369652522112568 1.82328284989024 -2.93744391064242 -2.41012211742534 3.14823638255505 -3.1752906091651 -5.88366397208498 -2.52250042688145 5.41663076889842 4.13122243511006 6.1152869898217 inlier mahaDist=8.82908694489846 cluster1 intDim=8
2.8545108306629 10.1394190080957 -3.33394890592001 -1.24921817705435 0.235437777176723 -4.72043697551604 1.25826001830769 -2.36605632870455 2.71884737998297 3.11544155131151 -6.69426928915227 -2.20519143912272 5.8547540467375 -8.28101395334501 9.69668411651019 -0.498908069366122 -8.81279570249088 1.9269031207291 -2.14223304112201 -10.1876317775152 -1.1325695653 1.38827671513704 1.84371881796417 -2.36418459272385 -1.39893589692293 2.65224403233333 -4.11791814486857 -6.12163899454254 -3.54376603799985 4.8211252830972 4.48210192623225 5.4327800716084 inlier mahaDist=5.2150536096028 cluster1 intDim=8
3.85442401465444 10.4750665842897 -3.45669450002647 0.160740448579934 -1.48691533563357 -4.55301674102111 0.467342648089761 -2.16355103205109 2.66560757895556 5.03822900040661 -8.4339018806851 -1.59294170498619 5.84945473601889 -8.97347012587729 9.62446363093457 -0.44580810923556 -9.56461741813763 1.4887925268714 -2.92609652736789 -10.4791339094942 -0.542416802772086 1.77552053059246 1.66666501892454 -1.55463568420546 -1.23654531943072 2.62461611395758 -2.60856059161045 -5.05787611132655 -4.37802426930227 4.58949616675081 3.49955360932826 4.31139406488731 inlier mahaDist=10.4543257196386 cluster1 intDim=8
2.40709556531596 9.78012818137868 -3.53788351092873 -1.21923937636506 -0.562684814837664 -4.77884407313502 0.702757834170091 -2.38533206643599 2.0740279614031 3.83930412008051 -7.75496554231248 -1.59758652660416 7.07247961391523 -8.83025776975964 10.0477229222774 -0.574009308260498 -9.06931270070366 2.04667697131698 -2.21580790305314 -10.7272439676803 -1.04204421128468 1.74180839283435 2.3947842003169 -1.90076806349705 -1.65919103264008 3.01998293627078 -3.95683130563853 -5.63875486931677 -3.30734537390493 5.41035282670634 4.11575546613297 5.50893875139003 inlier mahaDist=5.43626931565126 cluster1 intDim=8
3.41433567870921 10.2965922841069 -3.4066498224665 0.502015395768014 -1.37951844672909 -5.0167813566475 0.493184541837428 -1.66202656756817 3.32910454823783 4.3557285000775 -7.42040121687214 -1.92571121307797 5.11587537961102 -8.49262575665023 9.8309575439458 0.0508149309030321 -8.8838289702078 2.3777761832844 -2.59683554028769 -10.270775749701 -0.295023678872964 1.47485008191232 1.44679458668438 -2.10128372579397 -1.64862678301326 2.73111008755 -2.96428080911124 -6.043139494024 -3.01755816317475 4.9319888040188 3.87210041879555 4.9766951195324 inlier mahaDist=7.15594760900504 cluster1 intDim=8
3.07922236657363 9.77787314842594 -4.03077893984171 -0.202971621290085 0.360933006778053 -5.05334896349551 0.0203376481660698 -2.93409748602737 3.60958739554303 3.85426179329532 -7.0595591676216 -2.14668168305759 5.92638670324368 -8.98447931411476 9.2908917395688 -0.0814203982253943 -8.99916133535856 2.00847970362263 -3.11556559962785 -9.9121095179617 -1.08079917901266 0.0316366990561673 1.87468762292545 -2.70889574874943 -2.44964051490131 3.14797334635652 -4.10440444705671 -5.81976431151279 -3.05319252586883 6.1859521772964 4.11979138272218 5.46989197689267 inlier mahaDist=7.35013024893799 cluster1 intDim=8
3.58897178867358 9.77417291083896 -3.77687440591705 0.195004202777503 -0.0493970783687242 -4.94776204128198 -0.563956447707607 -2.87182622499117 3.34160898125114 4.93319757866232 -7.86303184582346 -1.99900807720804 5.94450868006954 -9.48975659349573 9.51401162953578 0.180955366330147 -8.8012876274292 1.93687474893727 -4.15587456812669 -10.0068017287364 -1.03313342810621 0.0852428585775452 1.5069594290891 -2.83740105440058 -2.80433860227166 3.47783968587196 -3.42292423477126 -5.6368188941973 -2.82004797144355 5.63610610955426 4.18919132085768 5.33675553166446 inlier mahaDist=10.9311029816326 cluster1 intDim=8
3.08874135939923 9.96923684932936 -3.44402266167507 -0.722656575660074 -0.21937305797589 -4.7615979330542 0.623615782330028 -2.32049208794781 2.85935004163171 4.03721438877207 -7.54768587063674 -1.94475671987208 6.1642872254703 -8.92842465310159 9.43089860671724 -0.221225305738585 -8.99145487574799 1.8596815917706 -3.03325576157082 -10.3434480952446 -0.881407308326303 1.40797190369545 1.53400708707679 -2.35190839916473 -1.71861474428509 2.8513804130145 -3.90701010556234 -5.55801607357388 -3.37158447974846 4.56442351611116 4.17480687413637 4.70351872305823 inlier mahaDist=1.11962926119271 cluster1 intDim=8
3.26957690620571 9.91537801167913 -3.64855374566648 -0.921083392943443 -0.252133710102935 -4.63095737007706 1.12126930491815 -2.85516219542428 3.53855435723887 4.13719838132834 -7.52325614872602 -2.48712136876507 5.76272892234329 -9.33942268005355 9.37982674057107 -1.26146166182678 -9.12282788726828 1.59924938106326 -3.7956392456241 -11.2343064714912 -1.16451970399565 0.460475093103063 1.7358889771778 -2.33279614941051 -1.66984685578552 2.48108201742013 -2.8772073724098 -4.69801401062535 -4.31156685903629 5.47224132723129 3.44116559617259 4.80442849142925 inlier mahaDist=6.1577924859592 cluster1 intDim=8
2.94810666075858 9.75856131495689 -3.74874288537452 -0.882910836210092 0.179472458347804 -4.81585124882991 0.726627421791162 -2.74130663575071 3.47629831111038 3.56464159673304 -7.08623786248934 -2.3338384382801 5.81617291124319 -8.77063760176158 9.51380174926845 -0.640164174601289 -8.89032009764633 2.06976314957977 -2.97729270697533 -10.4588545209947 -1.12375753081669 0.527772997962361 1.87955872271066 -2.60360414032974 -2.02211113542883 2.85503136584531 -3.90997416762256 -5.69320721348774 -3.31836040562304 5.80544986605611 4.17601024054634 5.49927506620599 inlier mahaDist=3.10035045477934 cluster1 intDim=8
3.33389792904919 9.85369215515846 -3.90444399494919 -0.648764550357679 -0.639313711041443 -4.53541677331779 0.939775662593304 -2.47033984781255 3.94013225415684 3.85671406635178 -7.88375799298721 -2.16103427100557 5.57120497900729 -8.6492045297459 9.05932003576488 -0.985174614336769 -9.57942083059645 1.90329518796049 -2.79644429152201 -10.7032228653812 -0.626550183917504 1.21525827194879 1.70203833510157 -2.07121791076794 -1.4235422410917 2.39758219240707 -3.78262153283413 -4.99915353416946 -4.05922862936124 5.46104330076561 3.72108245349283 4.39865853663235 inlier mahaDist=5.29882152101095 cluster1 intDim=8
2.77411361456215 9.69803129701087 -3.61807181861983 -0.692074049933068 0.281014442703518 -4.93803191028698 -0.511366883208053 -2.83674907915959 1.87920349312123 4.39073710171974 -7.79818278938136 -1.43952045631836 7.29492725051392 -9.21681852305458 9.9575779329449 0.399585882092798 -8.77140750265712 1.92677461923244 -2.98378422274731 -9.74085530147525 -1.31771031346483 0.978463077343082 2.14747158001759 -2.53118883791103 -2.61732316106189 3.7897424670272 -4.39933874706409 -6.15194754979294 -2.53081021756107 5.4236761552198 4.73020400643883 5.89209727758642 inlier mahaDist=12.8983820833385 cluster1 intDim=8
2.4357228938699 9.9811135276802 -3.58022577367838 -0.782590868504828 0.258346078903471 -5.26045858748352 0.794997475986326 -2.83587075669367 2.52897758956381 4.04913553596672 -6.76093244867048 -2.13182611893057 6.95493976342451 -9.95734965461402 9.41698461394437 -0.411265189876868 -8.81620877462757 1.46478232969811 -3.75076271417085 -10.980037638305 -1.39920629339505 0.288104637331078 1.90517443651218 -2.39396100338545 -1.97818461093439 2.84446788911331 -3.25681888135191 -4.92379793727636 -3.74540384408797 5.19445540540585 3.24047759435346 4.7934566197496 inlier mahaDist=6.08613847005746 cluster1 intDim=8
2.96856354325855 9.02141880201027 -4.13355602057743 -0.755618357595909 -0.921195219435237 -4.57160180858493 -0.152765487367821 -2.68738245083676 3.71528374866278 4.83318546630291 -9.23574077158546 -1.72104436252674 6.81420590593587 -9.54287008798738 9.22214342703871 -0.795684448511204 -9.49564338685738 2.2494932519965 -3.89240845476392 -11.1685248376965 -0.632646292108637 1.15689816711355 1.83561589009903 -2.29681345203339 -2.40916855953597 3.16991712228171 -4.09244399750986 -4.55254041533222 -3.00710976234287 5.94855240683302 3.84022746955325 4.5048310408608 inlier mahaDist=14.2452479405668 cluster1 intDim=8
2.57211792130827 10.0221097078768 -3.54455998155989 -0.467903235438443 -0.374781630949463 -5.16087722638599 0.959964481790551 -1.92419997363775 3.12050058438968 3.67880834117513 -7.00516364569527 -1.91571466253465 6.32765727316718 -9.09549427191475 8.96233801486858 0.00862440339108361 -9.11861410236368 1.9201523251266 -2.79694166980248 -10.530399647722 -0.560700086285652 1.5802497387691 1.35994876295937 -2.1984198665222 -1.43467986292872 2.5111468325151 -4.16258400589518 -5.29162405924025 -3.32508475723307 4.24031212424798 3.58297184272184 3.82422651621394 inlier mahaDist=5.32501606560486 cluster1 intDim=8
3.07758116603477 10.259410138995 -3.31239955156307 -0.820020326196262 -1.07155548340431 -4.68877839392101 1.79294440824561 -2.06985947343348 3.27594454764865 3.74231526462662 -7.16249616373372 -2.42100139868612 5.31395161052634 -8.65819194949675 9.81214085731242 -1.31229541607486 -9.02200405626542 1.93838151302886 -2.71950820408143 -11.3935964769621 -0.783115786318314 1.3781987515927 1.78980300606191 -1.88752486396486 -0.98260326827616 2.10195651862156 -2.52655580750665 -5.15028685280916 -4.29876172681718 5.04048322929018 3.37138321374269 4.89053522737586 inlier mahaDist=7.8821392620458 cluster1 intDim=8
2.0245062002549 10.0157890696718 -3.93939702776809 -0.947061452586046 -0.878088681477667 -5.04377286447444 0.937258511951846 -2.63828435285354 1.84385833706966 3.91913813395186 -7.64388802058593 -1.33675132492175 7.84907728637538 -9.40486203880369 9.69718522138008 -0.893164558090973 -9.74983124673108 1.47618264483201 -1.93952369742409 -11.1606366076142 -1.05950022249601 1.50059236599298 2.93167839461777 -1.17269610263163 -1.2269708086757 2.6559548739242 -3.52554555161598 -4.68905273160441 -4.41785548875059 5.97920133415357 2.87575210742231 4.80643831540759 outlier mahaDist=15.6824746150905 cluster1 intDim=8
3.59740503839492 10.3117872476883 -3.28238395010027 -0.452656964181253 -0.249966959331292 -4.62964907847895 0.575982926455126 -2.4938124558333 2.74670058083835 3.85381461596866 -7.03540917385717 -2.22609149640894 5.06689881772961 -8.0473681914052 10.4715409099766 -0.399176820041976 -8.53186782394655 2.16614689576819 -2.33391988405546 -9.86859307141366 -1.17112805878623 0.840021619824756 2.01791234494011 -2.45183671763609 -1.89997445721756 3.0692660592545 -3.071878542079 -6.73567512210287 -3.25723857188467 5.67587642074543 4.78122325585526 6.68510194550333 inlier mahaDist=10.225206432197 cluster1 intDim=8
2.4845841495812 10.3424288863581 -2.94982087289783 -1.06507667478951 -0.503284939261409 -5.01403624981901 1.62116066433385 -1.90937479743237 2.11998897152806 3.43814255822847 -6.46630919290944 -2.17243518847073 6.05213075680937 -8.67037554561499 10.2474084485591 -0.552774534066666 -8.44542280495986 2.03014137375504 -2.34168104659696 -10.9282361557 -1.07155109409913 1.60882374039054 1.89791720969 -2.10062579882717 -1.21015514410194 2.53717304776757 -3.0248192306383 -5.97360457617465 -3.49150972721014 4.49283977724338 3.8986623059382 5.49176998451585 inlier mahaDist=6.40395449324915 cluster1 intDim=8
2.00424398870032 9.86134066958879 -3.79172846919716 -1.37819056006614 0.719017475363992 -5.14581732345023 1.20256828389416 -2.5791681803728 2.777624566907 2.73790154717388 -6.35027611992313 -2.00458391078429 6.96913134076479 -8.90317985187551 8.96865785659571 -0.292237924042549 -9.16489683249955 1.73563680534463 -2.12728163621833 -10.3145746118156 -1.15643539040273 1.12562549562067 2.02409956308228 -2.29337564813298 -1.49224097968074 2.6057827446241 -5.01832976433937 -5.51604148291765 -3.53829563297787 5.06743143712955 3.87406055009337 4.59145284854269 inlier mahaDist=10.5553693179992 cluster1 intDim=8
2.85905001377171 9.76268514376236 -3.40178599233485 -0.402732130130901 -0.481295731568443 -4.98556339662246 -0.00624459974732439 -2.18314980144909 2.52881343320953 4.30838055581482 -7.64356432701178 -1.73884411496077 6.35352976152055 -8.89387512053514 10.0863302079027 0.209345136829335 -8.54884325191087 2.40242390719722 -2.96660579185721 -10.2028975367937 -0.866449365670813 1.29281791000867 1.77536638413648 -2.52285653025033 -2.33490114110246 3.40881399888937 -3.82442281383181 -6.23036908568841 -2.30672601214146 5.14498069082846 4.54020380256518 5.70229669011708 inlier mahaDist=6.23688845139554 cluster1 intDim=8
2.68498866027915 10.2004207375654 -3.30250345876191 -0.720042183822956 0.185042923503569 -5.15915027556693 0.984300741892605 -2.47746682571649 2.53166156895079 3.76156087518719 -6.47418380985876 -2.22978892251255 6.25560655629642 -9.28599593566997 9.67632416222052 -0.23663653832427 -8.57356288698769 1.70730382787971 -3.21770742250101 -10.5932162345811 -1.26488970063934 0.673611664628654 1.7170953515503 -2.47507146913329 -1.77892695956816 2.78511576814641 -3.29384857525343 -5.6262038731487 -3.49555377700559 4.79792012841554 3.75218050684123 5.14864396956287 inlier mahaDist=2.30222930852734 cluster1 intDim=8
3.53126956463143 10.4886999978317 -3.42462603180813 -0.942183883186727 -0.265737216242639 -4.42800587119374 1.35951941743608 -2.68208441065702 2.75875481459506 3.73878690707484 -7.23649564844832 -2.21429138822565 5.55997688280771 -8.4710778318596 9.70289217047892 -1.08777852299488 -9.29622194486536 1.37364463693471 -2.40466816914688 -10.4623241532578 -1.18676457107725 1.17672141801224 2.014803187215 -1.89004611869063 -1.0409022664646 2.37252829557567 -3.02787760046459 -5.43454397748347 -4.79143751581599 5.09942662328305 3.88226254715723 5.21009666351146 inlier mahaDist=5.79037384353474 cluster1 intDim=8
3.04641932063861 10.2750437285779 -3.5811291323851 -0.358386876044676 0.262500629798299 -5.02551219527922 0.487572996719324 -2.42209985387998 2.63505722555107 4.08880395282958 -7.21075583297043 -1.69668077571892 6.72387606294222 -9.43964601982221 8.61096149100253 0.362702182142398 -9.38905249665549 1.19581262061296 -3.15740241354596 -9.87912005917333 -0.862732648983873 1.36102674571131 1.25848767871356 -2.21674250589721 -1.50579684653777 2.71123729644101 -4.35328935037205 -5.10377449571261 -3.89072951223737 3.77454219572612 3.69337061858586 3.45003916462291 inlier mahaDist=10.0547558009826 cluster1 intDim=8
3.37851626577732 9.87152911665166 -3.7903224181635 -0.979180437467018 0.143433926570326 -4.52035902377567 0.865152151006136 -2.93148413979281 3.62152780751105 3.8124905333847 -7.52668496484234 -2.36019678109359 5.71623660143463 -8.88705878029539 9.18395694077891 -0.970757857726499 -9.27077412244514 1.64689158600819 -3.25762952241104 -10.5519645881902 -1.13148201689371 0.623223822194844 1.74177908574067 -2.43180693107124 -1.72370364729952 2.6199556726853 -3.73609836929847 -5.13633706284672 -4.10032211837999 5.49683552340504 3.98047746152198 4.90174078818421 inlier mahaDist=3.68857390459338 cluster1 intDim=8
2.36629641152506 10.2974406180149 -3.34772345722636 -0.17087564088833 0.250217354117252 -5.59382033143487 0.247234457131285 -2.59754018783425 1.69236493273757 4.10107648619706 -6.21357300021656 -1.82939155281472 6.96524945350996 -9.61915359781397 10.128750638133 0.460639038117975 -8.33344872762497 1.72918062055084 -3.08120059440669 -10.1824313118357 -1.45435859428949 0.28521369067762 2.12825227679993 -2.44139028512154 -2.30086664163147 3.34450064266003 -3.15113523494131 -6.10186922656592 -2.93371365763363 5.30583415488552 3.72337660975346 5.87033094766779 inlier mahaDist=10.431307434661 cluster1 intDim=8
2.69154286805026 9.61862668828658 -3.60530579458357 -0.0576703504498983 -1.19235371006933 -5.18019753491373 0.538663344189985 -1.76755664657909 3.73320332925945 4.21541352558633 -7.56148605435769 -2.07534718954786 5.7654224965908 -9.07624744106207 9.5988303524832 -0.216567604436995 -8.73761124772138 2.69538762685578 -3.30683734864482 -11.0460276415386 -0.344577643892093 1.21373656213815 1.44091256786367 -2.41973200237968 -2.06589190775718 2.81553307448281 -3.41733169783484 -5.49834967718525 -2.44919681405896 5.2727828626849 3.66414837641106 4.74068141102544 inlier mahaDist=6.02257581173289 cluster1 intDim=8
2.25517170847063 10.181445886112 -3.62654812827658 -0.727502201956435 0.0734853956346792 -5.26159376699846 1.34771523458373 -2.15142968499213 3.03278017448176 2.59293651283313 -5.84396904259498 -2.20280884741438 5.82635126329922 -8.16098749383949 9.66471261958945 -0.268486013311375 -8.80808068097389 2.2656068315916 -1.44211780598461 -10.1652861677968 -0.926340424345672 1.0337802119075 2.14700605220043 -2.22766538168063 -1.42680350968522 2.53370929334628 -4.20606673481126 -6.38073816112071 -3.20571969848891 5.63590561512636 3.99812976093784 5.60636193926948 inlier mahaDist=11.3288071388857 cluster1 intDim=8
2.46794729300975 9.94338359671765 -3.417450667545 -0.859563438856408 -0.7264045486528 -5.00108170885613 1.19179203748405 -2.05596176791784 2.78321495544136 3.71804312328848 -7.15449693109724 -2.03021389520663 6.3017485569023 -8.94891288290101 9.77477566545508 -0.626577866150362 -8.87480774944967 2.13240462582471 -2.65734045548066 -11.0787179947481 -0.818687701839901 1.47194769353879 1.8976435450546 -2.06535999043043 -1.47520824163856 2.59532194024774 -3.42192504309816 -5.42683055496293 -3.38741723700304 5.02834676797788 3.63806569208475 4.95012730731851 inlier mahaDist=1.99423163791506 cluster1 intDim=8
2.41212539846912 9.82061854558981 -3.69388570310124 -0.466187381950546 -0.276238904577191 -5.26655232697774 0.477626139933034 -2.4539373451901 2.75070923126778 4.09388672290101 -7.16801352713632 -1.87190213439714 6.84523782346118 -9.57181330042886 9.4766966303919 -0.148183990357091 -8.9214991036695 1.92252928190903 -3.25352893455357 -10.7734199825056 -0.977620752595148 0.789602898371624 1.90009181158398 -2.28337875784842 -2.04553406883822 2.96396480048356 -3.64812066597359 -5.24976381255057 -3.15696365046497 5.33908820830824 3.4784419715245 4.8078764933892 inlier mahaDist=2.74369358730021 cluster1 intDim=8
3.71991679870989 10.0963079307694 -3.27136513315379 -0.318122165821803 -1.11175045290506 -4.57369201148724 0.956657173821234 -2.15789571706091 3.58547352161726 4.52879632888221 -7.79159079945173 -2.43260448170007 4.89779564272759 -8.82194271929763 9.90836865264078 -0.919359573054106 -8.77342237450393 2.11506540733905 -3.62620463403459 -11.0586172248565 -0.721896441525137 1.05059659172531 1.38387257626069 -2.34115690032591 -1.65213317589864 2.56686797300732 -2.33920062626762 -5.3753644796384 -3.67074676373692 4.99933584395388 3.83926888096295 5.12720063707993 inlier mahaDist=6.74585240685495 cluster1 intDim=8
2.85427896748273 10.1878632352188 -3.5975182183282 -0.400665231890454 -0.813783393324809 -5.03024689372025 1.5836921948978 -2.02670740835061 3.75993833384605 3.57051316361227 -6.79649301876943 -2.39581814046759 5.41457943674351 -8.88206843963347 9.2076787883593 -0.863942707541828 -9.16424276452069 1.9534539190201 -2.80034599789045 -11.1416400855292 -0.586282406762273 1.08860098167738 1.56664998976104 -2.02395277290239 -1.13939632132729 2.06176729316697 -3.07171774212074 -5.02555420787277 -4.04793975181405 5.0432722666701 3.09248039218823 4.23166532597547 inlier mahaDist=7.06029702491201 cluster1 intDim=8
2.35748854036868 9.82912572077074 -3.74085163740015 -1.30261574870027 -0.297011763973153 -4.8314604244076 1.41097608226887 -2.30774188801389 3.0653382665494 3.26114129669795 -7.26043416727661 -1.97179377829087 6.64143821944866 -8.87533645794576 9.07897333744888 -0.854029199173842 -9.4429233081225 1.81637497726833 -2.31991820423928 -10.9550060272087 -0.814353973677728 1.65242457357368 1.94762326935061 -1.91633126176656 -1.15413655250078 2.33418863391118 -4.31759826127161 -4.96785309782558 -3.95295045068824 4.97544279320361 3.55331788131677 4.20168730934384 inlier mahaDist=6.85763225135088 cluster1 intDim=8
3.41495071315525 10.1869692780395 -3.18429008386258 -0.763240994084486 0.114085337017971 -4.70201107836404 0.477342669571247 -2.75544164499368 2.26274819166716 4.54598641520744 -7.47889104949983 -2.07810219579639 6.23890004819638 -9.38403367473174 9.83519498960269 -0.29603892989858 -8.66798939334935 1.44891626557461 -3.79673500936465 -10.3999521041719 -1.39346577797507 0.809871201332921 1.59501061646901 -2.51946752312437 -1.96529921008705 3.08246187301402 -3.04234007439327 -5.51313331251769 -3.70583428362903 4.52328157377261 4.17851154173582 5.26290300482957 inlier mahaDist=3.6718455436751 cluster1 intDim=8
1.55698239417701 10.5630991687871 -3.45594879581965 0.317455091326561 -0.87743927665159 -6.14262041479377 1.21681179261883 -1.68963828880323 1.98187307144749 3.85620930087541 -5.79859356010762 -1.63407469316077 7.34620188338323 -10.0668160489851 9.36412064368407 0.380345922472091 -8.91688746217287 1.6248907151967 -2.6315742242126 -11.1347712405404 -0.68550252285775 1.10518954331532 1.91880308826966 -1.59167551521988 -1.25734126975042 2.38653122272499 -2.86248683397911 -4.9690840201439 -3.60749438056193 4.51308900881151 2.06322788681337 3.77480719136352 outlier mahaDist=20.3146069745447 cluster1 intDim=8
2.73589853088635 10.5602083971767 -3.31216021172222 -0.112039200399795 -1.06325248953092 -5.21167652345469 1.2225748864726 -1.99150286395194 2.36526676462514 4.0087077489358 -6.72004526121877 -1.93431002838837 6.05548618914336 -9.00846769216891 10.0004111710664 -0.432133881341565 -8.93011943297395 1.78793267279043 -2.40513783834442 -10.8795542886563 -0.827156354955557 1.25755515383001 2.03533488092421 -1.6921674129892 -1.20233829751544 2.45993773935675 -2.4644581354044 -5.50926252475027 -3.96905785237386 5.03326373419516 3.12535279287475 5.02951192120013 inlier mahaDist=5.6144542750761 cluster1 intDim=8
2.59657819619732 9.99158389878649 -3.41112585348028 -0.458459875544994 -0.315255399730282 -5.22857431395816 0.982933483036176 -2.01196814222706 3.17808602230598 3.7445951927891 -6.73898412491112 -2.19130377307326 6.01249329769959 -9.16911992266287 9.35753831619967 -0.117560792042949 -8.69784198116268 2.09750810267608 -3.17762624216382 -10.7432741694281 -0.753189528536962 1.08817301886806 1.39261677675923 -2.46229729536424 -1.72217139507829 2.63030610048903 -3.61845666079685 -5.50397156816831 -3.07465478840445 4.59018934723369 3.64826645479612 4.5021304879527 inlier mahaDist=2.54623570120379 cluster1 intDim=8
3.42238438676374 10.247579376266 -3.66929345747597 0.111155244784995 0.141686335266667 -5.08335346442995 0.173016163315588 -2.8062770174623 3.08320283935037 4.46456901250006 -7.06888015989827 -2.09644728748715 5.95840170051289 -9.49952469899925 9.23943860600365 0.0574225803094033 -8.98368732750446 1.45633286283382 -3.72619460339757 -10.064804399054 -1.11556509585995 0.171840161529983 1.52069025279632 -2.51724669047718 -2.12326203270949 2.96529325031151 -3.22274169258585 -5.38010001873116 -3.70112040397081 5.12666315011204 3.64884892066923 4.76563961151513 inlier mahaDist=4.95360416052342 cluster1 intDim=8
3.76141579994032 9.87233662302363 -3.34404456235185 -0.937604731422424 -0.589207464973704 -4.22755381241033 0.531756439865983 -2.46408327619508 2.97876422198068 4.74660532509669 -8.67940358386446 -1.95154336908022 5.97944100420935 -9.06895217114756 9.42362814968951 -0.697251363384176 -9.21377673103528 1.64508316121328 -3.74412454680721 -10.6617674776358 -0.858810986065458 1.69806569100548 1.31141034721012 -2.28792108753882 -1.64359945279903 2.82857444285414 -3.47838805546827 -5.00771925950816 -3.85381091458954 4.21192058338019 4.28395200511754 4.38880180552462 inlier mahaDist=6.83958133105406 cluster1 intDim=8
2.07648223963918 9.47257765651002 -3.31664096028917 -1.63379364788156 -0.716941712239798 -4.82992544569307 1.45616203581043 -1.92181024579214 2.9501619770112 3.1480834027754 -7.17447781638443 -2.25014820270128 6.13404325675352 -8.38741433291056 10.3118987481675 -1.02683881603108 -8.45466415519871 2.84349173476855 -2.28279029307142 -11.3989437429741 -0.875691494554387 1.70600401844356 2.12392800536436 -2.34563702839753 -1.66884071795145 2.73619890816277 -3.82877235456291 -5.97947812288368 -2.59436349156854 5.54027932843205 4.32075812106048 5.96244699521679 inlier mahaDist=10.3770834027864 cluster1 intDim=8
3.18113783844328 10.2855339145698 -3.21929502843013 -0.597455960014483 -0.474636889364762 -4.82964385511514 1.00724429516337 -2.3877389746696 2.65326113068871 4.01581886706663 -6.97471334788285 -2.2745678659847 5.58009325957068 -8.77551729772954 10.217822077261 -0.650047209003438 -8.58810474534311 1.9325979811501 -2.93371337114804 -10.6886913066978 -1.15426508340548 0.866475656985341 1.90136034414122 -2.27864618424602 -1.66707858118278 2.76699689706992 -2.64012709666105 -5.87550754938511 -3.64080570645281 5.24631227395706 3.96819937523839 5.83109421487873 inlier mahaDist=2.84543424304332 cluster1 intDim=8
3.2075637320424 10.7405827039096 -2.85720483105211 0.145037344846644 -1.85845883286925 -4.98509166856506 1.17696448919067 -1.43774986258055 2.12954331951996 4.37740678393458 -7.11675322903574 -1.88268126929514 5.31565086011837 -8.42692467952114 10.7381805648773 -0.342589171627418 -8.57113963551594 2.21241639532469 -2.16102960265021 -10.8017388856882 -0.566126953543486 1.92680575651001 1.86484561631218 -1.63815763017441 -1.10985086070489 2.56998540948445 -1.83715377058198 -6.183853679371 -3.53380552544195 4.62316824922782 3.65572450416989 5.64874590417786 inlier mahaDist=14.335342217435 cluster1 intDim=8
2.78166800635698 10.3722329286022 -3.4114138844387 0.25590572871143 0.231203811628973 -5.60172068205988 0.399765543144898 -2.38809527561184 2.69740683480589 4.1081472252712 -6.10452916372119 -2.129813092335 6.14814253256462 -9.62428735900765 9.44211364008016 0.549727432828576 -8.47186881864809 1.69752234187518 -3.55215906935697 -10.1209473969599 -1.10205102203415 0.172193680182772 1.44157823739573 -2.64644810843866 -2.15699475724675 2.97905777691601 -3.18201124600947 -5.79752316635173 -3.0847606491411 4.7585390642981 3.50275227573504 4.87781787529763 inlier mahaDist=7.56100492038199 cluster1 intDim=8
3.15589467794399 9.57509727883639 -3.30699285343149 -1.70467848549675 -0.611412707552402 -4.22123833035363 1.27800651921298 -2.40317629138254 3.22841092729224 3.97380794278756 -8.22036816100614 -2.34602027756099 5.81807189605586 -8.72843220756154 9.84746839571215 -1.42791523520112 -8.89863068074773 2.13544922174067 -3.35683175160783 -11.3869801341651 -0.996312653925849 1.6233850071615 1.68588727461359 -2.36610160251174 -1.54936646819199 2.62407736599871 -3.42701632370308 -5.15326420631165 -3.64300814830527 4.93187680635473 4.32140481460109 5.17766576751418 inlier mahaDist=6.02966835417792 cluster1 intDim=8
3.76550765139042 10.6791007311697 -2.74118439384655 -0.667747931706327 -0.678782613014074 -4.47498891002627 1.63036842748472 -1.61809522812185 2.87552869664062 3.81457381465879 -7.08064630632728 -2.31930715476322 4.75846716846097 -8.17128506532877 9.6478098941738 -0.416638091924983 -8.75529983038986 1.77313027834501 -2.65583297085345 -10.3305474392151 -0.634500886127168 2.19872128663392 0.930300427086606 -2.20217712330402 -0.770882065908656 2.19999331724906 -3.05409365305392 -5.92166907536545 -3.99410006026283 3.12931389007833 4.32339908745173 4.41398414157648 inlier mahaDist=14.2399999810381 cluster1 intDim=8
3.13049557261016 10.475011130497 -3.46643862084673 0.00311885417115845 -0.757392340438917 -5.07499548062359 1.00427392850721 -2.19106335728809 2.9544248481004 4.0452633822796 -6.85422677589004 -2.09572739644717 5.63487457200004 -8.93494035660293 9.65427106655886 -0.394759219504344 -9.02888842117606 1.74952309738582 -2.72174957558976 -10.5841494957256 -0.801579355044126 0.953253474581118 1.77330154763436 -1.96196662297084 -1.38572712948698 2.48216081583001 -2.73431164649772 -5.48760720724889 -3.9728589810392 5.09068697004028 3.3376246099798 4.86136994013858 inlier mahaDist=2.96568934438606 cluster1 intDim=8
2.95454615602668 9.97677572100816 -3.30240167856302 -0.690150988455669 0.253322922098489 -5.02558165058548 0.343154186323155 -2.7747683972688 2.34728573427997 4.44630811987311 -7.15907725428671 -2.11075996746337 6.55173565483861 -9.69100612964683 9.82777915608862 -0.125771034177295 -8.46785830526858 1.65658335915396 -3.99932600021677 -10.5681241916387 -1.43177308385295 0.432482664416341 1.67250847714155 -2.69918017405925 -2.30540105362944 3.22531672448385 -3.16521591071163 -5.51779769871486 -3.22048038817702 4.89110003488879 4.00087608260423 5.38707595752781 inlier mahaDist=5.00040245346139 cluster1 intDim=8
2.89476792722508 9.66202134696716 -3.65664260253613 -0.0551390864816108 -1.14519952019965 -5.04686177997455 0.679406582881946 -1.64332320614248 4.12924178530121 3.96399458335362 -7.56753600654783 -2.13084392623589 5.37957402454935 -8.72115430355119 9.27986633870694 -0.206314453290416 -8.92866416943007 2.70788791154885 -3.02598167666443 -10.7973180433744 -0.152004192938738 1.46993977448278 1.22366786635704 -2.42099299763342 -1.83513056491882 2.61961242038827 -3.8101257153626 -5.55589682899476 -2.56581452439737 5.00316092309062 3.82202886420979 4.36673116302877 inlier mahaDist=7.6928066138193 cluster1 intDim=8
3.28041100217972 10.2849276700087 -3.36674205523877 -0.784385154838902 0.244949649569133 -4.74829811772742 0.9399575245616 -2.48439032686874 2.78065842990926 4.02174248911447 -7.24442653751862 -2.04613866548085 6.23737600189455 -9.28324945652545 8.85725820611116 -0.196621273772179 -9.20766543460686 1.20370922421841 -3.4044799627752 -10.264536051426 -1.0190249727468 1.31980089140539 1.20328407737126 -2.31742775219213 -1.35090413574264 2.53366135660231 -3.87333021005105 -5.03900593787682 -4.18685429713402 3.72537067239098 3.81810368936287 3.76484862381294 inlier mahaDist=7.05124366984785 cluster1 intDim=8
2.71363004989957 10.2401205075423 -3.07194430226177 -1.36126509566916 0.593935074508174 -4.86621225693104 1.44110212977073 -2.2047084605565 2.5162364709283 2.95786984939817 -6.21869414487477 -2.3119432724596 5.89303365822707 -8.42711700461115 9.58716770712407 -0.196349698608703 -8.51594690065532 1.85323369429585 -2.38186494016324 -10.1173286732079 -1.20344672862117 1.4502852144143 1.50781253164712 -2.59742439394335 -1.3639049293712 2.61971398080585 -4.24164498557301 -6.23815507316321 -3.35799847812876 4.05272671825219 4.56580192036554 5.15910156642243 inlier mahaDist=8.91548365137721 cluster1 intDim=8
3.02868928038437 9.41851304412741 -3.18579039524985 -1.69974902728372 -0.800062328901732 -4.34349586434758 1.17490512524358 -2.51914172124014 3.08178110025063 4.45371781754998 -8.33402408151843 -2.48295859011244 5.99874020707328 -9.30241643216808 10.2446768226921 -1.61801120926527 -8.52874602411617 2.22656949896004 -4.20312361263972 -12.0036554949565 -1.19256531908613 1.15540067683188 1.75013168785478 -2.52569469214034 -1.93293097672991 2.81230728119188 -2.63044126387831 -4.90547133415593 -3.42725360166834 5.22930818221897 4.05711398503135 5.57426581874591 inlier mahaDist=11.1074935770533 cluster1 intDim=8
2.99622661377531 9.88760824852501 -2.98099356097023 -0.831300228916885 -0.592771501437182 -4.83228249083166 0.533895577115613 -2.2782604051768 2.17539699194642 4.78718258938316 -7.78379659451058 -2.03138110698013 6.42520892390207 -9.56437762932971 10.2636249436403 -0.359308823959863 -8.31188590175781 1.98963518957563 -4.06073229582321 -11.0991735385349 -1.16493169848289 1.20198141924875 1.55354845794647 -2.52766877090606 -2.11681838614699 3.17675033350844 -2.70801576650329 -5.48513976930192 -2.98412221604109 4.44577581306707 4.09120576174331 5.39794577307515 inlier mahaDist=6.33333797421401 cluster1 intDim=8
2.8228583169075 10.7261343632675 -3.76955493262657 0.106555809217888 -0.270615913135827 -5.21904834760797 0.440921854009826 -2.4837665242847 1.82002072812233 3.93954961604083 -6.87331516726643 -1.27317238335335 7.00980477473839 -9.00071954563795 9.30215736088378 0.324239147652424 -9.66840809466616 1.13301187310488 -1.67285759450084 -9.59900982378634 -0.936012623053857 1.35537808219239 2.28348897993772 -1.44265473369902 -1.21451021907054 2.75218866719381 -3.81989316027316 -5.57918637584772 -4.34290192305239 4.97714882881648 3.34642079986705 4.48226788143785 inlier mahaDist=11.3001504886142 cluster1 intDim=8
2.62068847633794 10.0887074433323 -3.25396084303883 -0.820319821433325 -0.62635451451898 -5.0412108779327 1.7331864265394 -1.85783035651347 3.39085509347744 3.41641583548466 -6.5834790826721 -2.49927425248079 5.49116800073653 -8.83344478279173 9.56908678902015 -0.780087642211868 -8.66726510428226 2.18001211863914 -2.92440243935763 -11.2605251659517 -0.734495540836693 1.28001028593153 1.46272291908642 -2.29790097151848 -1.26018625998474 2.21552393559835 -3.12811521500612 -5.39726814937124 -3.52573516999075 4.63098963238436 3.50404289108409 4.65023512711437 inlier mahaDist=5.56722820974465 cluster1 intDim=8
2.86282044056087 10.1836110780506 -3.59885651917698 -1.40002231598698 -0.557069855692728 -4.44974068994668 0.972136925547388 -2.95177854350558 1.56483632910081 4.360467844024 -8.24721561155466 -1.47041593949952 7.54328331712745 -9.38750998521282 9.73605397563207 -1.17694075803414 -9.74914888283083 0.977624373961462 -2.57396750335271 -11.0122225940245 -1.36211617068674 1.67388738320174 2.60572188213031 -1.32207872276433 -1.08483841667645 2.67788698244994 -3.23386512483617 -4.53253893775005 -5.05842744815574 5.14861659949244 3.37975023910417 4.74889128062564 inlier mahaDist=15.2953785889025 cluster1 intDim=8
3.78641689850238 10.0967999159095 -3.17431262996326 -0.459611850122827 -0.763841039731192 -4.47613962990896 0.182944869702774 -2.58288382126043 2.3852758756663 5.08039672795422 -8.27897673645063 -1.96000929566588 5.84265686235597 -9.10520698928067 10.3682618041971 -0.524547359834856 -8.67921679251856 1.8202190999623 -3.73102499050642 -10.5821325431459 -1.15720533044991 1.05022829603888 1.7543010873384 -2.33547991357607 -2.08419966929054 3.23483231446647 -2.45596947311369 -5.6675436006494 -3.49249797871059 5.03498669007031 4.32621974256254 5.8241166175517 inlier mahaDist=7.16635314484545 cluster1 intDim=8
2.71788940126789 9.58779346321758 -4.00992566265321 -0.179221733119268 -1.14343970703927 -4.96489700197047 0.314834307639278 -2.0135546607977 3.60092135023856 4.13221719200622 -8.14124216962564 -1.61870770441632 6.38430725641823 -8.9178033975753 9.12929829709721 -0.24606652379033 -9.51933798313034 2.35058353462804 -2.59947567643205 -10.6452374457446 -0.251706056087495 1.65162191239041 1.76278811852587 -1.9624513587556 -1.78151882290825 2.77626664677023 -4.25491835520409 -5.17964584114344 -3.01204233147569 5.4538657770296 3.63500272675557 4.19978679535089 inlier mahaDist=7.24972620705752 cluster1 intDim=8
2.70751707953411 10.0038812574241 -3.40870498998842 -0.887868122743445 -0.707100999532692 -4.88741464720357 1.51912147477139 -2.05300501089702 3.30566565294759 3.51191861060555 -6.9680621431283 -2.34963488171636 5.64996674278339 -8.712262571992 9.68807156180786 -0.924834924725526 -8.86256476506052 2.17147687253411 -2.69789969804591 -11.171780023336 -0.782716852982897 1.30348915310948 1.7509051367051 -2.15939771575662 -1.32494992882121 2.34476889265614 -3.2240743894728 -5.40957372182814 -3.62246311233532 5.09630458404078 3.62587290698122 4.95039847030914 inlier mahaDist=3.38571504806082 cluster1 intDim=8
2.88638288086959 9.69715880389903 -3.73108951365968 -0.791478056190821 -0.200378364472177 -4.75731561552963 0.120542427749449 -2.63434693720501 2.61891847245456 4.22222612485152 -8.00645186056247 -1.64646140980309 6.83360792257582 -9.08864940520432 9.54398148982267 -0.211653112667029 -9.17450802756878 1.89710120240999 -2.93076753259789 -10.2860494425054 -0.994925993682734 1.27663529226716 1.97426145594813 -2.25505623252849 -2.06213520349533 3.19737838830227 -4.21967204183156 -5.50380437011843 -3.18420727830281 5.30135029059318 4.2370696203732 5.0710877817196 inlier mahaDist=3.39003622094641 cluster1 intDim=8
3.27732009403421 9.49081970207507 -3.45911081792757 -0.910138099766516 -0.9003464281974 -4.47673772248275 1.12813245682083 -1.83529768153779 4.43962685093707 3.62533176070365 -7.79983507427536 -2.57023117171669 4.67474689261204 -8.12159688931304 9.60481323526026 -0.949353131542178 -8.72670790828205 2.87472092401288 -3.03761789460494 -10.977232418107 -0.38956124752064 1.55030093316246 1.21642103924095 -2.69596827508466 -1.74428565914944 2.53407976727918 -3.80038284777239 -5.79803511248247 -2.70961157912439 5.12038824562685 4.53628305844134 5.10266228610036 inlier mahaDist=11.0896821987072 cluster1 intDim=8
2.43774492405356 9.69616100821629 -3.87675128261928 -1.35835928908679 -0.364669979442512 -4.73538034669342 1.45864137592615 -2.48055336403919 3.49926944365566 3.00968227088354 -7.14922800052117 -2.23977353077147 6.07111081618597 -8.43494034979343 9.49652340178999 -1.26789847651721 -9.29436726946281 2.18687733869376 -2.04262905381954 -11.0365443358383 -0.906684286282976 1.20600755636308 2.29060626468966 -2.02826982031749 -1.35761684268807 2.38837014398413 -4.07216712412245 -5.34607597953451 -3.78799259074451 6.06113751052342 3.77250439044875 5.22758196381476 inlier mahaDist=7.62273808649823 cluster1 intDim=8
3.35846559054767 10.4276132717314 -3.20551476273187 0.0746185606801096 -0.564417068711381 -5.08321928012383 0.629499814992489 -2.31642039241308 2.70433870181229 4.53263543248177 -6.93222289113285 -2.21035316497703 5.55926537843953 -9.25012985829659 10.0188585579655 -0.178131794646543 -8.52761336916851 1.7937275982068 -3.54346073004923 -10.5653286432396 -1.04287369157374 0.572825891991121 1.57577363157494 -2.37232088412906 -1.88571638364699 2.85956320808367 -2.29241498294949 -5.71443534299751 -3.52579226585647 4.92546874280179 3.64937581229985 5.3722441854814 inlier mahaDist=4.45252161786874 cluster1 intDim=8
3.26380319030523 10.2174507451528 -3.46100554968463 0.287952691852817 0.110640733879932 -5.2510738615482 0.0122180482584797 -2.32735547053202 3.01804999531808 4.1938940261409 -6.73228118266344 -2.04165383657686 5.68040568650272 -9.03185736649585 9.50944610995746 0.635992819493748 -8.55699347893213 1.98728917491047 -3.28154921301091 -9.63826070337797 -0.90521356773843 0.524977097239993 1.32862009734912 -2.76775700745069 -2.29980954503566 3.18105160666583 -3.64969252659061 -6.24958470824032 -2.71400974183516 4.83042765022579 4.23108663284637 5.1743831984276 inlier mahaDist=7.23086379916877 cluster1 intDim=8
3.24014570597776 9.88111426594163 -3.54716203369733 -0.360369693517328 -1.17152378143571 -4.62089681788372 0.450317262927166 -1.89746226429863 3.1692722454821 4.04830224499458 -8.0503807322074 -1.76140839002911 5.59957448385873 -8.12686478065556 9.92638895487524 -0.319263614581965 -9.08664751257143 2.51889031609154 -2.12764607463736 -10.255010508745 -0.426402036574756 1.93097580861034 1.81011704672946 -2.06613648197955 -1.67457417664167 2.90937593749394 -3.83388709168922 -6.11967372512469 -2.90418290156196 5.27915930911159 4.47597047960634 5.36800597977475 inlier mahaDist=6.73356719584079 cluster1 intDim=8
3.09342513135873 9.59135236117429 -3.60345428275541 -1.18449653460546 0.0494242292271047 -4.48377738949942 0.159026479831619 -2.57864773692338 2.64203676405582 4.3457676085021 -8.50097378039482 -1.58743984504491 7.02665050649233 -9.23492502347301 9.02583688124361 -0.13520377039532 -9.34678926145487 1.64269789692259 -3.36909041327598 -10.2221380575675 -0.917504178426013 1.82489080879674 1.46454410564484 -2.37595671991367 -1.88903687414119 3.11606956360163 -4.80014653477388 -5.12477314612486 -3.32916960262561 4.18867319177957 4.47943975177549 4.11137638649733 inlier mahaDist=9.61590384059938 cluster1 intDim=8
2.88211819948141 10.0209992483036 -3.75117413850048 -0.723867123554383 -0.363026069890013 -4.73157465384426 0.373851178606845 -2.47111025596524 2.28422954867645 4.14173429047791 -8.04189143750975 -1.3452431435824 7.15447354476952 -9.04928604930413 9.1546129011228 -0.123717130214996 -9.67374209891935 1.46921415756124 -2.37947819604345 -10.1197209415672 -0.821532533880593 1.88651058608128 1.96727139134177 -1.75606373276642 -1.43950838265543 2.8744832579846 -4.42917356303639 -5.17454247261483 -3.88987848934573 4.66235644079449 3.88737157109915 4.17991264411642 inlier mahaDist=7.58269951801086 cluster1 intDim=8
4.04293556576847 9.62468815014314 -3.75752207396256 -0.575342165844489 -1.20970959179592 -4.10322894367056 0.426222554248247 -2.61379787817305 4.04886676811835 4.80681953286273 -9.02846830107647 -2.22044096008713 5.12266890828541 -8.68856242479703 9.68470509068429 -1.3351531726202 -9.36027972751923 2.14466134150171 -3.62893302015907 -10.990530115363 -0.665113752218662 1.11381639651462 1.66168466812186 -2.24364084687761 -1.89004845067448 2.77216766624421 -2.94258800735684 -5.01382624800499 -3.81084002250834 5.82442783125941 4.13390247884715 5.15935019758658 inlier mahaDist=11.9251934430378 cluster1 intDim=8
3.52648584510526 10.1691564128031 -3.57592804287355 -0.822775953184903 0.42666991489638 -4.57186667895617 1.16574812832736 -2.4375052448925 3.85908561588218 3.25318064021752 -6.89947902660016 -2.44374400431468 5.09909555482097 -8.32417505445119 8.76034672505169 -0.43074306530779 -9.21020016527802 1.68854850627912 -2.72730651961353 -9.89222534841755 -0.834880635889861 1.15029201163493 1.15882329632632 -2.58067620813352 -1.32839797209491 2.34962842818817 -4.39578056488734 -5.65036820584859 -3.93331958149831 4.38939266159014 4.34561898354353 4.27812056361853 inlier mahaDist=8.95786443895397 cluster1 intDim=8
3.3306546538248 10.5215368107876 -3.10199624171987 -0.061472460299957 0.0578566386607836 -4.98732591493248 0.375812316652697 -1.72952600439575 2.41447244208214 3.75032583546321 -6.80628383849478 -1.68362410007703 5.73410284896108 -8.28581606482226 9.33895280787497 1.01613862528959 -8.76393128314974 1.88917075123309 -2.18509178795551 -9.02909245969814 -0.606809734430309 2.01751951711605 1.03757293095934 -2.46138585584027 -1.5287102503865 2.96031371392013 -4.54704828659525 -6.69539168984049 -2.81560573442757 3.32130932015489 4.82341545373407 4.50970129413365 outlier mahaDist=16.8663574285966 cluster1 intDim=8
2.3123247072298 9.72097173165549 -3.71116286944121 -1.28867703171506 -0.1528726563554 -4.88533439884627 0.728796434444816 -2.7844833703924 2.25940032952849 3.80145916584091 -7.48877652763748 -1.79090322014137 7.2179158938041 -9.22384905817342 9.85321008326433 -0.755492857249523 -9.08829487946835 1.82438873440776 -2.65870608665974 -10.9016730239265 -1.29823452982957 1.06131342479981 2.48604511745215 -2.03769688232956 -1.83572272497883 2.99623708360131 -3.8282257313177 -5.29482198871711 -3.57686193892407 5.81865207397966 3.8024599668818 5.49721540078704 inlier mahaDist=5.17207121704078 cluster1 intDim=8
3.7210606985279 10.3525702497701 -3.83250094059894 -0.319373697169558 -0.342020481293737 -4.48973398067057 0.570305454664232 -2.68257930595876 3.12028824251095 4.02776979755852 -7.7636362866978 -1.81605537898812 5.74972049943323 -8.47281668452762 9.17510711196657 -0.503802996196833 -9.74705700562758 1.40587446316117 -2.27203750193007 -9.81983359435673 -0.831005459386735 1.27634170900333 1.88810867652964 -1.8434813496746 -1.30007491077279 2.59666822779707 -3.79666194268117 -5.42175809490697 -4.47934077425132 5.22372884595102 3.95943163182859 4.63390941739334 inlier mahaDist=5.64402819813149 cluster1 intDim=8
3.52424857037327 9.90006715291304 -3.51442525082716 -1.06486951241317 0.0274374119595603 -4.46493964006104 1.00560350691233 -2.87588568431135 3.52444151435929 4.14943252665729 -7.6265292742743 -2.53271792998387 5.57994627397333 -9.18336438877072 9.3552683395705 -1.11336193477199 -9.00136329886706 1.59120079314932 -3.93134283731305 -10.9359607057182 -1.21805363220326 0.574460792866159 1.50165969302039 -2.56555300628358 -1.75444348636104 2.59725923995084 -3.14173631981843 -4.9369529846014 -4.14536803087042 5.07423735311321 3.90319647732183 4.85550804755587 inlier mahaDist=5.18672045164308 cluster1 intDim=8
3.49078957620696 9.912340031876 -3.22259032879346 -1.61434173750149 -0.0580044211003606 -4.10666079706179 0.714403033436566 -2.73797188662905 2.26588435730147 4.08779517550092 -8.1916084613962 -1.97162938291629 6.15353290450551 -8.47355659258219 10.1039291406277 -0.876879083743246 -8.93026734138389 1.74566986273805 -2.82859819875631 -10.3509071271284 -1.33537946477549 1.66395147966573 1.94811463415618 -2.31587877818429 -1.65927432711164 3.05813193829881 -3.75500061080752 -5.82518375415925 -3.74085101115224 4.81210403705574 4.94639384330364 5.79914519407463 inlier mahaDist=6.40841028866238 cluster1 intDim=8
1.9791818731708 9.90099604301358 -3.58128925403921 -0.33528957621226 -0.313351288514825 -5.59510613280421 0.770199381344169 -1.92666870934755 2.75802367962916 3.83780301655347 -6.73485342088564 -1.77655762553863 7.09814389517992 -9.77059693452302 8.96714261313421 0.312471702588548 -8.93325634322795 1.92070807954462 -3.18772062250445 -10.8187202015552 -0.65143032012319 1.29007427155781 1.45726380492682 -2.23971020282692 -1.73581363884355 2.6940014448959 -4.08923693575498 -5.06651492576341 -2.96475745086288 4.31176631491826 3.14716648118186 3.69189665262572 inlier mahaDist=9.35336839619555 cluster1 intDim=8
2.74175808491696 9.6796450089165 -3.33636059523558 -1.1995889808182 0.00354158221526346 -4.77794396110731 0.351494687288139 -2.69425931617796 2.18871244680566 4.1775766840057 -7.60481433358048 -1.95352946694657 6.71720002692703 -9.15076389335871 10.2518634960308 -0.408622260565945 -8.48426994995019 2.07454133995617 -3.29700796422159 -10.6322318639814 -1.39111239839559 0.960309583445322 2.07139296924134 -2.57610755792498 -2.30357702483001 3.38032094400094 -3.60446653919938 -5.88446111078511 -2.85166753916942 5.37165136054042 4.51489766905763 6.07923521009843 inlier mahaDist=5.75507285604152 cluster1 intDim=8
3.12721472011994 9.95276541268141 -3.4103143897261 -1.69968714328236 0.507354740514121 -4.3634442646966 0.959296635608803 -2.93544981425062 2.42428197036868 3.59497290488846 -7.47920164549482 -2.10850273104523 6.37548046991361 -8.67210530116649 9.6771238325184 -0.834728977833494 -9.01937573480439 1.53024782573821 -2.75366286618477 -10.3087623651021 -1.47865770865429 1.23399440556703 1.99512126226727 -2.38020421955275 -1.59349900543198 2.87704569616133 -4.10021056453438 -5.63500293084126 -3.97487004690413 4.93544496697818 4.60830915547342 5.47417453473913 inlier mahaDist=5.04861550518125 cluster1 intDim=8
2.72923959392361 9.66642375201983 -3.5155558898527 -1.07444144941477 -0.290131175706658 -4.6692684462866 0.31275696017567 -2.2800323421048 2.47481200978392 3.57696982699212 -7.66603382314826 -1.70097469056075 6.34362306577816 -8.10598458958311 10.218913152603 -0.179733434700093 -8.77181259306076 2.53667609394668 -1.86916640836844 -9.98022583494862 -0.940267183972215 1.72656907597154 2.20961682974144 -2.34708368138103 -2.02754525866632 3.32344388324304 -4.54731569161011 -6.61086658122485 -2.46171340742379 5.57809574163824 5.05382327697777 6.23693673227416 inlier mahaDist=11.8926896927068 cluster1 intDim=8
3.6533215258994 10.2164269901102 -3.36634487885272 -1.36592373908605 0.153907528314213 -4.20425918071979 1.2294465515942 -2.73571661215167 2.92916866457353 3.74415409970524 -7.60969729918842 -2.25181229712544 5.6599156179809 -8.52058788311596 9.3620636591186 -0.987832732409381 -9.26980899163199 1.36274759627975 -2.85142521890715 -10.3285254158017 -1.19914451172286 1.41500672187069 1.61833433964661 -2.23252665117035 -1.18523788637243 2.48189560231651 -3.72136825786545 -5.34957520948124 -4.53130739903983 4.47173603499421 4.35828970417699 4.79616650425935 inlier mahaDist=5.73679197743911 cluster1 intDim=8
2.85159313604655 9.88784505170683 -2.8455439766897 -1.54700831575515 0.34907267152699 -4.71584371336711 1.29947682473016 -2.11228621555114 2.76964256128682 3.27509340694154 -6.61186781196552 -2.57668673792767 5.47316100762268 -8.41457935946289 10.1217963972973 -0.410995362791992 -7.97173729960107 2.37682327755333 -3.06760964822481 -10.5340052977948 -1.2316573158429 1.32446599033393 1.34634422235162 -3.02256922410021 -1.83833599089251 2.8900439431326 -3.82295322777352 -6.47950918139735 -2.61922142915721 4.2407444003721 5.00679074070505 5.89180422464057 inlier mahaDist=10.8680061147319 cluster1 intDim=8
2.6200733815459 10.4228506731051 -3.01020497570415 -0.504152746677286 -1.30384661711186 -5.08379882274509 1.1073698505447 -2.03410030816654 1.59858058306188 4.40394351087623 -7.13795625021707 -1.83293429667222 6.46853714145055 -9.17283596456514 10.7730696864172 -0.62752548623038 -8.54590990804805 1.92798351880024 -2.6718069693949 -11.2738247535081 -1.09412580774285 1.41170005949162 2.31642707730875 -1.69943346671552 -1.43714873032205 2.80508040953468 -1.94792894738502 -5.65757869909683 -3.67311780370364 5.12963223057412 3.39208733016771 5.86865187160505 inlier mahaDist=10.0835849127861 cluster1 intDim=8
2.40617545507313 9.56917858364128 -3.42186108452398 -1.17564289716307 -0.869542604185461 -4.81348572104534 0.874598623547836 -2.02309916019157 2.65855171206242 4.06482246111104 -7.99168045504606 -1.79180857137996 6.82821112342128 -9.15764633877682 9.7103329913896 -0.606638958265046 -8.95330327453967 2.23857938859387 -3.00912168110029 -11.2455208407431 -0.730392279781939 1.9309270390438 1.79589679660384 -2.11165158276169 -1.6649441302935 2.82416608619538 -3.85284172244835 -5.17831625942823 -3.04208865377398 4.73483963093991 3.89024747782646 4.66275112902073 inlier mahaDist=4.73244589872052 cluster1 intDim=8
2.38926169326777 10.1019069918158 -3.27365817527724 -0.822279024481388 -0.8476025356962 -5.05846980349752 1.05773496167683 -2.13885352089872 2.04459193758898 3.92735574119662 -7.11064140343184 -1.85864450822073 6.61620282776497 -9.00896730570357 10.3311683379632 -0.579639145499245 -8.70305474501678 2.0689365019184 -2.47669745268284 -11.0674309448823 -1.04246828728285 1.42553482516824 2.26965757242093 -1.90166898053802 -1.54973555280202 2.81904454391884 -2.95408215559084 -5.67751124893253 -3.39472717686558 5.27582356665062 3.65653884898129 5.63421792604429 inlier mahaDist=4.40148104577082 cluster1 intDim=8
3.15379437388685 9.84784639301694 -3.421885151689 -0.561421289690975 -1.32966907362153 -4.59531945566085 0.735576897731235 -1.7988622678907 3.1416695270892 4.20764376014843 -8.20432267362489 -1.82220752742213 5.77067215070074 -8.47502692833258 9.79086540514323 -0.530113709169882 -9.09998275186707 2.38669009089964 -2.57667711870988 -10.7430285719068 -0.399168417105708 2.1081560706379 1.62135955762172 -2.01041744252787 -1.49630532880756 2.72228217242474 -3.58639343622062 -5.61836921907437 -3.14282177746492 4.79877278537984 4.16287658918314 4.82362147781678 inlier mahaDist=5.26120283316053 cluster1 intDim=8
3.61414112927943 10.2037578709091 -3.33954470525504 -0.576389733934181 0.428747950279342 -4.71152985239784 0.429657941391007 -2.78612060657184 2.81850179428931 4.36100986725677 -7.31166289357496 -2.19171278433927 5.90077922058073 -9.28750799874286 9.31463123467515 -0.110089799718268 -8.82925527864002 1.37636172996784 -3.85040429260287 -10.0512897704245 -1.2655596672391 0.662252162559965 1.28307477756288 -2.69063779557252 -1.9540965778622 2.95930259314276 -3.48557196629503 -5.4835951580153 -3.75240756550705 4.34124224530237 4.2228640579926 4.76391457376921 inlier mahaDist=4.5073810933396 cluster1 intDim=8
2.69949883220825 10.233627607366 -2.86966451131049 -0.957864391428129 -0.207630184712344 -5.0255376388273 0.989278711284093 -2.22222490824524 1.74573361229665 4.27763447250901 -6.9812100347276 -2.02541197092176 6.64419022184015 -9.52639689263806 10.0959343256278 -0.205322500237577 -8.34036774866502 1.66498702609501 -3.56050284596709 -10.9156659686744 -1.29539775563894 1.30025615383228 1.60383216709158 -2.36916969649232 -1.69693058146139 2.92588091889125 -2.87030821459926 -5.55104445092919 -3.39080660926193 3.98835704994124 3.87744616911833 5.11789113270879 inlier mahaDist=5.674865472163 cluster1 intDim=8
2.54371289533042 10.4246600706391 -2.97926037826083 -0.640109463119138 -0.0940634369171794 -5.28347868171666 1.0490888546658 -2.22659691387589 1.79934179058103 3.93465750442326 -6.31352676686733 -2.07900591639412 6.45917645907545 -9.34041809769616 10.157114913849 -0.0502887888078545 -8.29695886261671 1.71659825806478 -3.07510248859915 -10.6719508546856 -1.31700647281815 0.953234518892051 1.81028005127636 -2.32139414852553 -1.6827025477094 2.87402584756293 -2.81419363355685 -5.87909261549308 -3.37733808986029 4.45367688315742 3.72495247805415 5.44999492319006 inlier mahaDist=5.54143331419249 cluster1 intDim=8
3.38880874290443 9.99961697843317 -3.29487672939091 0.0304057634213759 -0.935738813300326 -4.91350331886894 0.12790004750639 -2.13197403316195 2.84181027889093 4.99185933270088 -7.96924277935292 -1.89436957093487 5.94185771242961 -9.38251717613717 9.83798973048305 -0.00703784720955514 -8.69639197754842 2.04525417227893 -3.86250493694731 -10.6291725174733 -0.727735000685043 1.15230922260435 1.35306848014746 -2.40698384039173 -2.12615866451117 3.10475939190321 -2.84617268402306 -5.49273501137596 -2.9826718733641 4.63051077478258 3.91435082984321 4.88706505996026 inlier mahaDist=5.57011209590163 cluster1 intDim=8
3.0640209026687 10.0253070150707 -3.00090716819952 -1.01096560604829 -1.11776859613292 -4.55364411790313 1.25599048640919 -1.68243363104791 2.69948548537216 3.9914558890844 -7.77053163803907 -2.0322790662977 5.69129511898861 -8.45085096117845 10.057873657751 -0.662711940206542 -8.72777543222386 2.28806812229069 -2.66535831781741 -10.9548545104171 -0.625314687739628 2.27423513849144 1.50099064531282 -2.1111877687473 -1.25818996606011 2.59466542399659 -3.28446340044874 -5.75546180748896 -3.2658086401829 4.15443724196915 4.28964604510504 4.9905022681529 inlier mahaDist=6.31153647566882 cluster1 intDim=8
2.57289850386178 9.74932116038663 -3.2084414894089 -1.02969500647252 -0.724729569488831 -4.9132591292394 1.40970298181509 -1.65645565166186 3.33697627389326 3.79383209492198 -7.39626314390601 -2.21977588273514 6.03918258459328 -9.14467085652633 9.20852849079249 -0.509632486822807 -8.78116165776315 2.22263738180799 -3.41980131760368 -11.3267770162143 -0.505316664005234 1.93294207968612 1.05528074927236 -2.39425426108162 -1.37535913240032 2.37547104962234 -3.77940521608178 -5.05031367948198 -3.1203588884337 3.77843629662547 3.71758597120263 3.79946331371454 inlier mahaDist=8.66663697339978 cluster1 intDim=8
3.18205052498732 10.034235445173 -3.56795016612998 0.363176573668701 -0.0985960321887095 -5.22653921357334 -0.0644983777114279 -1.86624725778702 3.42754412384476 4.04584834088347 -7.09839739398856 -1.80760347235241 5.73829171186632 -8.81606400080149 8.91801265027606 0.993840801233327 -8.86355043144995 2.19407340168294 -2.99175669120163 -9.41096078989192 -0.384968896586477 1.32085166142128 0.910479996604634 -2.72068008054465 -2.10677904334693 3.05463418383148 -4.61450880841989 -6.17167963710264 -2.35450257739611 4.12192446119276 4.37750186572464 4.15031874084817 inlier mahaDist=13.2681450782816 cluster1 intDim=8
3.39682937541527 10.1164925314571 -3.9430656220804 -0.999743510744952 0.324044210863916 -4.53403354827825 1.2793324285793 -3.05548925723701 3.74197740974921 3.73956491263825 -7.41133948878779 -2.34093862284344 6.00071062839561 -9.29062006816342 8.36844045479582 -1.12393087474313 -9.84261982273442 0.969830734369775 -3.39352487148472 -10.6823453265485 -1.08935510440612 0.687914537986591 1.55210033765187 -2.11438753393017 -1.16224053320365 2.11940942568255 -3.83046427791277 -4.24106069584299 -5.16692047661029 4.89098333059853 3.25078531965468 3.5403286264315 inlier mahaDist=14.9729012135276 cluster1 intDim=8
3.28262016630666 9.69940638475766 -3.91880610709437 0.253865856125508 -0.54814810952996 -5.04252376385845 -0.730266305363232 -3.02159842253936 2.86396252218297 5.2701122071473 -8.19447713535314 -1.73748034388434 6.56878980358201 -9.78543969052228 9.96251894094821 -0.0817182731876087 -8.91276158731323 1.9504203911977 -4.03290843986993 -10.4441875840523 -1.1335581210149 -0.0226779272305769 2.11637457227685 -2.45248232390427 -2.90662484516096 3.63401218838781 -2.89153548730978 -5.39455052959946 -2.94280666529731 6.46249967996733 3.77050538967978 5.81553491989484 inlier mahaDist=15.2235347427599 cluster1 intDim=8
3.27369828226438 10.302408118931 -3.55514487952563 -0.744486011225386 -0.0530075143906735 -4.62358874178197 0.794002885112565 -2.48750913834213 2.61545409394435 3.82521023566854 -7.46725040733182 -1.77830853282095 6.25957898085182 -8.69273846086212 9.16891672515571 -0.279471392415884 -9.46251110759454 1.39066329046287 -2.39134057166528 -9.95297775303355 -0.932864616985894 1.61305401124437 1.71886892855621 -1.97685064331018 -1.24453745793566 2.62756818675299 -4.11446234783173 -5.45551363797095 -4.18378195179956 4.44571486840484 4.06284791074202 4.3875214004034 inlier mahaDist=4.43436606567175 cluster1 intDim=8
2.47353313755183 9.80759128953786 -2.65250242582322 -2.21905720788443 0.088166797643457 -4.51890809374275 1.09727060090742 -2.29160124555829 1.16058211655404 3.86705498442819 -7.54868235125279 -1.91257041486697 7.09614150159304 -8.95496255935262 10.5967994539166 -0.548196303168216 -8.15238949906713 1.96842750879283 -3.04575980106388 -10.9142296783688 -1.55153662016583 2.09074643624599 1.89984727132435 -2.4970667345067 -1.72364460514168 3.22813897704854 -3.74257221078496 -6.03871182133139 -2.93748466691881 3.89469885167226 4.9643189391687 5.95926251999015 inlier mahaDist=15.2484907522366 cluster1 intDim=8
4.31838400461466 10.1429372038325 -3.34745961129986 -1.7248432177143 0.163512639253495 -3.58443679097612 0.568033839517645 -3.39634436720005 2.19763199868855 4.3806983260845 -8.70742025884378 -2.00421406751167 5.8397000933372 -8.25342155676356 10.1785209221642 -1.36236767732753 -9.32660680659131 1.20543047164581 -2.81055775473802 -10.0115548836847 -1.67139729335157 1.34859057199381 2.22983021793239 -2.14704348282639 -1.5445481508223 3.07273513359995 -3.39533022230072 -5.69133601456793 -4.75118472884553 5.27659565460313 5.14893841770995 6.21959727581782 outlier mahaDist=16.3835493238262 cluster1 intDim=8
3.81301665939405 10.330938219828 -3.64040600308533 0.280938896311483 -0.234342659475509 -4.90082201097214 0.591084195946768 -2.37351167069428 3.94607140159587 4.34764852587119 -7.22702468513793 -2.29660343777589 5.12373948998793 -9.16911973350282 8.70429285176396 -0.0841104305581311 -9.24111246802607 1.52496866914171 -3.72485032855023 -10.1382713248402 -0.628360333522774 0.656689371082139 0.932192507985867 -2.47101489737647 -1.64639687843001 2.46210683378612 -3.31208514845411 -5.11199995616033 -3.97380761009428 4.41722318168493 3.53919516920244 3.76707669174275 inlier mahaDist=9.66300847344807 cluster1 intDim=8
3.19795155002708 9.93656880762273 -3.57187020270749 -0.970741796355673 0.50186902028561 -4.71538048415371 0.763710510510263 -2.8495462475086 3.27487655264331 3.53154344917078 -6.88920630044075 -2.43634252132408 5.59872113145681 -8.65151344953592 9.6168651134896 -0.5743477391796 -8.73666947702485 1.90762788295863 -3.02588995567168 -10.1930195201349 -1.31280793408181 0.439875668457551 1.788973193529 -2.74076469557372 -2.00294247956442 2.89740283800815 -3.82204904753022 -5.93943182437805 -3.44141180472704 5.53444420449583 4.45074455764862 5.73407629336658 inlier mahaDist=4.40239114721786 cluster1 intDim=8
3.7610270734176 9.98448959079888 -3.40674957712162 -0.7436496294855 -0.127556606399295 -4.46054576248099 0.583499919362234 -2.90545908827876 3.24961557880305 4.32416069713514 -7.58521555351018 -2.50108684956486 5.19523104570566 -8.78549058257247 10.1203194253775 -0.931736461731034 -8.62724919493598 1.92353932086464 -3.6338613924429 -10.567580060615 -1.33449431651963 0.325224216116417 1.79572858640525 -2.67450056155462 -2.13432263169417 3.00165334941509 -2.72560573931301 -5.77545144403874 -3.62824947086119 5.74228634053778 4.40104136295463 6.16301828977753 inlier mahaDist=7.01964113969056 cluster1 intDim=8
3.68594625128991 9.88120626760605 -3.3021841293705 -0.771913720875468 -0.508462695583566 -4.43262421943328 0.639117805519663 -2.46949377935755 3.2308008635737 4.77145676732121 -8.28385847703393 -2.2083447060251 5.76558986922524 -9.35138552890194 9.40849167354571 -0.704419284932425 -8.96608604583359 1.68801616597138 -4.22593987731273 -10.9108111461174 -0.91469070458828 1.22245781735888 1.16199574780641 -2.49550178801997 -1.79894533331017 2.7702307861006 -3.08389451801475 -4.90611299281221 -3.75836752846296 4.28116831316578 4.01537165142299 4.38988505193954 inlier mahaDist=6.64496737790232 cluster1 intDim=8
2.47043292768827 9.86578046260243 -3.66023100582448 -0.912704245955594 -0.71351325141638 -4.9257603489412 0.815581432668621 -2.50012673813805 2.3510715493374 4.33796929986915 -7.89259942791406 -1.65682502862469 7.31108236179096 -9.69941024217738 9.44739321241664 -0.71643655867574 -9.38136042899663 1.55245668270125 -3.15861572698964 -11.2576027386192 -0.976080910915183 1.41471944283789 2.10042743400292 -1.75664595363889 -1.51834164598237 2.70953836246782 -3.41255532586368 -4.55421249289551 -4.01448873474964 5.04712587793982 3.16167552175545 4.30192446145217 inlier mahaDist=7.31281617644839 cluster1 intDim=8
3.22055035820213 10.4937132383612 -3.85829101403974 0.781822408359983 -0.697521716884722 -5.28187905746077 0.16094777114363 -2.12089464720652 3.06719609708936 4.24221996041337 -7.11487260715478 -1.5599538779893 6.00784027946907 -8.94648124231192 9.01854542490694 0.514190741115311 -9.51263414125311 1.66424270483356 -2.35143147689499 -9.65806897196311 -0.42989455812531 1.14056918609794 1.62758287712465 -1.85184144436962 -1.56850541131354 2.71745024033983 -3.70077582053449 -5.60246665219964 -3.65488451506436 4.96229174037215 3.37993823816805 4.10509645217517 inlier mahaDist=8.20539089464398 cluster1 intDim=8
3.04021649031141 10.225472707105 -3.51302863621051 0.0760979857368356 -0.010210156031372 -5.23086904382392 0.0412365373177215 -2.47277625375273 2.49154287281987 4.35006533432617 -6.99931923926836 -1.79270068729329 6.37684100783745 -9.32193618931532 9.55673853566076 0.462122315927468 -8.79204955408603 1.72060628101864 -3.19562537839582 -9.88308770065004 -1.02630878747337 0.697862209768144 1.64763967947434 -2.43485753648894 -2.14935350122377 3.18322356760805 -3.56256841780048 -5.86285569483859 -3.10833036398218 4.89458546990558 3.93112157239088 5.03470985034197 inlier mahaDist=4.08697063249964 cluster1 intDim=8
2.94802191641089 10.0977418565903 -3.88458184642535 -0.840254397650305 -0.29965538503883 -4.66731627089556 1.02260838835094 -2.57960896756776 3.11414322967792 3.26503751579092 -7.21321176254426 -1.95386998795978 5.94820443027706 -8.18846544820471 9.51732150720921 -0.817328605101141 -9.50557106783389 1.87090020565679 -1.6265710634264 -10.2158149057493 -0.913758523937427 1.2679729941156 2.33725184048759 -1.84790104410834 -1.2922814345385 2.54306537226315 -4.06883396973566 -5.72062193745076 -4.06211285845542 5.92592428177639 3.98905355930103 5.32936610577704 inlier mahaDist=6.378440446564 cluster1 intDim=8
3.50159318239443 9.87560598088229 -3.55652502632747 -0.742260687020559 0.353718994125478 -4.5765403238994 0.237990946235952 -2.67168085030382 3.17667875487804 3.9987672161949 -7.61359179441731 -2.07399022715132 5.81410095189648 -8.70305616643217 9.32138603304406 -0.0898220846143845 -8.94798419511393 1.84910301347609 -3.19180973577538 -9.78192072672583 -1.04362862274963 1.01225507393602 1.42800421410388 -2.73211542310039 -2.07071240228326 3.092576019478 -4.32181700504239 -5.89922448222733 -3.19537633685813 4.79943919225763 4.74661527203403 5.0781847715001 inlier mahaDist=4.61922880506368 cluster1 intDim=8
2.85154070197624 9.11311347047124 -3.93888072307685 -1.62558467221239 -0.0579279403708973 -4.31993330236352 0.506112144560851 -2.61499078026575 3.697653635776 3.46751685032583 -8.3535885690955 -2.00399236438065 6.2548268275597 -8.33705172865953 9.32907036608125 -0.869301387554395 -9.27160657801466 2.46702923488232 -2.59308538479232 -10.4894282849294 -0.822095429635707 1.57099801725138 1.90713370399536 -2.54542379789333 -2.02618971630468 3.01160818001583 -5.18426676512639 -5.60905733181381 -2.85112337166717 5.73085248174864 4.88027451293015 5.23620014056826 inlier mahaDist=11.2325020169824 cluster1 intDim=8
3.19684867787926 10.3240208096339 -3.32501070858372 -0.355472595575923 -0.763518458101703 -4.77232251599967 0.663007292012533 -1.93590057810772 2.41755091224958 4.19886536374216 -7.6897507520668 -1.58877743428787 6.23016031550751 -8.72871276279519 9.46493645082461 0.033299982895618 -9.24473259400626 1.72459803579575 -2.42950313712044 -10.1250110261317 -0.600283169999219 2.10299144980332 1.53450058666348 -1.87877652279804 -1.26209814906452 2.70914374103491 -3.77029515132968 -5.62063710683465 -3.6485670748549 4.03043823470596 4.01174809005396 4.29470896521323 inlier mahaDist=5.60265115602915 cluster1 intDim=8
3.01049155014863 10.4093994668296 -3.55992808613899 -0.726355289920412 -0.140840356971236 -4.82194591567561 1.06840334322665 -2.68322336023902 2.4637091356283 3.66738081283731 -6.88887938650751 -2.0086109417133 6.15566810831843 -8.74576201326548 9.73663987237834 -0.674918560070134 -9.19758951541522 1.47555868550888 -2.26368320255956 -10.3638479337954 -1.22354302738103 0.95478815299178 2.23672017900668 -1.8958368060159 -1.32343797776802 2.60131465049984 -3.27310706762973 -5.57455579538885 -4.33943988902252 5.42322927738835 3.70550568387557 5.34715094147071 inlier mahaDist=3.34577704182817 cluster1 intDim=8
3.25568114965978 10.0900206472286 -3.649053831169 0.0463970848042146 -1.07400099122925 -4.92438122174678 0.675099487249526 -2.11600367564913 3.49166046191882 4.37555452322008 -7.64865007881608 -2.01388873054354 5.64106847206174 -9.03116454513206 9.39775421883609 -0.442073954915775 -9.21341518584273 1.98970520118699 -3.11864453265087 -10.749466902474 -0.514430124552445 1.15683058394693 1.5560363234412 -2.0481779905311 -1.60400857464909 2.56975384582229 -3.05185196215364 -5.17986767323245 -3.64418512645291 5.12760056266746 3.42121446615494 4.44179689556876 inlier mahaDist=3.58298213156986 cluster1 intDim=8
3.10646689353083 9.85451917896914 -3.66552532655444 -1.2748680126201 -0.0729028063896487 -4.48731137841284 0.883282354732913 -2.97049428246893 2.90055399640819 3.83445760648744 -7.62606614007086 -2.18797751005442 6.14081710198639 -8.79859473727256 9.84489861421583 -1.15849161664261 -9.11009420463844 1.75728505403162 -2.86862027203239 -10.7508785411613 -1.3389072042115 0.792606695829335 2.25618806696236 -2.22265912752466 -1.74615592053389 2.82150967753818 -3.45305358398765 -5.38738303765547 -4.00839541277013 5.91130785680485 4.10333451201863 5.73834815257669 inlier mahaDist=3.7970290919611 cluster1 intDim=8
2.59498992709446 9.58942898744659 -3.81635255090371 -0.949496709029777 -0.78343817767868 -4.79589489378454 0.422711654825305 -2.84381375415518 2.50352542411997 4.51791491017011 -8.22236492651581 -1.74612717595427 7.13904570261386 -9.55309545744439 9.99501571681664 -1.00939715305517 -9.20055800248488 1.88466284386316 -3.25122461751799 -11.3262638662614 -1.17253471435573 0.891019294820045 2.51472197151639 -1.92449219307139 -2.04256766725814 3.07578509267918 -3.13876047198177 -4.86110778298539 -3.65261846538064 6.22986555417339 3.48656973892552 5.48342152937707 inlier mahaDist=8.2650749929062 cluster1 intDim=8
2.34338824467231 9.33479276997507 -3.92676014275881 -1.37970134392376 0.358550705604954 -4.82123291106747 0.319043061533687 -2.74554112074024 2.88803559497979 3.57159864326685 -7.7364709804073 -1.74113369719995 7.22503353879641 -9.07402542025654 9.17446738118404 -0.292464657979462 -9.20926037101808 2.03006431782071 -2.77627951127899 -10.3597710597786 -1.06594251907714 1.2525482051131 2.01761803011571 -2.46385456809453 -2.12882792235983 3.15614296289072 -5.17321588970628 -5.42557914161872 -2.91931297180599 5.42923339630804 4.36674449235088 4.88471635922598 inlier mahaDist=8.69613178614532 cluster1 intDim=8
2.70965452708099 9.95365998577643 -3.73276518061392 -0.100487638508328 -0.389638052708352 -5.24785157311311 0.0652781503528868 -2.61828461543451 2.50046602556481 4.59495374661716 -7.47612146776613 -1.68361905909615 6.96636801748566 -9.77591491474319 9.55153309733191 0.0210012838688753 -9.03216628488866 1.70499157342104 -3.45574381236131 -10.5704150083735 -1.02744157139728 0.639052600257796 1.9636184086695 -2.17838360711743 -2.18378225914032 3.14572712892426 -3.33241104222228 -5.18509903379459 -3.32339609870754 5.42521990427433 3.4021779955185 4.85598192944701 inlier mahaDist=4.81435988328087 cluster1 intDim=8
2.53529301794644 9.89466239522926 -2.87426359438638 -1.841925428076 0.950371019949503 -4.9026605244642 1.3686198506771 -2.53801294407618 2.29084596739624 3.65138855912894 -6.59656896174252 -2.49266457781436 6.66214957989137 -9.70092151027964 9.41076019429085 -0.375880001297653 -8.20068431550432 1.51815154102324 -4.21777427346401 -10.974184096455 -1.57634937020822 1.00076087937646 1.13753936917399 -3.00506343944598 -1.79650184834161 2.78694559091742 -3.80968881768832 -5.27324799891823 -3.35881552878258 3.43167852756603 4.20583301932319 4.57956438513204 inlier mahaDist=13.0297993295947 cluster1 intDim=8
2.60638314547886 10.651709395254 -3.48729880390802 -0.729628391719218 1.08677657882608 -5.34912779239855 1.51857705733158 -2.82958470899719 2.68938026087753 2.83488029573715 -5.15737809977236 -2.51987666729927 5.9554816144739 -9.00506023598707 9.24689310654828 -0.258879983009661 -8.76141008129805 1.23646510388084 -2.5186957028514 -10.0758096938278 -1.55617663422796 0.0411637271126432 1.89497358664029 -2.44367299362796 -1.38818662777738 2.3929570476385 -3.56140262080488 -5.78446687746199 -4.29405353947413 5.05346287771258 3.49955937994141 5.11956483255996 inlier mahaDist=13.4773779773977 cluster1 intDim=8
3.72070232922828 10.3039223689245 -2.94261927799815 -1.81627581398291 1.06298983276914 -4.14246191817365 0.564508738731365 -3.34200394790673 1.29414258450422 4.39832562666782 -7.75094798667291 -1.97971321438639 6.767542964619 -9.21991263415756 9.91493625820871 -0.5089259722138 -8.76342307684396 0.793162588086079 -3.66819660330487 -9.93873683743714 -2.02160332765913 1.11682675680382 1.7648983966351 -2.55957991110985 -1.75980410190544 3.25347497205011 -3.57387713561723 -5.61118101730249 -4.38045874043721 3.91077677762672 4.94656434814364 5.56857084740055 outlier mahaDist=15.8978494496981 cluster1 intDim=8
3.22544730253903 10.2674203177402 -3.30480725858462 -0.821859838262353 0.541110736716517 -4.81048787576015 0.838044633733297 -2.63289622418528 2.7559829719629 3.46221622612563 -6.50077210118543 -2.33953291878077 5.54738692117417 -8.48234488537627 9.81306299103824 -0.221874203348906 -8.56015846905704 1.8181973123491 -2.68506608341948 -9.86296733776934 -1.33555191858257 0.691130239553202 1.72757238772378 -2.6744872037799 -1.82074718993749 2.90897698466015 -3.71284846928985 -6.34919922833046 -3.41716355950221 5.01138532073851 4.58745845880052 5.84124010591593 inlier mahaDist=5.61921540915038 cluster1 intDim=8
3.70339657345577 10.1004426173478 -3.63581930702809 0.597564662458744 -0.110725962458213 -5.10418269566213 -0.192558203189561 -2.36135259069242 3.75894466915576 4.48175488044646 -7.17249990356196 -2.16482893906357 5.15432542363761 -9.00850796685152 9.25227318272962 0.519292737014683 -8.73147638276559 2.0739543104938 -3.67389045533578 -9.64892014289158 -0.688029810578625 0.350754240894266 1.07608597315512 -2.87155157906162 -2.42567672135087 3.1257628826568 -3.55391737683749 -6.02858789260271 -2.74410237296441 5.01030501552798 4.20153933273474 4.89760828125823 inlier mahaDist=10.3831947779257 cluster1 intDim=8
2.67590404216074 10.0489281004946 -3.57211192117039 -0.676039377412797 -0.363424579359064 -4.94528239394139 0.604120114576351 -2.39435607887885 2.38022187841488 3.70572635369961 -7.16562759389869 -1.76773442375758 6.43599678824862 -8.60521772456766 10.0090831916634 -0.27457798616389 -8.95190995839057 2.0565804925722 -2.0776638647333 -10.2496585844124 -1.0234409466883 1.27272823543155 2.27885413806209 -2.05695594835678 -1.74443432585493 2.9999602466828 -3.79299335716405 -6.05824675826927 -3.26077541094937 5.5954644760134 4.14895219307129 5.74317141850687 inlier mahaDist=3.59607176744224 cluster1 intDim=8
2.42356121090125 10.0444300459885 -3.19817510506999 -1.10040627808421 -0.459681185317178 -5.08030480665748 1.48474623502279 -2.4227610252109 2.47692079717222 3.95749562229772 -6.78520845869322 -2.3828259772032 6.39273634175428 -9.57916944525574 10.0857915820753 -1.02827964603337 -8.49918986247789 1.82160941531012 -3.55023466085761 -11.6883355454767 -1.31387728034571 0.725974848496872 1.98108542991734 -2.23116174522273 -1.61215446026792 2.57497447619876 -2.40772536311701 -5.05486525933794 -3.79649421900642 5.14637902997669 3.24033680451502 5.32312734832841 inlier mahaDist=6.91022957870417 cluster1 intDim=8
3.00910695881374 9.48958223928247 -3.98259902433766 -1.29967255468078 -0.455515868398338 -4.38522597448159 0.752935909313103 -2.91682338144304 3.47582247436747 3.74755458842687 -8.12252086658203 -2.12877127365918 6.07102440450142 -8.54340537541863 9.7853178474469 -1.4121822997739 -9.35340741336011 2.15629933976184 -2.59042050456043 -10.9189711772177 -1.07115605933074 0.931378987685828 2.43077057127245 -2.14123392814723 -1.84936765056404 2.82842061526138 -3.81414852099632 -5.31579400417389 -3.73328448725076 6.60657435023474 4.15239610352842 5.80968687522971 inlier mahaDist=8.00944184232038 cluster1 intDim=8
3.7984614248199 10.1244019185321 -3.48052560226378 -0.488969750416446 -0.982315916281917 -4.35212541923255 1.14149634678999 -2.03200298620238 3.96300915891941 3.73925654474277 -7.67854071964635 -2.36832408106447 4.47196658857866 -7.82529174305018 9.6892393436481 -0.937494726646137 -9.13273958635336 2.30984678101488 -2.34230367135133 -10.4203340146538 -0.490974254583305 1.55992762123055 1.51922818837054 -2.19163189341303 -1.2805393946649 2.38138218936771 -3.32742033129949 -5.9101083957138 -3.71068051612798 5.19922672106135 4.35585967892766 5.21279387908007 inlier mahaDist=9.35076106038287 cluster1 intDim=8
3.29355824468544 10.2381897383454 -3.73038440487744 -0.111109113506393 -1.25874517058448 -4.74197384840709 0.929175749329458 -2.12350943031163 3.35822505916911 4.06573437778375 -7.69214433669068 -1.9057213746922 5.56479225527847 -8.53158687757664 9.5281286315354 -0.734458372837794 -9.51155275665119 1.94088729045175 -2.25984184694882 -10.6332892481469 -0.487418144415343 1.48611268108068 1.92100488953161 -1.67403683123559 -1.20917013566063 2.39718449706845 -3.1330887529607 -5.31045959995657 -4.08608568950745 5.44306284843229 3.46750950997839 4.67949158588636 inlier mahaDist=5.50087305029092 cluster1 intDim=8
2.67137486468941 9.59991451339969 -3.56446905984771 -1.54752182073029 0.250953055045714 -4.65651659227137 0.849603339510815 -2.79008419292862 2.84636935070951 3.5326866496423 -7.3543807999577 -2.21030267280456 6.4009400988288 -8.82538644019236 9.82420609762401 -0.840272018900796 -8.77166480507344 2.06125000225747 -2.93021774595177 -10.7161560831783 -1.33919597866647 0.915962152678199 2.08894750656759 -2.55492938402537 -1.98812824441533 2.9931153132419 -4.05728217624087 -5.68004684181864 -3.25359630376223 5.61297268416145 4.42953975781271 5.77853350347926 inlier mahaDist=4.30091332433578 cluster1 intDim=8
3.05739051472778 10.1334129060186 -3.59440328659179 -1.2503667434164 0.531057934194513 -4.58762272608118 1.16356165638761 -2.55587346771288 3.04018955055432 3.04157893566477 -6.91530843280802 -2.11359997406465 5.94747938660861 -8.28832137124573 9.0425668746402 -0.447731971939245 -9.29435193747473 1.6078368634259 -2.09749764906447 -9.86046838042548 -1.04674607689655 1.45742485074998 1.69200750279649 -2.3010987462155 -1.24417834365639 2.51613121848618 -4.73492873658904 -5.77546805411627 -3.96497011121914 4.61565966908538 4.43691942402218 4.66922412494367 inlier mahaDist=7.79588083464747 cluster1 intDim=8
2.91034985504441 9.7211091492853 -3.32726213083343 -0.747470909629813 -0.0197051255092852 -4.92366535551392 -0.0265269988272276 -2.66255263841846 2.21166227920555 4.69563936687121 -7.77742206464333 -1.85015775122389 6.85135393278434 -9.64364981910457 9.96955241257609 -0.00221453683973638 -8.49222904683731 1.90148170460387 -3.9613522267296 -10.5428243775192 -1.29368751339334 0.824957467893296 1.7175086565817 -2.6804724561122 -2.50375136503516 3.48697534333466 -3.47533419126896 -5.61488554224936 -2.75799860963713 4.91334962365208 4.2988099514441 5.48490799986513 inlier mahaDist=6.89365258826625 cluster1 intDim=8
2.39882481648341 9.78414276474431 -4.23310380536479 -0.52164200289152 0.392632041804666 -5.22930931914339 0.429219584224348 -2.83834870148367 3.30299164298219 3.43684690418454 -6.91806961415898 -1.83340750435894 6.89866383371715 -9.24924418405541 8.71366376869886 -0.116129113163815 -9.52633989563958 1.67847627741385 -2.57485246939739 -10.1393706983978 -0.967883752677223 0.556962937255347 2.05726283754081 -2.22796987651613 -1.91145768636041 2.80195718892311 -4.76162905277612 -5.18080133629317 -3.57190338779425 5.82370502979172 3.50753446952825 4.39239181547089 inlier mahaDist=8.43657434120103 cluster1 intDim=8
3.92476935536568 10.2933028964953 -3.41436584109261 -0.514585014412964 -0.0878710555775774 -4.425746722564 0.67732356972447 -2.47025262774578 3.22363408270139 4.22461457046973 -7.73846429467545 -2.09620905142524 5.43792859879063 -8.71642217793504 9.07337711465522 -0.315981814442226 -9.27866771199675 1.43985436445196 -3.21289482496012 -9.95093060512184 -0.848446758201683 1.37774623264163 1.17248418126026 -2.34642607488129 -1.43020234241803 2.61509099649424 -3.72030364083414 -5.41131771974462 -4.11032370635164 4.09895851466746 4.26594943907373 4.24616738973336 inlier mahaDist=5.81708963741655 cluster1 intDim=8
3.61228728243707 10.5303107688749 -3.59961860812131 -0.519981931045183 1.06332530088092 -4.86572170820796 0.941563518778829 -3.17856946470332 3.23563587705443 3.82150104127258 -6.41227315506162 -2.51112698557225 5.68899792806076 -9.42055434387046 8.68628188694102 -0.347366273939031 -9.16070068962779 0.814540711457404 -3.75307048453788 -9.96579923164853 -1.47029917725059 -0.0495332685508728 1.32311396303773 -2.61501317671555 -1.59262791783207 2.47742178316683 -3.45089897528361 -5.05115230936077 -4.7538653779519 4.55253801420479 3.5927864215533 4.24174452346788 inlier mahaDist=12.4929461965478 cluster1 intDim=8
2.60970512660761 9.8425003690427 -3.30222347833684 -1.3471899373617 0.453906210114373 -4.86994005114481 1.09884986645377 -2.35719058959381 2.91599051244702 3.0334161785268 -6.50767375150207 -2.37852741552432 5.83078705019767 -8.38678865943896 9.85055108676673 -0.371091713504696 -8.39378518471532 2.29872006963727 -2.51704260768533 -10.29836575575 -1.20357845304981 1.06611696737807 1.75566887532045 -2.78433328366744 -1.8622208049513 2.89127132954813 -4.26297037052162 -6.37842333412563 -2.80140745575041 5.04426644565669 4.72783103917556 5.85188620159914 inlier mahaDist=7.88330951557949 cluster1 intDim=8
3.58876560930548 9.51054965742544 -3.83149596463585 -1.0843958477167 -0.29232061412555 -4.09813424600524 -0.349020001370511 -2.92974955023684 2.64748500438502 4.56789735910115 -9.19344879416907 -1.4468909625899 6.66489703016575 -8.58318421795439 9.69745569245269 -0.480676027896255 -9.50276408876325 1.89167846811129 -2.75624271753835 -9.88488210745547 -1.01128183245641 1.67356981376144 2.10590060790085 -2.20619724639224 -2.1544303411257 3.46878218959862 -4.58007069131483 -5.66210707966659 -3.31225360897235 5.54547524599412 5.02179741344445 5.49233602387137 inlier mahaDist=12.6294820854035 cluster1 intDim=8
3.12432154016988 9.71617072827494 -3.37460208278826 -1.35984487312795 -0.144799295382031 -4.39934119111544 0.510952952855298 -2.54121821962071 2.4985001711341 4.02693037787244 -8.0754134886503 -1.8774647474202 6.37089802136363 -8.63128970272806 9.91958355403492 -0.551827599012254 -8.89256329697668 2.01854793762554 -2.84428142287067 -10.3712573555269 -1.12163796799298 1.63279523889571 1.87370875307271 -2.39906641552965 -1.87714986433685 3.13904414444241 -4.10370533128228 -5.83731823225525 -3.19177905150905 4.92351906668012 4.8012970160529 5.55178526337312 inlier mahaDist=4.24264657998331 cluster1 intDim=8
3.05785925122228 10.4745444269519 -3.30741712303006 -0.847483356082416 0.989858374871676 -5.04876958757522 1.20229161974889 -2.82975092593381 2.67617899529636 3.65517161188794 -6.16427480864959 -2.42025126750275 6.17405913166469 -9.555357192466 8.92098566836238 -0.194182814072902 -8.83667249259977 0.981947931710058 -3.67152303856119 -10.2689583412809 -1.47681064581612 0.400747200050292 1.30111339911159 -2.61095109963308 -1.50739524027183 2.50486610334363 -3.53649858448692 -5.16306511307909 -4.34386069372633 4.00343990843845 3.60541964183672 4.21529976733884 inlier mahaDist=10.2266478247473 cluster1 intDim=8
2.48321612286283 9.66575241194449 -3.89136399410099 -1.21938773596205 -0.944238820094218 -4.6223973567589 1.32570701561607 -2.05999487154725 3.39428249208012 3.35325885899728 -7.94408562504593 -1.78528241803086 6.47348827689205 -8.49676026585093 9.08398810061473 -1.02880374065829 -9.75495968575701 2.1109845040266 -1.89641231684057 -11.0203716272459 -0.435354734400816 2.20518176487842 2.01314372914687 -1.65575635639391 -1.00999310154598 2.27252250846105 -4.50753156737706 -4.93463574579178 -3.86326461134631 5.19188594931003 3.64427769042904 4.07725850547797 inlier mahaDist=11.5610811808083 cluster1 intDim=8
2.58502531194943 9.46147774558813 -3.07895815293902 -1.1806610948524 -0.343673951939389 -4.89331081058876 0.928816944392139 -1.7845416077298 3.27033392329525 3.70000888573258 -7.26773096077967 -2.37335984321644 5.75411319908285 -8.78444220696973 9.89528129028389 -0.278110828075656 -8.10566440459224 2.79467073069251 -3.47269776508139 -10.9739369558208 -0.761204544496902 1.53500138564404 1.18125293356428 -2.98264553746163 -2.11564549588032 2.97112292656544 -3.96292896401156 -6.05071173007428 -2.00591103898235 4.39174068244406 4.66299175265909 5.28496498928093 inlier mahaDist=9.09527635893193 cluster1 intDim=8
2.40508736657204 9.99285851180674 -3.37876252883441 -0.353992278844085 -1.14318892782983 -5.26113358068485 1.408856850148 -1.59477221315012 3.46338083051878 3.39154171410324 -6.54037395315694 -2.33982760100854 5.35103118515136 -8.49645850171495 10.024445555325 -0.558069823097144 -8.52194322775166 2.74739875215668 -2.34656536220393 -11.1503557196371 -0.501775278023139 1.27644845359785 1.77769917192758 -2.21438915587509 -1.52513343877178 2.44268051059638 -3.06355689084156 -5.96768046298128 -2.81356022236561 5.43802100160948 3.59905628689467 5.39084784157768 inlier mahaDist=8.06736087324689 cluster1 intDim=8
3.35506706254727 10.2583160746564 -3.51437545076697 -0.214318889755083 -0.218530629599495 -4.9177232196638 0.628469158153409 -2.64778171304987 3.07276583799411 4.01826697178763 -6.86468565519356 -2.31025427757034 5.38131160549618 -8.75825025171366 10.002319030392 -0.469514930636642 -8.70788256073652 1.92396702924715 -2.96439775005393 -10.3034682193499 -1.1625236978585 0.320044458957783 1.93970310231387 -2.42042470682042 -1.95815601750537 2.88728043442732 -2.82712739944403 -5.97993737547365 -3.56958083959294 5.81413653023582 3.97814329326598 5.95351439305551 inlier mahaDist=4.24318516996588 cluster1 intDim=8
2.76915471395232 9.90086486688084 -3.03379230113038 -1.11458292783498 -1.09278683952547 -4.61894802380144 0.504936344314156 -2.09841035187794 1.44166588137027 4.61264459633673 -8.31370271508347 -1.47698554756782 6.99595297414038 -8.97841417874165 10.6471228011995 -0.439298013947899 -8.68292997979749 2.10145611248201 -2.75345656706321 -10.9014300417429 -1.03225804986518 2.17927089121712 2.15730483264066 -1.91809194611368 -1.74161310098728 3.25914477324705 -3.16652861040259 -5.79496000086001 -3.05571274963079 4.67879391558756 4.37505883617774 5.76358573921914 inlier mahaDist=10.1330063591219 cluster1 intDim=8
2.33854347943241 10.1651879453903 -3.50081078627016 -0.917918718096495 0.374022383493711 -5.21508566771844 0.646793258224318 -2.88353381046709 1.68025371124462 3.94808691910782 -6.74729276130708 -1.77524537814346 7.43535922250249 -9.69916968556916 9.72004275697163 -0.17702365824949 -8.88064227626843 1.31887448118699 -3.01636633092383 -10.5285476396059 -1.55411520555689 0.662240283982227 2.27222174892789 -2.14385295973678 -1.85467158107998 3.04647207332337 -3.53086107250523 -5.34440797236675 -3.79849977501161 5.14867450936147 3.55150769279493 5.22119881730334 inlier mahaDist=7.06209604687662 cluster1 intDim=8
2.01988707516689 9.31321252183078 -3.58490313041734 -0.466360876632495 -1.20918947789758 -5.4037547457291 1.27725130924789 -1.37667854664682 4.44611492622164 3.37108465398923 -6.85055146125366 -2.52140264627831 5.40127858484467 -8.84542785584158 9.54594338790177 -0.538188073907773 -8.40142126016782 3.29546876634997 -3.12879657253336 -11.6650631362926 -0.169068741467039 1.21292845406072 1.32788515126181 -2.66488617646557 -1.96873446581889 2.47489549473126 -3.67442795640095 -5.5783480939391 -1.92222395351534 5.44050709904459 3.55005842551789 4.75521308686385 inlier mahaDist=15.4881501007203 cluster1 intDim=8
3.53934752004369 10.5062404024732 -3.86080265974724 -0.0546079418526903 0.148841758475173 -4.87505110418544 0.645776371519348 -2.88174405935375 3.21231811655457 3.9403440747311 -6.93856279465099 -2.06476308594157 5.76562580295211 -8.97245783305592 8.95923873250946 -0.310641287758772 -9.53659012264149 1.17275394754498 -2.77676608726684 -9.85904385261433 -1.05177650627262 0.468592453887048 1.77763717297456 -2.07527646955774 -1.47525496566649 2.53761633516605 -3.49403149245308 -5.26877180108877 -4.58082331016024 5.27709113524612 3.50491414951882 4.49703643944878 inlier mahaDist=5.93107628475093 cluster1 intDim=8
2.3152572217835 10.6571075643893 -3.25257830008915 -1.55655216983805 0.614282402180726 -5.01788178766503 1.6489091447311 -3.100159759106 1.11677570392973 3.27995212815395 -5.98399297374689 -2.05896157964778 7.18461351059015 -9.24929642251412 10.1575933808013 -0.915862894703445 -8.86868242364965 0.917268390769689 -2.22277133036645 -10.7265222529209 -2.00646590074974 0.639075027018971 2.77413241704443 -1.79204977003744 -1.13391514741534 2.60660323494977 -2.91076765099994 -5.46440881975524 -4.90885721318768 5.30443602785162 3.4259484789628 5.88799299445739 outlier mahaDist=18.7523155892288 cluster1 intDim=8
2.33840642022129 9.56983815022215 -4.166473644054 -0.435459639918654 0.294996688348106 -5.30743840580165 0.00624376329921184 -2.89229915662989 3.12925208170303 3.82908242884791 -7.15083752945974 -1.80048484207505 7.06487166890716 -9.49687387345399 9.11921608443144 0.0143580054852717 -9.17920268029925 1.93370593155243 -3.04268633085614 -10.2714522689792 -1.06957728860777 0.302953366025763 2.12291110992074 -2.45311039268618 -2.42244755850721 3.19079936207369 -4.49850020830824 -5.36065564856056 -2.9713286098453 6.13591267574197 3.68444922501243 4.97324724563504 inlier mahaDist=8.55778783618304 cluster1 intDim=8
2.71397394836117 10.44163468068 -3.91176568792228 0.324491758618787 0.306102820562676 -5.49265088166234 0.0791624783637044 -2.55939393264518 2.46557510159361 3.843315502692 -6.50488450974962 -1.50440149236629 6.85953142877662 -9.27618964286377 8.89649465718369 0.778701359295201 -9.38123139643438 1.35799536002955 -2.3400794989596 -9.37908698927981 -0.919264494085782 0.732916242056798 1.86701582392539 -2.06237443298144 -1.79666450894447 2.95375264495384 -4.33210544411398 -5.70059546673956 -3.5936436504275 4.9996183804733 3.49901601806177 4.3084755835001 inlier mahaDist=10.4453282729668 cluster1 intDim=8
2.61064230703877 10.4474412503116 -3.33877847695465 -0.77463749170988 0.241863995178664 -5.14819343848125 0.851414494899647 -2.79478987478494 1.622223213057 3.92804263034463 -6.54369331640459 -1.8820952612545 6.96218737653763 -9.43963995200113 9.92424968759894 -0.250765521564831 -8.80791807806061 1.26264677052551 -2.81890164042174 -10.4361355074321 -1.56100272334939 0.686899940961485 2.25191873088213 -2.06268205639118 -1.64026796181639 2.91561645478268 -3.09274525183092 -5.55598710324028 -4.05510275702831 5.04565503628027 3.57715941920452 5.44188796153733 inlier mahaDist=6.11951698765957 cluster1 intDim=8
3.24004921846642 10.0741909577662 -3.40252129280038 -0.798417764050953 -0.370402291108443 -4.60611059845089 0.475829053699292 -2.67623818109386 2.33043052811394 4.09456750656748 -7.54418878896921 -1.96164873921729 5.97684350325877 -8.50557053034565 10.4711235074749 -0.610149031374333 -8.7432456326847 2.02028385554051 -2.50989097891281 -10.2896782662287 -1.2794617054413 0.993617123941499 2.31831889268472 -2.22410549958793 -1.94310104488328 3.17599963265156 -3.15957500193477 -6.20605367742188 -3.40393474634806 5.83784599469675 4.51253483817862 6.4946087603959 inlier mahaDist=6.15306381620214 cluster1 intDim=8
2.46203505523113 9.70196476882815 -3.76705934660509 -0.680932352807705 -0.229937460668073 -5.15023858279645 1.1675516481288 -2.19510021045303 3.97823504648363 3.1368090142677 -6.57336251405265 -2.47110822621193 5.55746391245636 -8.66465745114641 9.36953598245499 -0.606113210975981 -8.79055493751293 2.49521209165389 -2.68917371458846 -10.8368580593813 -0.734085874164678 0.714787820436778 1.72377182882146 -2.55463600860701 -1.81868367555767 2.52660426440431 -3.94587576288974 -5.68589435953645 -2.95706880189975 5.75579596478591 3.77845803285644 5.10662707646812 inlier mahaDist=5.98142192014486 cluster1 intDim=8
2.82430368537651 9.86820235237025 -3.57512483235035 -1.42361809088032 0.335619432770634 -4.56407828859319 0.487402749081219 -2.77193410617704 2.04525997348828 3.89347496199622 -7.8816735552221 -1.55951422274018 7.28315764734652 -9.05008726113159 9.30193921938402 -0.271077352139937 -9.35308896052947 1.41164877283916 -2.66068647928315 -10.1039215979471 -1.23352976726221 1.70564027742237 1.9622013715361 -2.13264295418068 -1.62729699886409 3.04134577037805 -4.70133039963377 -5.36188714214341 -3.7633995308312 4.52561107504612 4.39213584502933 4.65492922366261 inlier mahaDist=7.8188347052938 cluster1 intDim=8
2.90996446568531 9.70609257202099 -4.04582623469299 -0.827640177256018 -0.394221774486176 -4.72368511998549 0.79698271153594 -2.80682608932826 3.55099158834215 4.01559519568603 -7.88396096887679 -2.03424086514483 6.44638252582648 -9.30607631807181 8.99579968761104 -1.02257824296262 -9.62855271812126 1.65667806190994 -3.18656152682418 -11.0071686734044 -0.897251010324247 0.854322794993451 1.97330342792906 -2.02705136260325 -1.6388899269646 2.54574940176222 -3.76530600855335 -4.54117045224158 -4.17382404589426 5.742222949414 3.32827682027009 4.31502731492381 inlier mahaDist=6.2964984447722 cluster1 intDim=8
2.51702652047362 9.98137335416925 -4.07227723077127 -0.658869231399826 -0.802777161111064 -4.91226475843337 0.746398924096196 -2.89328677824329 2.61130057401706 3.6134606962831 -7.27789639540245 -1.81315596531921 6.49289282098184 -8.52882405175662 10.3808845052782 -1.17258090220256 -9.35619503121167 2.06949043615716 -1.54994312439574 -10.7779797211648 -1.19532930612087 0.613267556306686 3.25191671546191 -1.56062836469648 -1.70664948766195 2.87303108518362 -3.10957746750914 -5.71444823725609 -3.95711747790333 7.53145984318246 3.52179114537344 6.61576203875107 outlier mahaDist=17.1183743258617 cluster1 intDim=8
3.57115153556036 10.0546590144107 -3.30800321002352 -0.739726408783801 -0.62992094018576 -4.37828824145265 0.33120557784424 -2.40125012533457 2.42162067253914 4.34326762610229 -8.13564627996886 -1.78911024418844 5.84391407045056 -8.33887638445279 10.2515261180629 -0.426610539737059 -8.91317890423488 2.03989113918238 -2.54115724402109 -10.0899939644166 -0.983201420749343 1.64592662507166 1.94397790027825 -2.18530024749324 -1.79424795319149 3.15744460967308 -3.47523932971595 -6.16965579298644 -3.32435048853203 5.10332166168423 4.78726945703646 5.91284479402734 inlier mahaDist=5.64401194092155 cluster1 intDim=8
3.15750349453622 10.1000867968786 -3.92306236212145 -0.317196981609144 -0.255483303371462 -4.80087375376784 0.37692436896268 -2.58779262551048 3.04115315121005 3.83363852567859 -7.50305506693305 -1.72418371213016 6.1770264922469 -8.59865590488895 9.27340800218456 -0.220712876557869 -9.52610627029674 1.74431480142189 -2.17022166978574 -9.8640136482608 -0.815308218169015 1.16555032086123 2.03297283785576 -1.98570059916865 -1.63334486211516 2.82296496261924 -4.17090331439505 -5.64934505435069 -3.76840577420426 5.55303240566336 3.98677935903155 4.89267527543264 inlier mahaDist=3.57066646066814 cluster1 intDim=8
2.37675037581417 10.4818902468537 -3.59617617136706 0.437609536121439 0.873094139696401 -5.89069045795076 -0.0582015985536977 -2.21323202288312 2.15888318635342 3.68535644634301 -5.80156862811378 -1.49455027371178 7.09465200015469 -9.54292246245724 8.68097475135797 1.68961071275814 -8.86197269203636 1.43611476364447 -2.68186493897539 -8.99033534081602 -0.905118554168687 0.825481631737047 1.29601083996285 -2.53509652257459 -2.03377243804226 3.14457558710539 -4.87681175459839 -6.11657965080771 -2.75916421611675 3.86838701047811 3.76854296973125 3.8962712791563 outlier mahaDist=23.9054442911633 cluster1 intDim=8
2.91759552856589 10.3659180995537 -3.39849486823003 -0.252267789395573 0.340861400484519 -5.20978720412068 -0.203596182833045 -3.01511956273617 1.23921140629109 4.81040718890036 -7.17490988962295 -1.49578881695152 7.46730051868369 -9.96031654134994 9.90425529064483 0.433909709518584 -8.78941828082233 1.10735237391989 -3.51151262384026 -9.94628806163249 -1.61267656706116 0.477489422006877 2.11313041421582 -2.24079118755396 -2.26887386766572 3.51020112338707 -3.17266767539765 -5.58706744083117 -3.61047609789952 4.91289189526127 3.78992675297176 5.40042814480592 inlier mahaDist=12.6270806648487 cluster1 intDim=8
3.47710295205954 10.0332707370709 -3.98873711119464 -0.733002076273251 0.418179402763585 -4.591596330492 0.485000154748798 -3.30279029781095 3.24202625985919 4.17891790527983 -7.68959982245202 -2.0635384537834 6.35941624818187 -9.39153319516203 8.80970210661408 -0.717168316232687 -9.6564423033837 1.0615112984683 -3.47102403278961 -10.2613395122061 -1.28157854748498 0.399431565784265 1.83318166786456 -2.2368386291942 -1.74714356701778 2.71452152224193 -3.82015916071884 -4.6992739843685 -4.63196360429925 5.40776207083833 3.6345229384938 4.37373144560644 inlier mahaDist=8.0831659829217 cluster1 intDim=8
2.75709377350932 9.65285035625848 -3.74974519182383 -1.06448021359247 0.451518986529675 -4.85109598245053 0.388294058937212 -2.89599294714021 2.90006685032379 3.86048580478813 -7.41517991252553 -2.01021260865205 6.72198516290296 -9.27390793911515 9.31030739480121 -0.336976731957435 -8.99601319787124 1.77208422088279 -3.30752637808818 -10.3754222463011 -1.25671843299135 0.705284943939402 1.857147344354 -2.58866258349601 -2.16131688320328 3.09271022621193 -4.31433567210836 -5.39770365864987 -3.28363645949515 5.34102299472336 4.17348980070008 5.0567922933096 inlier mahaDist=3.75077017121124 cluster1 intDim=8
3.54547869072715 10.9446087590933 -2.88735461080561 0.00484663888939221 0.0323353321815155 -4.96512065805933 0.286487202615258 -2.22499821580775 1.31028813297189 4.33407502132685 -6.74767735062989 -1.60282982267992 6.08946673222143 -8.69680201273465 10.1040918254285 0.764936621563761 -8.60799750660824 1.35175794221157 -2.42221322257375 -9.18300243445992 -1.19511579984128 1.47592776231066 1.60738674413182 -2.18174174785256 -1.57251702489049 3.17153123149484 -3.23114874944167 -6.64104861762496 -3.54615233466255 3.76485795175186 4.52806832903658 5.45286746556773 inlier mahaDist=13.551859634217 cluster1 intDim=8
3.2680202624789 9.96739328747499 -3.04165364518066 -1.03189084563208 -0.314128188014506 -4.48371628462815 0.213241313339847 -2.24428767912926 1.80083210643168 4.49878139376407 -8.19911113297592 -1.57653370478277 6.60296508744643 -8.80345196696483 10.07130469312 0.0492913774274586 -8.71906045192109 1.88696618655671 -2.98786667105004 -10.0684536356938 -1.04603456370425 2.07500728954618 1.60539201063651 -2.35256167361683 -1.86972740312807 3.33758028314127 -3.93730210717164 -6.05200410948868 -2.96792507174602 3.99723201569893 4.93541405839386 5.31470219900308 inlier mahaDist=8.66838472594983 cluster1 intDim=8
2.42496352246332 10.4828995010234 -3.25110634189813 -1.00179275278145 0.00343438411527297 -5.03063714270975 1.4418953403244 -2.0271062810605 2.06217685023384 2.76846633991595 -6.09189790964304 -1.9136050859061 6.14770512285745 -8.02010295336967 9.95119518139149 -0.157835862383997 -8.81801078888832 1.95282545871021 -1.12106643109509 -9.95173249773902 -1.03943120474868 1.76864862669231 2.17263698581149 -1.95976280412593 -1.05568352272685 2.57825134331509 -4.1255468643283 -6.54482500417844 -3.52863594579171 4.77521611773544 4.29137475132103 5.59898323068612 inlier mahaDist=13.3534187623027 cluster1 intDim=8
3.35309662254114 10.9528258744418 -3.00637089269105 -0.393657690175339 -0.121429765785815 -4.92675019980027 1.01754773948272 -2.5589314101334 1.49342377738662 4.42660884777911 -6.77694237483575 -1.88315197244713 6.38738034426555 -9.40779468153723 9.8300203680337 -0.190087164647377 -8.93123270444901 0.850810565134338 -3.07238551759848 -10.2975836132445 -1.4022533640947 1.08214210865267 1.78396658454356 -1.86178859597789 -1.16919806073583 2.64190772024149 -2.39576163514208 -5.37314350765502 -4.73624027813092 3.9890672881523 3.45237587810458 4.79458913804977 inlier mahaDist=10.0532424120661 cluster1 intDim=8
2.67003310919188 10.5560926160606 -3.47415750338972 0.279727092977822 -0.0453795996680281 -5.61840029688952 1.00309553514199 -2.11879905767189 3.09568291287101 3.36736651790097 -5.52040016669503 -2.32594967213181 5.45093081841633 -8.84748525864556 9.59517651579615 0.226604762083568 -8.54431745023643 1.99314691711978 -2.48359751353384 -10.1167443289167 -0.910815715680921 0.319098790405319 1.69060616201284 -2.40717012736433 -1.7015492574039 2.58601237308384 -3.13811772676729 -6.19533539457719 -3.26387724889128 5.26135919532582 3.44903149402383 5.25602854578311 inlier mahaDist=8.79112320174692 cluster1 intDim=8
2.18976521674774 9.7052215337281 -3.42289470593096 -1.06668847057703 -0.358130598711513 -5.21999935270078 1.46074804398513 -2.34097399923582 3.28009891145305 3.55236736755028 -6.54053793982347 -2.61638423466967 6.03619865657014 -9.37235061554851 9.93327794277916 -1.02696856854412 -8.36651295898831 2.32179562445397 -3.5111073231044 -11.7281967970718 -1.14514828655536 0.430486337801761 1.90457978072633 -2.54997155441023 -1.90644894918884 2.58334645009275 -2.86002726871887 -5.26315177011514 -3.16598382996462 5.69749430228772 3.37075057631917 5.49171295318253 inlier mahaDist=7.74535792046105 cluster1 intDim=8
3.09339699708207 9.86157657215692 -3.85806644144496 -0.936526259198858 0.720596282402762 -4.8624521824086 1.00757241325287 -3.18842666546467 3.88194477150649 3.52995433302489 -6.66595041283166 -2.7277362012049 5.64942413294434 -9.25555133917486 9.07165939210366 -0.950385240355847 -8.96245984085114 1.60025430156394 -3.71385684233106 -10.6938584938269 -1.4072300279578 -0.284677713166524 1.7242382146217 -2.78233865331111 -2.0045548190851 2.59457607411707 -3.55273151104138 -5.0938004070153 -4.02018119796078 5.86382839848305 3.6824992454047 5.08823201343784 inlier mahaDist=9.20206492621407 cluster1 intDim=8
3.05271473780344 9.35550603265765 -4.09982561311608 -1.26811777147927 -0.381295270989864 -4.27726945314434 0.116913393294077 -2.90130783162236 3.08047052813543 4.02104783037414 -8.81840993576457 -1.58580922254204 6.76620012572892 -8.56432384745589 9.4981659287682 -0.871575503075535 -9.6809900634215 2.04690859494375 -2.38709379744732 -10.3466996008725 -0.922659339602808 1.53595940687328 2.3684056287206 -2.04121994638121 -1.95773242398304 3.14917621220877 -4.73315163341412 -5.35705384590792 -3.46311697818957 6.14490953180489 4.53399412627293 5.3332478572498 inlier mahaDist=10.6488708798215 cluster1 intDim=8
3.12592826276419 10.1272531529203 -3.83757933748293 -1.00675530203403 0.431620821946163 -4.67010772766346 1.08447443350421 -2.9580477893504 3.28638277058024 3.30072641799883 -6.8986266481633 -2.27062260909293 5.88813491784187 -8.63740970681782 9.15357555140577 -0.831986683485051 -9.37621192911827 1.48320150009769 -2.47848993344564 -10.2108704805562 -1.23117367836584 0.653161329753171 2.01310358593985 -2.23378273446537 -1.45090114854389 2.50814855087639 -4.0145202879609 -5.40547857220222 -4.35005446868128 5.58155252570208 3.92181926841066 5.01667610813422 inlier mahaDist=5.20482082645499 cluster1 intDim=8
3.35500308002509 10.6812895595166 -3.51206463394028 0.417816111105411 -0.215928512318611 -5.19004343929367 0.888444497225019 -1.89548840996205 3.47508032848048 3.38429005034952 -6.14835335898821 -2.148609190946 4.89984515263085 -8.19335392853752 9.15521207452825 0.37814326519385 -9.02014517280086 1.91791988338094 -1.99755656747982 -9.46187103227087 -0.512033696492251 1.10638888800822 1.30677261650395 -2.26524109203036 -1.31557058229799 2.42511972807891 -3.77925564751568 -6.32580662864263 -3.51027522310393 4.57903137499489 3.93308228922348 4.58671927460552 inlier mahaDist=11.1850161042472 cluster1 intDim=8
1.73303073513302 9.70925393697118 -3.89509764118138 -0.724556731689559 -0.314621452049585 -5.50294469865324 1.29071777540009 -2.13427190474978 3.44359300940199 3.00307497634271 -6.3236788664406 -2.1584943132962 6.54729830406521 -9.10552899764375 9.23376090153643 -0.489709034524304 -8.98758350378037 2.32825032788637 -2.3862742935031 -11.1182039407202 -0.738093524800538 0.867747330575578 2.04972910815641 -2.18613738257329 -1.64498073928543 2.45442312740886 -4.110100931912 -5.30392180199171 -3.09578540926508 5.78459398665482 3.16296186443256 4.66913470488836 inlier mahaDist=8.47643337340138 cluster1 intDim=8
2.94805327699115 9.67463911805754 -3.46350828735768 -1.73941629177151 -0.590846361393043 -4.19440063893202 1.00569696031705 -2.39900601312305 2.56560814681894 3.65891236982488 -8.29177656883436 -1.82641900734893 6.36380754971254 -8.19949175250947 10.0112814485729 -1.11364414799439 -9.21270688294079 2.13366267611509 -2.08023918112786 -10.7123744433774 -0.972443648269425 2.16390978501689 2.21261602218176 -1.97520920163485 -1.38972979473774 2.82634706700625 -4.17967049591111 -5.69086247001814 -3.58309072162669 5.22581198262825 4.68358743894384 5.56556832350879 inlier mahaDist=8.4247016365704 cluster1 intDim=8
2.32569560880494 9.83738809543963 -3.57175005897193 -1.10747486733869 0.221740654316942 -5.06949650310717 1.18667095509624 -2.19434995358883 3.13588405740398 3.06748770322491 -6.63083135971033 -2.13980282116557 6.33888615114593 -8.79841972375187 9.11591562423785 -0.254309079295239 -8.92802440862551 2.0491437843264 -2.51336866113312 -10.486069530742 -0.874704488485874 1.34606526681191 1.61097363728578 -2.44341637439986 -1.54311294291128 2.57740888570773 -4.60732022705425 -5.62070096294325 -3.17923670317229 4.68167747845924 4.00342975285333 4.51293438776921 inlier mahaDist=5.48307986043124 cluster1 intDim=8
4.20844917354929 10.1281692906136 -3.18758312140145 -0.27733607614288 -0.431397588650148 -4.42310257759 0.522154484366602 -2.35984447186655 3.62909921034567 4.6822302729684 -7.86914283921319 -2.4623975799159 4.71291095535296 -8.81522795686112 9.60457955174569 -0.446761206322608 -8.68074231383324 1.90245129608937 -4.06863606222797 -10.3546224232638 -0.845800777043499 0.920734501037878 0.933189996053145 -2.77435747041598 -1.92511056801548 2.81406522596492 -2.84274628858309 -5.63535273343149 -3.48900923297538 4.37509825541394 4.43365937431881 4.95576572990558 inlier mahaDist=8.82642413559187 cluster1 intDim=8
3.35564827367959 10.2303934427655 -3.48631386611756 -0.558338912799669 -1.3825358437414 -4.5869877917789 1.36481553113496 -2.42123856392143 3.16494113154808 4.35996147088673 -7.74358485495382 -2.2870190305968 5.46566100933838 -8.92891002497879 10.0721337690692 -1.53313877425986 -9.1904486912664 1.8048164498048 -3.03064515739639 -11.5289325442289 -0.903942547868549 1.00306306394756 2.12067133013604 -1.71507895866889 -1.23510424927435 2.31399381024885 -1.92798605703871 -4.89226685240551 -4.56359034751572 5.77136856081172 3.16531094590107 5.28107215493378 inlier mahaDist=10.9155343785363 cluster1 intDim=8
3.24232934316923 10.3728525392903 -3.42110108438226 0.108325516070966 -0.768414391585221 -5.01817044569413 0.412521099382276 -2.24955749104468 2.57038511335675 4.29306683442138 -7.16042198108352 -1.87620578444899 5.74506601077294 -8.73067568543756 10.136915093126 -0.0790703002609898 -8.80991822579824 1.99700577540836 -2.56631617513654 -10.1761686381473 -0.884028441994423 0.980278107311543 1.96784889568477 -2.08771322386782 -1.81121052109887 2.97581983403215 -2.85847283130385 -6.09641453334564 -3.35873393264217 5.41788160390488 3.92222205753497 5.70324564804832 inlier mahaDist=3.6032250784132 cluster1 intDim=8
3.29160846629608 9.88376696613522 -3.31747222236112 -0.945359617575413 -0.135902659716972 -4.71304103150222 0.94620134605871 -2.8431793024603 3.17242517198912 4.5233369659449 -7.47405766414844 -2.59129831868024 5.82581510429147 -9.71353699818311 9.74211136493783 -1.06503330152007 -8.58909018916645 1.65506361233595 -4.55176282282756 -11.3918544392554 -1.37241986411337 0.243856513146696 1.52956143042674 -2.67172238980438 -2.03532703182059 2.76165286031605 -2.42004385870556 -4.84561106009086 -3.87412093927986 5.11277116456356 3.6165834675302 5.15400583140515 inlier mahaDist=8.4948537837112 cluster1 intDim=8
2.86172023189018 10.3068015033017 -3.37916381705546 -0.176525653053034 -0.169520424148616 -5.236148849604 0.613973723223854 -2.29261099581357 2.49011147441743 4.21955916862935 -6.86319363968138 -1.90914450716481 6.43092202665595 -9.49125506113128 9.39095448237176 0.163420249835019 -8.85381434893649 1.57188822728756 -3.30132791339248 -10.3795194485446 -0.972337811962681 0.956662146271902 1.5159541836298 -2.27082092202054 -1.73457922249555 2.81203442803748 -3.3305221639988 -5.40846306687252 -3.5299686997115 4.40258032893556 3.52356475248246 4.45102215570707 inlier mahaDist=3.02318115561085 cluster1 intDim=8
3.04789035057099 9.94868572172275 -3.1935066883743 -0.760637029778946 -0.856207713083667 -4.7488469262445 0.973681242376466 -2.00043063509114 2.87414928343895 4.38576742496021 -7.80286226147647 -2.05957745378819 6.05919861951861 -9.21955245246745 9.62797508553692 -0.5480588824743 -8.83332648544623 1.9631930108764 -3.54462136042586 -11.1128969227982 -0.736721801635892 1.66007564321878 1.34804219019232 -2.24526408006234 -1.5468544460248 2.64898838952317 -3.1394016155998 -5.13615591977403 -3.44798481483034 4.18829338369459 3.78928718126842 4.41755865793217 inlier mahaDist=3.82121354553249 cluster1 intDim=8
3.40343155651491 10.3305396051117 -4.25336418642351 0.965432949742799 0.690879039930608 -5.45307082834567 -0.50369401855615 -2.91838936752064 3.67150706662971 3.86439542350091 -6.36322550690894 -1.9070135259357 5.68298022212249 -8.9218747190365 8.74700793148529 0.920775748021712 -9.27322870112311 1.64484674544168 -2.67597245234146 -8.74694971382541 -0.896274823028533 -0.330257258068697 1.66657291033335 -2.63718314070962 -2.44064481607839 3.16740095068334 -4.38334248375527 -6.19655704790529 -3.18857148054427 5.98809237468037 3.91860440724603 4.94877583439722 outlier mahaDist=19.5306646851904 cluster1 intDim=8
2.02760854046599 9.93008451177761 -2.6838826701551 -2.04323002935148 -0.0576022959133574 -5.04685676115576 2.15153143080925 -2.44933866842697 2.00386793645952 3.66221294706889 -6.28120355161102 -2.82173065525503 6.49134602084167 -9.78322676320755 10.6276065085301 -1.46728744403573 -7.76796472567144 1.9108935282877 -4.09212946155349 -12.3955162182153 -1.79194128691123 0.607920681283745 1.9561933505805 -2.60261324815418 -1.64823643021711 2.56553343689832 -1.96615119079485 -5.13413945657043 -3.62003671436929 4.76670502807514 3.44858444487674 5.96176106049815 outlier mahaDist=21.6754605395059 cluster1 intDim=8
2.93257035698107 9.5785591109823 -2.92421796138469 -1.08650254764129 -0.59515712082036 -4.66260703254568 0.631661532160235 -1.60788555548862 2.85760212861965 4.01412975769966 -7.81913456411934 -2.05118508283999 5.78572222404634 -8.51105903390407 10.0353328179777 -0.00843462742790702 -8.21233015876176 2.7570892053366 -3.19641034525984 -10.5646151739924 -0.624304768978099 2.17584446751344 1.09623452803717 -2.82888665077938 -2.00950087859149 3.13362445042941 -4.12074802057666 -6.31768792623849 -1.94222201817997 3.87893672106493 5.08305510125365 5.24987234104885 inlier mahaDist=12.3763479864374 cluster1 intDim=8
2.41217116242553 10.0346010908922 -3.90700994854182 -0.2571246564001 -0.707191400598726 -5.19199137405056 0.502109705117065 -2.32569277350381 2.58021382641752 3.7826220882262 -7.23405950470357 -1.53682108345629 6.80368239104176 -8.87616808580904 9.63573750345379 -0.186651292785702 -9.36621812556442 1.99016633642289 -1.90274807685773 -10.374373727767 -0.764076883888562 1.26291379780161 2.40997463099241 -1.72275018178249 -1.64306000798504 2.8564643619409 -3.88040832181269 -5.60596113446988 -3.44532781759306 5.89467052902029 3.50758777513196 5.10335363231376 inlier mahaDist=5.23003055861337 cluster1 intDim=8
2.9924286385795 9.90586165233713 -2.86527113173947 -1.48102415106765 0.315386649530718 -4.66087770157951 1.01497992510841 -2.27912985814796 2.42282565071038 3.91726456463906 -7.20671659425517 -2.30629344413286 6.12351816553682 -9.08205606276965 9.78166697060729 -0.299307957985497 -8.26550537649181 1.88981624781469 -3.72794972940554 -10.6430700603009 -1.26534381968133 1.44361128977101 1.18666431185741 -2.86887004489013 -1.82885193150485 2.94712212838595 -3.7345386987112 -5.78335812589442 -3.03600055111887 3.6788675564551 4.66920244986232 5.06048972457304 inlier mahaDist=6.79858222356153 cluster1 intDim=8
2.71610845530177 10.3113408576161 -3.4502186052075 -0.719805005897979 0.39825793359656 -5.05036705958406 0.663426755861953 -2.52626856205773 2.12196412383015 3.40169286769164 -6.49932871529481 -1.8407543187325 6.45470850942932 -8.61490787209871 9.75138530616747 0.121668449614994 -8.83828457530977 1.7171881241929 -2.04511824755072 -9.71158752916306 -1.2493365719266 1.08857804721174 2.07498509404014 -2.26679327992758 -1.68740803338375 2.99587863810074 -4.14179931987475 -6.30492019073487 -3.39168053588823 5.02653085586045 4.33055011165134 5.57716476003507 inlier mahaDist=6.30958810813345 cluster1 intDim=8
2.33723566130947 9.12586903701512 -4.21013462742598 -1.43772778812834 0.0464372922102433 -4.78450521378091 0.86706067520365 -2.85713691568367 4.02756280498692 3.41522953826687 -7.71683644932657 -2.24202439275715 6.630360805648 -9.21050386965255 8.8966235089048 -1.14880957422248 -9.39420046081009 2.15711907567211 -3.2103920957358 -11.2206800827917 -0.944989667632645 0.709416087299451 2.01043318109406 -2.45500022539619 -2.00506611768333 2.6721238147071 -4.63810717158655 -4.69434332807348 -3.39410383562737 6.18192559513781 3.69033737243669 4.60235154017746 inlier mahaDist=10.7968894645479 cluster1 intDim=8
4.39246622577925 10.853166357141 -2.91011663347013 -0.76205528569287 -0.369715226412452 -4.07645024573739 1.07485620948256 -2.60050915892313 2.18274464144238 4.39755062033583 -7.65596260695624 -2.16385028148697 5.04181642488485 -8.26459353290518 10.1785536663971 -0.828234545687355 -8.99944385746011 1.1839244329031 -2.73794836504878 -10.0042168573356 -1.29219583754919 1.49352171959995 1.67403585699939 -2.00612015444469 -1.04788449869827 2.61396684201004 -2.41883629366103 -5.90659282030015 -4.83833648216868 4.22661543925684 4.51640375991794 5.58930798782584 inlier mahaDist=12.5298567672626 cluster1 intDim=8
3.8351523853568 9.93752611775728 -3.07365562729514 -1.26595408418223 -0.847400752780496 -4.05249400958521 0.63226108124667 -2.8177250466073 2.29067189663299 4.92269940869596 -8.62504163797629 -2.17209002483813 5.74060081360692 -8.8359445431138 10.8326261474803 -1.39135200350032 -8.63812793593157 1.87513166271369 -3.63594915603172 -11.110829475744 -1.42863348018462 1.1497791606911 2.11761660076824 -2.25640760531065 -1.92159998201676 3.14850703864432 -2.13903487878027 -5.57256543453527 -3.865064280053 5.48299620234793 4.55145161134115 6.53314644679537 inlier mahaDist=13.7349687002954 cluster1 intDim=8
2.64410690418472 9.87449061044395 -3.40520362557408 -0.943578462570002 -0.620396748570194 -4.93275949833644 1.14844144315153 -2.50337795547764 2.88805210883428 3.8151045704936 -6.97665309664817 -2.4174389160697 5.8401392821564 -8.9167975759271 10.477103623271 -1.12363213973491 -8.45884689967853 2.30810243488536 -3.00132186278415 -11.3531749644544 -1.24219289064109 0.544602386746754 2.29593118822745 -2.32140973700564 -1.91820703282492 2.81280462036668 -2.55125156551447 -5.70663738488302 -3.33610760420602 6.19861219541361 3.76620346029023 6.35958026345546 inlier mahaDist=7.68313441444531 cluster1 intDim=8
2.56032793797769 10.135976141452 -3.9776531813857 0.355717013667652 -0.504595439287391 -5.51370293373555 0.336110150616369 -2.39689216894313 3.06721211518026 4.11672785893119 -6.87039016087821 -1.75301836726514 6.5858909644401 -9.52151571267402 9.15064341022025 0.126633912759971 -9.28666758147483 1.77107577164663 -2.85659014931456 -10.416196997638 -0.724294726441646 0.550064245017769 1.94117232874285 -1.99824463829842 -1.88468509850208 2.77852754925717 -3.50670233719919 -5.19596279539933 -3.49536959982914 5.64737268416494 2.97317809343349 4.41281517182387 inlier mahaDist=5.8885353340785 cluster1 intDim=8
3.72537032298225 10.1266440267996 -3.73569790978577 -1.14875913289908 -0.205116543622909 -4.17607402848509 0.773833838491362 -3.34793194466405 2.66943237081987 4.57335744762422 -8.37841082078492 -1.99909223316361 6.39987739949217 -9.2916154339886 9.4688355328013 -1.42124448861685 -9.70246950466999 0.948484100477071 -3.41232229396766 -10.812831061521 -1.43162542824799 0.824649430185854 2.19066504376897 -1.83768848277919 -1.4309653421561 2.65604102892206 -2.94634081166722 -4.48902548365442 -5.21565577546996 5.50057706623479 3.62561877706704 4.88708530861435 inlier mahaDist=11.9030009759323 cluster1 intDim=8
2.28290588195893 9.84967145700717 -3.46921598936649 -0.896693362589985 -1.13742095978109 -4.98950230343361 0.981717149069519 -2.16540623076187 2.30243468148491 3.95802225568732 -7.49433702149197 -1.80968352176261 6.69980003796577 -8.9603699608041 10.3768056176934 -0.836788338943076 -8.84941684517789 2.28651715388722 -2.39284786037532 -11.315573325035 -0.935521600077811 1.46459145819283 2.46658178593908 -1.80964811625521 -1.63680956287719 2.84511003890338 -3.03452543820254 -5.53045177926528 -3.28597427001907 5.81021895111865 3.6047571305293 5.75242592756087 inlier mahaDist=6.26945505554825 cluster1 intDim=8
4.25882019177727 10.1942609575382 -3.06993690961412 -1.02690252369056 0.473101884100022 -4.07687223153394 0.0506581128599635 -2.8888173494946 2.21187040848843 4.68029936093603 -8.25640108669954 -1.93065037566842 5.85103578572415 -8.72520047484798 9.74682417393265 -0.100255429841368 -8.83483626707842 1.33201598885105 -3.59878251206562 -9.49268106816788 -1.39725133469314 1.38495889195264 1.30079404576255 -2.70935794402052 -1.96713207882655 3.33186954863323 -3.80667488844452 -6.00781339325203 -3.68772714382256 3.89851732745128 5.30294034870911 5.35928342689575 inlier mahaDist=12.5011217782488 cluster1 intDim=8
3.28218657748093 9.9767152128669 -3.69850959786614 -1.51856500551565 0.982553351376361 -4.42060611370172 0.618919002231261 -3.50752115052067 2.50943401882263 3.77471154072189 -7.41488356549462 -2.13472883266153 6.57840096393058 -9.0503319859282 9.43534271942382 -0.828692811075161 -9.20836805719492 1.15224693837176 -3.12853879245508 -10.1059006815547 -1.76014432013325 0.459012559969323 2.15917760207046 -2.45839750398122 -1.8725335894496 3.00550182070122 -4.04631427413052 -5.36409249996569 -4.34714865670701 5.4866678468176 4.385187488414 5.51636714636109 inlier mahaDist=8.39272666568267 cluster1 intDim=8
3.01438416325225 9.74927071751483 -3.49513706023918 -0.674504167170544 -1.01330383516961 -4.68415677597988 0.538143163454155 -2.08953298849026 2.8661376336901 4.66202805334945 -8.49760953888805 -1.66798482578387 6.65071075743371 -9.3988817043667 9.27999142694702 -0.416755914930415 -9.30264213481274 1.8618045021858 -3.48145559335859 -10.9878337200746 -0.562590943853784 1.94434976548404 1.43788479284335 -2.02437651235847 -1.60575910254816 2.77217890084155 -3.67876611215616 -4.77419315439111 -3.48290926505792 4.27219190851663 3.70188802652322 3.88016163434834 inlier mahaDist=7.70387497322101 cluster1 intDim=8
3.12885157548904 10.0966687151964 -3.46879779706007 -1.13623226659464 0.220544409126843 -4.51640581167418 0.470196163114674 -2.56643285999666 2.07948790546671 3.90476685657282 -7.81989698172008 -1.52839502832606 6.8660271231381 -8.74149589857761 9.2870130637612 -0.0464680569349303 -9.36974526145545 1.40894365473398 -2.40379637538356 -9.74616607359181 -1.0753890494252 1.93739879875011 1.77192159105194 -2.09319762216899 -1.46388404101116 2.97839875618621 -4.67965141085214 -5.6456160701269 -3.7863966490284 4.17278845257911 4.55797735758139 4.56315578985526 inlier mahaDist=8.1730974986588 cluster1 intDim=8
2.35973903454592 10.0584057362808 -3.98733088351165 -0.0194452761583168 -0.632035337390399 -5.37234700893589 0.507654864059734 -2.31610316755332 2.8377935918339 3.83365020702878 -7.03576828581169 -1.60644217146985 6.80648734218079 -9.18087737031937 9.30555678147287 -0.0605220080428326 -9.4124143035172 1.88557923560736 -2.23509513090177 -10.4447820260253 -0.69545934865984 1.02277321393211 2.21016918667214 -1.78539323655507 -1.67027587801555 2.74870117416415 -3.84192032387223 -5.32650826872367 -3.50992877974538 5.75529550260449 3.16782189884432 4.6079874074099 inlier mahaDist=5.32532586600359 cluster1 intDim=8
2.11785669359584 9.92032569650677 -3.18463856866489 -0.901116146465099 -0.747328738687786 -5.2586358103796 1.18553071835028 -2.04525518668694 2.25972344115253 3.98955047353037 -6.91993493898692 -2.06203587248813 6.72718983467899 -9.49848033792973 10.1607681690102 -0.552781919054905 -8.43601888079949 2.15071109238791 -3.21604367078805 -11.5171073247026 -1.04485216619997 1.2045360176865 1.95888976753312 -2.17927099313983 -1.72931470767491 2.77665024439232 -2.84277245595403 -5.35793471136125 -3.1111825948302 4.95897882504423 3.4035099525141 5.25099104048501 inlier mahaDist=5.3915775590152 cluster1 intDim=8
2.67965709547513 9.89205396047348 -3.46789236805175 -0.234017550618848 -0.856134450802211 -5.18219436359548 0.67530768759196 -2.00115539794336 3.099077222024 4.15039903180452 -7.22576162734704 -2.04629896046562 6.02655278068421 -9.15674414746378 9.78007628589812 -0.233854194235495 -8.68902997377706 2.32177330379677 -3.16975673620416 -10.9148737819852 -0.683741397819082 1.08162367667961 1.65889267272705 -2.31587522901872 -1.9252342472723 2.8314873173267 -3.18981566324037 -5.56624883145126 -2.88300141879574 5.1715166022456 3.63506183651941 5.01146496280404 inlier mahaDist=2.16399891689799 cluster1 intDim=8
1.93718630755538 9.27653322785638 -3.55240448273446 -1.28277136297235 0.0382461962971826 -5.239804879524 0.724042838682653 -2.50686937086664 2.93191384455782 3.85445925125754 -7.14670544646474 -2.21758434203595 7.04083485457441 -9.80714252800133 9.66520189140941 -0.508186074765109 -8.41452756052439 2.31575639814334 -3.91798156851835 -11.4498062302229 -1.19650572294659 0.622774515887509 1.8171738482182 -2.78035162051161 -2.41619256747678 3.09120708117266 -3.83958421116763 -5.17327651257242 -2.51225573323249 5.41015417451418 3.7518859204622 5.17693955527615 inlier mahaDist=8.764602195888 cluster1 intDim=8
3.22685706494964 9.82495056655783 -3.43250072917774 -0.797238772689588 -0.439421645140664 -4.67481327887848 0.881454092645011 -2.36560459605871 3.42949704849251 4.17916018660386 -7.66689617696164 -2.31152739576459 5.70153711143912 -9.09327834099668 9.4736864365047 -0.725803382217868 -8.87175425604999 1.98409463417637 -3.65439164751282 -10.9441496723112 -0.877236094788825 1.06543389883031 1.40292010993214 -2.49636447427763 -1.78181804009216 2.6778487673979 -3.31852817558769 -5.19649417988643 -3.49188057180791 4.82040127178746 3.93358459587593 4.72900255412997 inlier mahaDist=2.13288157447556 cluster1 intDim=8
3.21263484860167 10.0871527574487 -3.33242943895255 -0.152562616846757 -0.86976625104925 -4.89525746993625 0.668761169798486 -1.72079330248793 3.20027817979828 4.29943187897301 -7.67506638949505 -1.87589827013517 5.79355557209145 -8.94959244808087 9.18942456311552 0.0803397396481815 -9.03828195056381 2.02796285339929 -3.1487384492161 -10.4351224628557 -0.362750028905101 1.88078231408353 1.04200847602597 -2.24119156738376 -1.50101529247523 2.62820777363356 -3.71401533042206 -5.42370750676841 -3.19190518722465 3.85208303207616 3.88962249847785 3.86648453322924 inlier mahaDist=6.76850174757662 cluster1 intDim=8
2.95309484552248 9.69761270656688 -3.2923680295382 -0.89448524409723 -0.303392130915028 -4.89795410060699 1.27527872233066 -2.19931324206122 3.91559952300075 3.84551691591028 -7.0054193940064 -2.78421538865042 5.23649333523341 -9.1661919344483 9.55450755683468 -0.850443451928563 -8.37317289766959 2.33114888548807 -4.06577294560535 -11.3729990256199 -0.902669837119369 0.645796435593392 1.16911234422238 -2.8949715129764 -1.94087366713863 2.54610246036804 -3.05643079474181 -5.30169151204641 -3.0616816204706 4.87398882773578 3.84472640490442 4.93080810108787 inlier mahaDist=7.13570836153939 cluster1 intDim=8
3.13162699271089 9.95471804926713 -3.3060846546677 -0.644583290874897 -0.24109662986947 -4.75283184682732 -0.0216408415655103 -2.49865990803817 1.99500797088528 4.49848991208327 -7.84903356930125 -1.64135732203114 6.59574126164169 -8.96926021337813 10.1636134777103 0.0801517040859567 -8.68504285314097 1.94944862714037 -3.00848862640728 -10.0501761107483 -1.15517334744345 1.32864858777215 1.91036969808095 -2.38959660130942 -2.19227693290551 3.45586037415528 -3.67117636012037 -6.10953235860968 -2.88487870984826 4.9387872282749 4.63640636061108 5.7810463058363 inlier mahaDist=5.87334371667956 cluster1 intDim=8
2.38366613873677 9.51039033458367 -3.59521038646066 -1.33614213221566 -0.736387218506037 -4.74612964700812 0.6925742964808 -2.57678397597762 2.37736960805902 4.12975855683912 -8.02995082691702 -1.81770201965445 7.03224435103097 -9.18464651455066 10.2279030823955 -1.00842332159622 -8.92353991555158 2.18403752151084 -2.90965484432125 -11.3418430141131 -1.1511617023418 1.29175590407285 2.46720939028961 -2.04490816760651 -1.95468270654172 3.07449371186319 -3.43033503134834 -5.27718977401593 -3.24861656042906 5.94649482923971 3.89983587591661 5.78037614747591 inlier mahaDist=6.73055746243444 cluster1 intDim=8
3.37744710009047 10.2532769773012 -3.10540053918685 -0.586736945278384 -0.521230418215344 -4.67131207515417 0.629187210718733 -2.23950326324478 2.34482307758397 4.22519768233328 -7.43402631004569 -1.99344433695391 5.70906615999118 -8.56910213646585 10.2810126267426 -0.279678603334334 -8.59394290351783 2.00081237078792 -2.78007774147746 -10.2590372737932 -1.04351836491973 1.39345619683577 1.76266766004739 -2.30399965301902 -1.74038462636578 3.01851195061872 -3.06798134267546 -6.1979297258935 -3.28968116281695 4.77358464833186 4.48870083675929 5.81591419309053 inlier mahaDist=3.60178873357075 cluster1 intDim=8
2.54372857175288 10.3964722300225 -3.00797182568316 -0.26315754702031 -1.50719061342842 -5.17252163036153 0.970636612173312 -1.60208033271379 1.69786070806458 4.38919576691743 -7.28760687610802 -1.5896859892862 6.55602102995157 -9.07085163655005 10.419063856465 -0.152119720404424 -8.68317591959851 2.0651623899553 -2.44710751350422 -11.010152310683 -0.697292515460591 2.01960972294968 1.97683591292459 -1.64729685771069 -1.31480200791281 2.7682373455574 -2.53847804337099 -5.71804961576 -3.31361208339994 4.45514333806035 3.46937219632781 5.13116789845898 inlier mahaDist=9.2508187830097 cluster1 intDim=8
2.52602079942911 9.77506965505434 -3.86652393381162 0.173244918569137 -1.04588545351592 -5.36984070708014 0.348075462889803 -2.09078115533369 3.38022415975261 4.32321580080165 -7.44436811547754 -1.82502438139055 6.39282465291194 -9.45437126813341 9.40112542238535 -0.113335504443781 -9.08434307294845 2.27067087373862 -3.16833502633719 -10.921461395806 -0.493529655126696 0.900327014317254 1.78791615742557 -2.11889159539796 -2.03463506578513 2.83691503765142 -3.39058493999062 -5.16361096670942 -2.94517196006924 5.63631455188218 3.16651002451544 4.52921353031903 inlier mahaDist=5.41666997386663 cluster1 intDim=8
2.93395886846535 9.84892713560821 -4.22512067592468 -1.14480633426421 -0.0258589876795131 -4.51850944716501 1.21746627823194 -2.80060970667883 3.85740776793601 2.93395427990056 -7.36306949068946 -2.11315661752632 5.90077318002238 -8.17650263609758 8.88260026400456 -1.17671312998248 -9.90817478251653 1.78253898030712 -1.69313515770266 -10.3368413798633 -0.841843910475435 1.15702411399487 2.25499282590179 -1.89250059102539 -1.17907492867765 2.28257892330718 -4.66256343902234 -5.22077755970824 -4.40132866719984 6.12762585139584 3.85472504301231 4.71758937033445 inlier mahaDist=12.5490680153547 cluster1 intDim=8
2.5651447175387 10.4153439393633 -3.40171139245559 -0.876521259128229 0.216116896372597 -5.09543901423703 1.28547856283526 -2.4600110095734 2.28778750785533 3.29938444328682 -6.27798965424333 -2.05471582682785 6.40852943560758 -8.88337495074763 9.56552013801258 -0.32705948263667 -8.93957266926302 1.51721823558946 -2.26849257771391 -10.3394485686832 -1.23653649895517 1.06034021679663 2.01301729918788 -2.08193243212552 -1.29154838040661 2.55672200252452 -3.65960299418427 -5.70096136211395 -3.99466255581123 4.82706524217839 3.7026593016322 5.0332278584251 inlier mahaDist=4.5697340328231 cluster1 intDim=8
3.15263274449411 10.1850633237262 -3.75681322460379 -0.658764839757405 -0.387365383101181 -4.73603056917363 0.955766595837008 -2.89143979633506 2.95334443065862 3.98371359146932 -7.31094077333539 -2.14895521018711 6.01277630150627 -8.9848288025321 9.72538733116263 -1.07076870044807 -9.29292021446457 1.55024980503036 -2.78320138395022 -10.7844416461842 -1.21121700827976 0.561724453955634 2.29864621473994 -1.93233860475448 -1.53965477999703 2.60066271320971 -2.89078194187213 -5.16023945746555 -4.44112020847361 6.02782127790335 3.45551261732975 5.40353209791294 inlier mahaDist=4.54826727132593 cluster1 intDim=8
2.42639026585441 10.3397008370701 -2.57456295360661 -1.09066569362516 -0.0459067341774343 -5.19844101653257 1.02336029548046 -2.21950681292422 1.05986746483964 4.14772229703413 -6.42618122553941 -2.08380526788906 6.74186439441538 -9.45534540542484 10.8271795252684 -0.0836973239400132 -7.76819110504489 1.84071613393417 -3.39161410098898 -10.9060579263163 -1.62135038709574 1.08482889832169 1.89529863964928 -2.50819377901042 -1.91159565412554 3.19534356242352 -2.47572195899405 -6.18507362081033 -2.97208548544367 4.21278413969171 4.14048449700187 6.20633734459607 inlier mahaDist=14.1836780667834 cluster1 intDim=8
3.40427973986714 9.68120609360696 -3.3078376127745 -0.239262360297857 -1.36815768277029 -4.66913436830211 0.252933660986337 -1.84030303433736 3.30652603087888 4.91911420864102 -8.53695965749731 -1.92058731583164 5.69149576567574 -9.04676370934171 9.82545768229526 -0.286664154901938 -8.76707639202112 2.45746453176316 -3.75170906372387 -10.9080696123083 -0.41680403090708 1.70209341051752 1.21886288874732 -2.41016991918345 -2.04389865616683 3.01513435676116 -3.15085621809981 -5.45348607266398 -2.67622963706694 4.57851803105133 4.17023156175376 4.74947534158751 inlier mahaDist=8.39873392124961 cluster1 intDim=8
3.91285523974779 9.83442798260868 -3.31219092170741 -0.995814916849746 -0.0345580302460181 -4.27205594970291 0.656858406006135 -2.74003964415865 3.51331205508499 4.43457501935253 -8.01135015186338 -2.51116247117668 5.22922093908272 -8.93859325559593 9.59140144876131 -0.867316565100889 -8.75328710664191 1.81843965222986 -4.12431135240336 -10.6303235126637 -1.14756918722138 0.802221586963193 1.23462234796498 -2.82366274695681 -1.99857412961664 2.86879131719125 -3.20548901755396 -5.38031336450731 -3.63659074292996 4.74740099280127 4.52541159757104 5.17048635205819 inlier mahaDist=6.50149217067648 cluster1 intDim=8
2.65974050468548 9.72541497586281 -3.89145327526017 -1.18060754432889 -0.712219112712019 -4.58900787946205 0.81781080167464 -2.66697433987723 2.71399339582363 3.84621620057675 -8.07264268812904 -1.71256583386174 6.81331824056935 -8.79596678434977 9.72508875796855 -1.10422614544118 -9.54867154439667 1.88976628534047 -2.21906799568962 -10.9251649464235 -0.974934325572002 1.47766211657444 2.53833377822805 -1.70234939667995 -1.49994851928103 2.75529767704364 -3.84081383203107 -5.11664664350853 -3.96419612044481 6.03246212000326 3.75898113622216 5.24096190704785 inlier mahaDist=6.47238904547778 cluster1 intDim=8
2.32672170570598 9.23771180022371 -3.54200931381084 -0.77913376005721 -0.861738259419627 -5.05588447531411 0.538809015073572 -1.80740070903466 3.50286870647241 3.96494409699295 -7.77474359207804 -2.02449700550272 6.27467427138878 -9.04675559989933 9.66421765726984 -0.267924536558364 -8.58136045397089 2.88637615307661 -3.31111497183303 -11.1472773823553 -0.479953002057829 1.52838985686037 1.48884736112726 -2.6287703503125 -2.23098453359688 3.01906070278138 -4.12320701942319 -5.60200668070684 -1.98242983802874 5.12134271653758 4.14389917729934 4.9190891017768 inlier mahaDist=7.97572599868438 cluster1 intDim=8
2.77428875034646 9.36802047971569 -3.60788066769658 -1.37848353777044 -0.397622630938084 -4.5772595525173 1.04704748505053 -2.25391348209106 3.76829711648406 3.62570394887616 -7.84527776239003 -2.30467639091634 5.91020797908461 -8.75349580245378 9.36012859462723 -0.95066127972253 -8.9525578533761 2.40942914430718 -3.20154539999035 -11.1155472988191 -0.737186574542419 1.45588189219858 1.53030202028791 -2.55687697412044 -1.78534684189951 2.65735452019329 -4.21496718209511 -5.26487109006694 -3.04282337130538 5.09984509244422 4.24275602439132 4.76335906293851 inlier mahaDist=5.05401042621071 cluster1 intDim=8
3.07231097903337 9.63554842615719 -3.56175859769305 -0.789086867826706 -0.641205115089633 -4.71427483049477 0.730385974061205 -2.46192766574828 3.47926159272151 4.27113425321286 -7.83410970015124 -2.29209615505743 5.8246592327307 -9.14797305768364 9.73142380044939 -0.897078408370596 -8.82699132063117 2.19685811261941 -3.6661421040674 -11.1750938837844 -0.910227870535532 0.855485147192821 1.6869623822606 -2.47392140801003 -2.01487545812726 2.8213032142312 -3.15235676342077 -5.19986686600536 -3.28267595154744 5.49578371383569 3.87353588340111 5.18983589581825 inlier mahaDist=3.0335369731087 cluster1 intDim=8
3.62100630930434 9.77830093308065 -3.76295423110261 -0.206157677257917 0.573292762740748 -4.81820607373835 -0.204718173844489 -2.87114079894971 3.72556441235148 4.15205281009795 -7.34360578932426 -2.26676561836336 5.46712106245472 -8.90513302247455 9.24573484681587 0.165823107240399 -8.75580420036181 2.01135243082195 -3.68384578903263 -9.59695760444754 -1.07110338307458 0.159558932332126 1.32996460442241 -3.10177244292652 -2.623197070913 3.30149298373772 -4.17850620344035 -6.04846052827186 -2.7783343279813 5.41774326633764 4.69105911438577 5.37146789834199 inlier mahaDist=10.7199205290401 cluster1 intDim=8
2.781130020226 10.0808699481758 -3.96230353071615 -0.409404018930489 -0.333637359102497 -4.96401334976846 0.818048405815359 -2.30716379136731 3.29323638896279 3.45205887932355 -7.18756966804586 -1.77665711952727 6.25829574941178 -8.63877601577868 8.9019110129532 -0.263059978375306 -9.6470133133477 1.78377000451519 -1.98600729576278 -10.1318102853906 -0.603156054672357 1.42502817499872 1.8864598503717 -1.87686491432675 -1.31012763663903 2.48192471158565 -4.43945357671597 -5.36694000289079 -3.85022208777003 5.22099874313957 3.6248999355157 4.19696299471234 inlier mahaDist=5.97333100114288 cluster1 intDim=8
3.31623348334897 10.0025310097212 -3.44147564940648 -0.317178401448762 -0.430267363996941 -4.85715902554696 0.569256258497957 -2.33863077094271 3.28687197638533 4.29965040935607 -7.42910625783511 -2.20794162135339 5.61274319106756 -9.06342272689053 9.583724332219 -0.323513184835587 -8.78410460469504 1.99384340794984 -3.52077892521804 -10.557276739523 -0.860451348873623 0.865186200462545 1.4296039092753 -2.51235953221874 -1.94079920820748 2.83938638965097 -3.2034882406863 -5.53637788381783 -3.2974488956075 4.93900968902956 3.95946232165562 4.96316706069435 inlier mahaDist=1.54254505742811 cluster1 intDim=8
1.93730433177264 9.65006689822738 -4.05771200201529 -0.741172559010616 0.672132494201082 -5.62083983797351 1.39680028356764 -2.69118023842407 4.2911246430345 2.89073135144428 -5.70268867678694 -2.76776337352587 6.15503872437744 -9.69207386777085 8.54836298835629 -0.60627018776929 -8.86883269321988 1.95666478075547 -3.58619120492971 -11.1890970982247 -1.06573952777463 -0.353348797429387 1.60046897283932 -2.7998440751297 -1.96680899780868 2.30129611499852 -4.05049830713341 -4.79824738680788 -3.4245148361071 5.814849371775 2.86955288177207 4.21199699640243 outlier mahaDist=18.4903502973579 cluster1 intDim=8
3.1237630367949 10.156543410806 -3.46789909631429 -0.364497059418828 0.14704562036232 -5.03672933069809 0.848416220220523 -2.28868010426428 3.4289170079651 3.67582964991728 -6.65246916003522 -2.32509530601149 5.52528382231983 -8.902394190491 9.15213947995123 -0.0460553002864204 -8.79873880660658 1.86823828827465 -3.16842516399608 -10.177835680052 -0.870069922635062 0.809265589645544 1.24932301032415 -2.63592919959077 -1.74123071463274 2.63765292871315 -3.79309167461138 -5.71223796680156 -3.3552239153602 4.56790383069101 3.97661868113397 4.57940045210218 inlier mahaDist=3.36537894226171 cluster1 intDim=8
3.63453035753327 11.1611908303842 -3.11273018632774 0.330641536994149 -0.0980433766346976 -5.12467659557484 0.872959583600671 -2.37521255099495 2.12250951590895 4.23417623189999 -6.24380255510744 -2.03700893493626 5.54982953919119 -9.02836377244789 9.65511955736718 0.216409832847155 -8.87442046763779 1.04997081267653 -2.80354252119049 -9.7487620725106 -1.15276862771688 0.758181312269936 1.53989762762111 -2.02698238101344 -1.24459301496338 2.57206487430753 -2.43101056276321 -5.85891713024192 -4.47841865660928 4.15505137437577 3.51110727260986 4.83296090477118 inlier mahaDist=10.3761076263295 cluster1 intDim=8
3.29153606638013 9.98485855427553 -3.4032841490251 -1.44740664891288 0.196025638841154 -4.48712196860814 1.67439094585449 -2.87987096597679 3.65386989212199 3.41934648488759 -6.82077189268751 -2.949170155131 5.05422332246861 -8.70260007037464 9.76656648211738 -1.58059422910047 -8.68433805918427 1.82572547901167 -3.40890332464268 -11.1653936373366 -1.42434368376361 0.299634861386651 1.79030001771394 -2.63709480831139 -1.57117090635431 2.37247354031296 -2.86267473618271 -5.35310920686577 -4.21542609299038 5.61842209910898 3.98551623558142 5.71770236102332 inlier mahaDist=10.1149964334683 cluster1 intDim=8
3.79635572608676 9.96617530951716 -2.8211000505556 -1.51090141498812 0.199980623225556 -4.09688473264553 0.0228912137966004 -2.85613836863943 1.32763189361869 5.18436725143552 -8.78856277546153 -1.67643287191643 6.91088549179055 -9.42203347585841 10.104760771872 -0.22872715320821 -8.64571420174511 1.26274142432479 -4.18471367925234 -10.2150028524364 -1.5791005786416 1.74422903982975 1.44750927653858 -2.5856677794014 -2.07556275176899 3.55100714784368 -3.48644620343248 -5.53948205910529 -3.54449181084468 3.516304144677 5.10508430294865 5.29696879612878 outlier mahaDist=18.2274521409885 cluster1 intDim=8
3.56227217083085 10.1793401776515 -2.99446342341216 -1.03165358260855 0.234765434218461 -4.63837818495118 1.08036657086611 -2.87203626003861 2.81980287289982 4.42602327794658 -7.05713931770413 -2.74474540709049 5.47982133450838 -9.50919408218199 9.9798991673659 -0.925883545754295 -8.27861288184261 1.49810839556925 -4.53832411835506 -11.0593965806846 -1.60635206363453 0.185534229223959 1.39324834081285 -2.8504439181907 -1.96708349442213 2.79744272766761 -2.2082232716124 -5.28803146464742 -3.95751952769627 4.65805551791289 3.97997741174802 5.5382442014518 inlier mahaDist=10.3548578247503 cluster1 intDim=8
3.96876389497022 10.2473628809116 -3.41432084025636 0.304157586830613 -1.22487862304099 -4.62822503264861 0.537666218061829 -1.74929968036488 3.77960242555071 4.64679128986126 -8.0960755544867 -1.98489487476498 4.95608491731266 -8.67147505384995 9.10523270961145 -0.0909715265526339 -9.27542056558213 1.9768262066842 -3.25880835576778 -10.2520301396452 -0.163523881762979 1.79063931889607 0.856357649404368 -2.17784057643602 -1.41353042730294 2.49830109574309 -3.28674593112736 -5.37059707490441 -3.56796158604346 3.99415600624416 3.9095859366114 3.78485084746188 inlier mahaDist=12.1586348135567 cluster1 intDim=8
2.37025255414268 9.83729968457776 -3.37050040539314 -0.517932057223097 -0.0440601243696767 -5.38595831948805 0.884733494601103 -2.02381302283514 3.24775985175361 3.46441616938648 -6.29977686404557 -2.36530676793098 5.84740201908742 -9.00556721937841 9.68332103613675 0.0199601726318639 -8.2575081257909 2.47880262496047 -3.13009258152877 -10.648839638989 -0.884663042650275 0.729670751361376 1.48226588412998 -2.81166938985038 -2.1065355545632 2.86551651525291 -3.73041881783948 -6.06010606307134 -2.39859410363472 5.02812997206113 3.9953679765178 5.29242259960493 inlier mahaDist=5.98593977715887 cluster1 intDim=8
2.99093768583357 9.65329373794271 -4.1018692866941 -0.495145707969207 -0.0772024172146505 -4.81770672622288 0.325773769801645 -2.59242422058127 3.82930384547294 3.53105972956064 -7.48190803101644 -1.99480808836457 5.87816259122547 -8.46955345356811 9.13878725920312 -0.328517997544788 -9.35229254917446 2.22455401752132 -2.39005367911613 -10.0020958314103 -0.722158932375457 0.888485175587445 1.90195524425205 -2.39930004069208 -2.00244959815332 2.8907669977936 -4.64535502292463 -5.76412967784177 -3.12387186765552 6.01165567542348 4.24658746825837 5.07888597326116 inlier mahaDist=6.33416629537106 cluster1 intDim=8
2.95599776173747 9.64220304209451 -3.67110695458327 -0.288647226732718 -0.954747472167192 -4.98711089689956 0.489716843842361 -2.38395674788036 3.5217234869009 4.68342393895663 -7.91122253457598 -2.15908965414516 6.08685447418189 -9.65386153703007 9.58149618822674 -0.683032941795516 -8.90174679533935 2.14568548408734 -4.06343442815384 -11.3761885293647 -0.761964913408855 0.665336093544659 1.62116094455969 -2.37139065897351 -2.14973107998105 2.84330139046628 -2.82951175487443 -4.83232478517588 -3.23499642788973 5.53261140411774 3.33761810479495 4.74837013209875 inlier mahaDist=6.53766535257098 cluster1 intDim=8
2.34554797983551 10.4013685745303 -3.92192728339626 0.221578508062515 -0.368071216009822 -5.63140816571597 1.03267729153288 -2.23913455960125 3.15228070433103 3.58429320858859 -6.19849974478364 -1.92060925523363 6.46485241744726 -9.45457948763595 8.81558542876348 -0.0183320792241701 -9.41382970085449 1.54060731031618 -2.5172437151195 -10.5550571979402 -0.684996214607503 0.674118669631127 1.84406391496883 -1.82399735322355 -1.33190629743786 2.29026274541885 -3.5245694488019 -4.97408534139553 -4.04722323463947 5.21604632550739 2.56296604285547 3.82282713637985 inlier mahaDist=10.3283491404511 cluster1 intDim=8
2.85553410643911 9.91710101654385 -2.98649510865328 -1.51540178153753 -0.0093554082104278 -4.6267205364537 1.17899032969377 -2.24051921705768 2.4335716118239 3.63551940462971 -7.15920316512265 -2.26659834053695 6.00070381448437 -8.65349726122433 10.1051803981894 -0.592210694626419 -8.37098833240338 2.10969833450104 -2.98643242375827 -10.7143883177317 -1.21583535505467 1.53313325527198 1.63291126151042 -2.59821880501952 -1.67721769380803 2.87737859816215 -3.64078513977878 -6.01521117402915 -3.10539592846609 4.40301345038745 4.65377566675676 5.63036786580036 inlier mahaDist=4.72668010746942 cluster1 intDim=8
2.7228117356572 9.58553755550624 -3.9241323414247 -0.969924126269565 0.160298833375384 -4.83928455768893 0.747124055780514 -2.6077720444673 3.72846776482054 3.31615114448917 -7.19133165924786 -2.21989180379533 6.00556531472352 -8.67064373598395 9.1714356353585 -0.573070025395317 -9.11916948264091 2.18512875229908 -2.69391502486611 -10.418719776937 -0.909761174113611 0.831888607786476 1.83338722228227 -2.54125305472401 -1.92901561277852 2.76846563013027 -4.54315886594066 -5.58441881933677 -3.18092069023313 5.74115455501978 4.16725235610753 5.04263042602784 inlier mahaDist=4.66271321157663 cluster1 intDim=8
2.74122543184264 9.94407718462526 -3.97369866426903 -0.29770518948288 -0.749381342200333 -4.99426483573025 0.612254583558929 -2.39292748110323 3.17130254488906 3.92156085313792 -7.55179973358902 -1.74274430143014 6.42554400197197 -8.95267106226751 9.30157101477563 -0.475078292864733 -9.52643771595022 1.91176817702311 -2.38332439389892 -10.5768792249928 -0.666087521288736 1.18534373789723 2.11459474706763 -1.81890206347951 -1.58132400310206 2.66175883960525 -3.80004706080667 -5.18942654265894 -3.72940079233819 5.74924146364892 3.41046676222551 4.62383951892733 inlier mahaDist=3.49847309861087 cluster1 intDim=8
2.56837921653956 10.3402460007834 -3.24086964896303 -0.85067331363701 0.144134050989615 -5.0610387427625 0.448718151148991 -2.56314740985043 1.09539651927478 4.26835416845194 -7.21356914977089 -1.39411776672948 7.6612236960275 -9.58236248762002 9.72046091917129 0.244547834495022 -8.97367525464423 1.1837169676937 -2.82413535594117 -10.1597863749627 -1.37170050083347 1.51422853531198 2.02487386875189 -1.96445754344822 -1.62630267778675 3.14119732264073 -3.76702872654616 -5.49222047125267 -3.75047309466925 4.13296700642321 3.86678383713369 4.77961675581009 inlier mahaDist=10.1187241415378 cluster1 intDim=8
2.29025991997161 9.52666814836785 -3.36822062860776 -0.793675914215166 -0.981830919823268 -5.14048611574765 0.942660286263566 -1.91308169345255 3.13115601862521 4.12358491722005 -7.46086536521296 -2.16412475241697 6.33871471928361 -9.41313132212654 9.88754750341629 -0.597509930784004 -8.49730331829965 2.55004070245566 -3.58592815616734 -11.6209066080807 -0.714447533365127 1.25002537794532 1.63610450798556 -2.42705475405031 -1.99436212500079 2.81011200357534 -3.18559654263461 -5.24243234516424 -2.62208298679682 5.09478316451294 3.58549834966142 4.96460170684278 inlier mahaDist=5.51082684352921 cluster1 intDim=8
3.73474617925975 9.89787544097836 -3.5718632879718 -0.919532422764981 0.791240881884197 -4.49120087553883 0.190205462642883 -3.26989941453156 3.062012915791 4.45792738952126 -7.7457165218636 -2.25883268572884 6.09474041182922 -9.451620802081 9.16091405504734 -0.401582024015514 -8.9789576176049 1.27463757922329 -4.25205490999845 -10.0995374575199 -1.48172471355716 0.302242103943715 1.39817058134576 -2.86749057134091 -2.24725559353626 3.11898414826903 -3.76503240954227 -5.20552472267122 -3.85701570953704 4.8147063769499 4.38624430464061 4.8959932454402 inlier mahaDist=8.50567027959438 cluster1 intDim=8
3.12991550586746 9.42015075317234 -3.8384533450104 -0.739174296574417 -0.827437582189074 -4.57507519179507 0.19517477043696 -2.68587538544558 3.37215019300526 4.55430204668795 -8.52690162751003 -1.96545125507837 6.22069755624161 -9.10498219798937 9.83491256696834 -0.910996432875356 -9.11507684370894 2.25904219855794 -3.45583397083635 -11.0099578620117 -0.890082955466761 0.91900083910207 2.04491545094039 -2.30638168401726 -2.25609283158716 3.11852307238603 -3.42479531728518 -5.19269891084963 -3.17554311344372 6.14112823206467 4.03441485334197 5.48552565325738 inlier mahaDist=6.27698276658741 cluster1 intDim=8
3.24703542535328 10.023254313581 -3.52210963802903 -0.805629501335465 0.0145531052985893 -4.65408969985558 0.153344489177957 -3.07683191376968 2.12226488848888 4.36921328014037 -7.64328139965664 -1.88757661735677 6.45547125071486 -8.99089319638645 10.3149798395931 -0.516072883536565 -8.81229673954639 1.6994550006968 -2.99838918883161 -10.2252384018768 -1.5341496838487 0.568583373753355 2.38482047432283 -2.31350409746373 -2.20964273047354 3.37034191588447 -3.18586797343908 -5.91765391586126 -3.56107568593197 5.95302940567356 4.387460982617 6.40746571828739 inlier mahaDist=7.20211182444784 cluster1 intDim=8
1.51819443232315 9.91786471506738 -3.94040860981754 -0.59609303890177 0.1347782988066 -5.72000260787884 0.818777281621855 -2.4914626082985 2.44060023509259 3.091876701376 -6.02868795649107 -1.78415817448132 7.36577119034522 -9.32366705540097 9.49076357081327 -0.0191051934548729 -8.9704962793472 1.99080119047131 -2.0462474029409 -10.5784807247978 -1.11860242381936 0.590378267138267 2.5262404324272 -2.05890638228012 -1.86879665018823 2.85785740932052 -4.22435801710307 -5.63007706795898 -3.11600942763707 6.07257011033761 3.22056517401006 5.21662521311854 inlier mahaDist=12.142429289834 cluster1 intDim=8
3.20315996531979 10.5289041513411 -3.18192363684824 -0.430197070933199 0.0877040006672691 -4.95745606757646 0.932498525739651 -2.22285863407439 2.53896258011787 3.62387201181549 -6.46790065070243 -2.12912703781386 5.59647521758752 -8.53628294990176 9.7113569090965 0.0584184607776435 -8.67800178970985 1.73576772912878 -2.48189775636177 -9.85122048204386 -1.04890388881561 1.16146701572097 1.55457511181645 -2.37804581947896 -1.4884007674157 2.73141341604269 -3.5212232569105 -6.25111296105482 -3.54044621737643 4.399032979469 4.26045326976631 5.23226543604649 inlier mahaDist=4.3974841220409 cluster1 intDim=8
2.72911788837336 10.20200825427 -3.36044429868682 -1.04842625904892 0.39786730743908 -4.95063844267475 1.18454836187231 -2.45675916809901 2.63483077374721 3.3028058011838 -6.48025057778822 -2.20061584813163 6.15388365244589 -8.80037976948757 9.46593145035051 -0.312691195001136 -8.80137363541245 1.68859402336888 -2.61009747689675 -10.2853776090765 -1.20602698647111 1.07025128038919 1.72908745629732 -2.4068644602297 -1.49163721907035 2.64596972116404 -3.95232136872578 -5.79162003531056 -3.65535831555368 4.63763275942536 4.08334933909969 5.01823330284208 inlier mahaDist=3.3038383618111 cluster1 intDim=8
2.95361375817123 10.1992620768529 -3.19549045832458 -0.89591770489364 0.340910174982377 -4.93882992724333 0.895289361612755 -2.5280485281729 2.44568768501663 3.82122561418192 -6.70987885852736 -2.22261704853274 6.13861589962046 -9.11394689553358 9.70591414083234 -0.208931911078776 -8.54783718148452 1.65838139311601 -3.25849392414436 -10.3661913161836 -1.32078231109847 0.854842613728654 1.59637903520605 -2.5811727359822 -1.78897544592095 2.87542089283155 -3.46963305967956 -5.78315152188458 -3.48264877973682 4.50819486832321 4.14848426271314 5.22928817438184 inlier mahaDist=2.41395931144965 cluster1 intDim=8
3.15401097740648 9.92626681034429 -3.52134797876396 0.301337330902245 -0.0238463395691312 -5.33284722578457 -0.258720710696787 -2.5459848513022 3.0818971603926 4.69592658324041 -7.07004502414937 -2.11454959879845 5.97052252299888 -9.63867398506155 9.68851867249995 0.449957406898964 -8.37367438344023 2.07140448629781 -4.15459907671196 -10.1823916895868 -1.04497985285093 0.0278232547370426 1.39871515970956 -2.93313450961999 -2.76463154428239 3.40392823616529 -3.15700828651527 -5.86249301565622 -2.48896242277304 5.2864891644742 3.97301886578433 5.38296992005842 inlier mahaDist=10.4787300264081 cluster1 intDim=8
3.82818318877098 10.6642441464676 -3.43489243272893 0.514731788022352 -1.34538624086448 -4.74787674430418 0.573291138448027 -1.78579177965689 3.01582471158381 4.38649378073191 -7.64937288755835 -1.69722465606075 5.15087511243327 -8.2562031634917 9.58429711934682 0.0126662315023636 -9.39256845810951 1.84891134502223 -2.09290029317135 -9.84026739852529 -0.297897095853079 1.87255822246289 1.51074616275529 -1.69962484594618 -1.13967208360067 2.53503271711575 -3.08092089602596 -5.89517854483567 -3.89162336597394 4.53901139332543 3.85706523402789 4.53734736764812 inlier mahaDist=10.2681476526597 cluster1 intDim=8
3.53770811043935 10.4025433512183 -3.22362173229657 -0.787487532985192 0.17183180703771 -4.63144612423159 1.03999931516037 -2.68133204623886 2.80323533918054 3.72644509937622 -6.73297686571955 -2.46145835605578 5.20905029755669 -8.47539070062195 10.0358674346869 -0.648377605725615 -8.60987887060057 1.71516175909593 -2.84955571387787 -10.1867801511995 -1.36475867010145 0.636032458395053 1.79581029683212 -2.50547306353926 -1.64536418274862 2.75381013852599 -2.97796156187785 -6.12628137102636 -3.88965911279167 5.15455143296099 4.38306852096858 5.98316093999543 inlier mahaDist=5.28889633797476 cluster1 intDim=8
2.3602204786888 10.072509725056 -3.6866936337486 -0.38722268590084 0.350204535876099 -5.38048469009207 0.10181494020545 -2.69826993506717 2.01357671823336 3.74775757763443 -6.58595424899705 -1.65150202828826 7.05996701507746 -9.1536142240678 9.83602250076919 0.386602413632551 -8.76548081358258 1.84154885280562 -2.40840515187278 -9.82865938355395 -1.30451705123309 0.596293238750136 2.31506032299698 -2.3290932131425 -2.23389880181913 3.35392141844109 -4.08665788155123 -6.18813133550335 -2.91552598584977 5.6908521207328 4.05237885360017 5.79372166484588 inlier mahaDist=9.14272300042326 cluster1 intDim=8
2.80344629989118 9.79292196150963 -3.45574074265734 -0.418095570591811 0.125569060815563 -5.1593104305246 0.245500760830602 -2.31562797867558 3.01848957250553 3.9999934997198 -7.00889294999858 -2.08247149380515 6.14644759067645 -9.1645777811856 9.54030260032548 0.272649249722734 -8.48495017860722 2.20329318002783 -3.44035427906778 -10.2002224767644 -0.956992063755962 0.781673743316313 1.41509056286957 -2.84368271039026 -2.34677461005771 3.1878253114243 -4.00284696156195 -5.97877270358083 -2.46273759848221 4.85863056108542 4.30651430054567 5.14994260413318 inlier mahaDist=4.88257383960103 cluster1 intDim=8
2.89343979323917 10.1188787588892 -3.38398601612976 -1.0188380232606 0.750562723995706 -5.00124372680162 1.28491320293169 -2.709048698928 3.26557235955159 3.23596490658419 -6.07883448995473 -2.70506312940294 5.55031435724516 -8.94281023995811 9.44979629038395 -0.541821016382428 -8.49167937676547 1.76851853370987 -3.2843763483395 -10.4796365757799 -1.39569339914344 0.226879815972132 1.55849510667801 -2.84918799591886 -1.80653963652876 2.61211299153626 -3.55976948284165 -5.76848757237158 -3.59175630320155 5.04296367943423 4.04066500470887 5.34881175242658 inlier mahaDist=6.55068623235372 cluster1 intDim=8
3.50935071055239 10.1392553118735 -3.15454144135556 -1.26093697373896 0.10689713278373 -4.45891615895834 1.37110584652243 -2.80218733474664 3.1427914353905 3.69134179607182 -6.86846903505692 -2.82936347023573 4.94435583986938 -8.53291282917581 10.2819525253091 -1.28375848745123 -8.3807310084543 1.91799341908326 -3.32485074255743 -10.8452353416087 -1.51216617033604 0.387751419759649 1.83390297272794 -2.6980600804243 -1.74894130920783 2.67689990521838 -2.57226279847941 -5.91235927961193 -3.88589340773169 5.51510910375054 4.39249271825764 6.37908751431614 inlier mahaDist=10.0041848582103 cluster1 intDim=8
4.12267749154247 10.7052946588321 -3.82059490166184 0.636050960735871 0.181894063962742 -4.94663800831321 -0.0626154710614566 -3.3039314676755 2.990441572178 4.86379797704709 -7.10555122483726 -2.08725404117843 5.59981129574566 -9.49849769169617 9.30528402423338 -0.0762451036925718 -9.3032949077322 0.908231235857354 -3.70442221956003 -9.66833856285226 -1.34210973140806 -0.434177240892716 1.78336798461066 -2.2673470645392 -2.04996110597687 2.94702877252036 -2.47239238498754 -5.29477997273475 -4.63395025550926 5.67104903570241 3.40180742750676 5.07016971413678 inlier mahaDist=14.5202963502379 cluster1 intDim=8
2.00105254576918 9.63383091760447 -3.94116533255077 -0.266083217979349 -0.391841684630421 -5.58120204352248 0.7361117328528 -2.32669913338695 3.58488520405189 3.46620386040732 -6.4374954235263 -2.23887430400901 6.25126782132754 -9.23596085938741 9.61894082399603 -0.35254698307435 -8.69332438302064 2.53818837731108 -2.86313659579905 -11.0216345960375 -0.839727680271105 0.21534598498845 2.11943428631104 -2.44904027571699 -2.23252120321819 2.82770081843868 -3.59025627126368 -5.5927891000926 -2.65324903249447 6.46515921983017 3.2974933345126 5.44138945883485 inlier mahaDist=8.90833853275155 cluster1 intDim=8
2.72810142992862 9.80635149782478 -2.90425188074439 -0.71641284760255 -0.500771233703073 -5.14942394778072 1.1047685205812 -1.89409723935618 3.1602925657898 4.1567701288246 -6.80687363993666 -2.64038969743485 5.51196168986721 -9.39479084704325 10.1050920325792 -0.403794622206733 -7.84508294870231 2.49480388585853 -4.25330583063181 -11.4267225040898 -0.963661743300572 0.796781447150821 1.12428282009864 -2.97500503419033 -2.14783594061903 2.83698980483604 -2.61515899301194 -5.69705639273295 -2.46727474815247 4.44317881176971 3.94192658423986 5.33767262086583 inlier mahaDist=9.85133927332526 cluster1 intDim=8
2.49123064804443 10.2140766590822 -2.97255017327415 -1.60348354816824 -0.6491368559647 -4.66256734992681 1.49641693619951 -2.20373268535614 1.44976408816901 3.71661706819089 -7.27759452281702 -1.85378884378034 6.75525881206172 -8.7169865392729 10.5459344252522 -0.940847901056028 -8.71336893074932 1.81926261349641 -2.17521287614076 -11.1022123797502 -1.28846545384548 1.99417395463851 2.36096254290725 -1.77338249375837 -1.13397102539312 2.71628630336673 -3.05189468869458 -5.72774805679965 -3.86378718406034 4.71244702886579 4.0517558073579 5.7879369745478 inlier mahaDist=9.89755863240126 cluster1 intDim=8
2.63657621467803 9.77523126742378 -3.3183310394575 -0.967556916412433 -0.824619152403452 -4.88031713869609 1.31209707946658 -2.09266884806541 3.30699574609748 3.40949122957814 -6.84801110647297 -2.54567378034906 5.21959249011174 -8.26838670108899 10.6218294753975 -1.07588481106577 -8.26342857522951 2.84359155143084 -2.50269073906579 -11.2231792442406 -0.9626883524917 0.911896214181266 2.1447760853803 -2.46349156962857 -1.86568185486943 2.75347421803965 -2.87307786891091 -6.2716337131268 -2.76632108541417 6.17284195528077 4.21616568948431 6.64416396462152 inlier mahaDist=12.2583933851031 cluster1 intDim=8
2.381092464892 9.76683813548407 -3.69158450944495 -1.37353180769552 -0.618226738790156 -4.67707796856924 1.01847802969554 -2.35401307516518 2.41847333428053 3.55436545082295 -7.8012233254388 -1.63235769177022 6.99294410060097 -8.6695045264597 9.69665342187871 -0.838568981564947 -9.40693026116527 1.96950644779682 -1.925747334352 -10.8262676065725 -0.898604041049323 1.95318270776114 2.38685021083586 -1.7202422425557 -1.3212359100535 2.71228949827548 -4.23125024142881 -5.34332810203071 -3.6994110426909 5.38830700976259 3.93250981713652 5.02151955206297 inlier mahaDist=6.97082271163077 cluster1 intDim=8
3.23962622444342 10.4596569107268 -3.81939865763727 0.795101292643619 -0.842766407097873 -5.25149455707943 0.0317989481266459 -2.12183746018237 2.90198015682831 4.40644305404478 -7.29517782021141 -1.49013205402 6.07819057719105 -8.95120933859333 9.24032304489373 0.506014119162766 -9.44654809513593 1.73664146714401 -2.36946794297846 -9.6984573170529 -0.453924343942572 1.17716161053281 1.72569885275642 -1.82660582958055 -1.66572929431434 2.84267654108075 -3.55442210809543 -5.68461799599115 -3.53573624521607 5.08792672955383 3.45871859082326 4.36757153090399 inlier mahaDist=7.52356540835433 cluster1 intDim=8
2.66222190911117 9.7587753526669 -3.23882892202984 -1.50160101128717 0.379758274378049 -4.75145944742951 0.903061776459266 -2.39433738495199 2.52672175501048 3.6503017535272 -7.26314343877377 -2.07848086354655 6.60421177264686 -9.06081714390605 9.45860027804812 -0.275484538638851 -8.66777049269383 1.86986359594829 -3.23112825513405 -10.5257637937015 -1.17494614877406 1.49331812833845 1.47705799972867 -2.65187301061751 -1.78740309079564 2.92525242182607 -4.37100926967447 -5.61104939426205 -3.10629617920601 4.14320873685278 4.48663089691942 4.80336446257468 inlier mahaDist=4.9414179127523 cluster1 intDim=8
1.99108312637308 9.59171425733499 -4.31567317496165 -0.0961915730513456 0.234360488484268 -5.63070226790366 -0.0179569459344755 -2.67277079869144 3.28957404389634 3.4881203325819 -6.66515223372028 -1.73206517929086 7.05904754694787 -9.34304376587185 9.03930820633831 0.326767946622259 -9.17273224201472 2.17535672488017 -2.53537874846428 -10.0881848763236 -0.878256302456748 0.255973890619733 2.20982204691525 -2.40550571745552 -2.44103034827461 3.16092513489982 -4.7804703996457 -5.63759919865023 -2.61869935943468 6.41471913044152 3.54012201868625 4.97817070769904 inlier mahaDist=13.3568531078154 cluster1 intDim=8
3.35782898135549 10.3155106672092 -3.69130586661926 -0.455393207176898 -0.878311630730902 -4.68428291712436 1.43027724764363 -2.44837526661693 3.54209905578455 4.08481774123552 -7.48585581567889 -2.25628097429164 5.59394787916366 -9.08958131271867 9.12722952414787 -1.20757612505818 -9.59313512366729 1.42340561221698 -3.06270608475281 -11.1508034596935 -0.7557133581848 1.05201519211897 1.7176537197052 -1.74584815458766 -0.995501132375136 2.04605646847103 -2.71782927745212 -4.50509480405707 -4.91217827965454 5.10369129968243 2.93809639767311 4.03942255549318 inlier mahaDist=10.7104772718026 cluster1 intDim=8
2.98080519685792 10.1270713888922 -2.81473491591498 -0.423483508461212 -0.493994054443305 -5.12301174488086 0.932430327462663 -1.76996851898097 2.78042619861564 4.20400718554009 -6.76759869915601 -2.38993794860793 5.47019735034033 -9.12685134248421 10.085262015484 0.0116099922861095 -7.9724242469923 2.30982887436403 -3.77446854223695 -10.8232214421831 -0.883422069181306 1.14456831035939 1.07044308448293 -2.80635958664581 -1.95065606988473 2.87819485365713 -2.7784532101158 -6.03421261329655 -2.58835582662405 4.00118193552133 4.14440233533436 5.22747400870686 inlier mahaDist=7.76577769975278 cluster1 intDim=8
3.63925257293754 9.9076646929605 -3.77000409342393 -0.344997276058207 -0.419619097626831 -4.45703403427471 -0.109456279171907 -2.38019244879993 3.03920654411398 4.4752134122351 -8.59270075866365 -1.45081791773275 6.29272967118293 -8.70640573098191 8.95387882744392 0.123535103708978 -9.65980876024623 1.70684183551381 -2.75886175256887 -9.62931750987723 -0.540366302005406 1.92230648649576 1.42577421179749 -2.12574516562947 -1.72499025432297 3.02412780422303 -4.66469473719951 -5.46321981844631 -3.47343727429398 4.42850976284888 4.47997802764219 4.07362434375677 inlier mahaDist=10.3186024036183 cluster1 intDim=8
2.01717464101342 9.63335407751712 -3.12036916643943 -1.88904270699026 -0.610891504471 -4.85441486332446 1.31757774327986 -2.60655699782479 1.67562849673595 4.11943268103276 -7.49636456489697 -2.11225771781923 7.29372918411911 -9.65005564436424 10.7656540509734 -1.38983638592238 -8.35878529577361 2.02972773376261 -3.45696979420873 -12.1152825239455 -1.59919909191299 1.08363136415286 2.55516720490229 -2.12691343288273 -1.85785614049248 2.98692003639023 -2.51059976448299 -5.10388898624401 -3.45438418966143 5.60970859280127 3.62469054624416 6.19536753937746 outlier mahaDist=15.7407966544707 cluster1 intDim=8
3.22426218305277 10.6058749887334 -3.71493062173563 -0.162365941428324 -0.305779018135396 -4.87681827510003 0.99207283231106 -2.23429009589944 2.95611663063596 3.41698561456274 -6.82841842924848 -1.80173227846211 5.74874570008067 -8.26367692175049 9.09096623984327 -0.131133965303908 -9.61295971834935 1.51755209361325 -1.57470788802368 -9.67664890426921 -0.666952004678281 1.53548516800268 1.83593890076501 -1.7345611743914 -0.963067756547773 2.3540271588135 -4.03259611478399 -5.76147728466712 -4.30167060559575 4.82428042409108 3.75867144401288 4.39271003330771 inlier mahaDist=8.64005844574937 cluster1 intDim=8
2.85684944608142 9.3471116570891 -3.48574134141068 -0.954125717387976 -0.278237611989663 -4.80422299852142 0.555474643396709 -2.26336159097699 3.69148628256981 3.97008769208649 -7.64620970973318 -2.36634951988544 5.76078089819414 -8.97186157104978 9.66809706307055 -0.493070700336373 -8.46953361514637 2.61458377996765 -3.72559334567093 -10.916491368979 -0.833429908924514 0.958998802663166 1.38886977612502 -2.94123681406268 -2.35422987410231 3.0458984406134 -3.90267794093504 -5.6875074828544 -2.3569617383158 5.21749251155891 4.4475634819203 5.30817065984989 inlier mahaDist=6.11664350569933 cluster1 intDim=8
2.75133898814263 9.88062738535813 -3.2893149207704 0.0209201511587525 -1.75011237479402 -5.1761757001464 0.97960464907809 -1.40394902112677 3.49984632092018 4.40952595865041 -7.5388508895734 -2.11989073234706 5.55743883482953 -9.13310850251727 9.81708992489839 -0.396146974846054 -8.64525718234962 2.63779290569437 -3.37281170640002 -11.4793444371264 -0.218133471006468 1.59114902713135 1.30540450504473 -2.17028690748526 -1.66149854928525 2.53739819551298 -2.65898499758497 -5.31071241381155 -2.76651513931047 4.716879277072 3.32537878931058 4.48718849961255 inlier mahaDist=9.58757643557144 cluster1 intDim=8
2.69725615295981 9.25060462931396 -3.38634595092275 -1.65833481912948 -0.229451934588753 -4.52395931866767 0.676663289197653 -2.42689945364959 2.99639843359001 3.95450758636753 -8.09388930104602 -2.15086308498296 6.41579691800349 -8.94713676019392 9.91395062386718 -0.80891905814374 -8.58572066583383 2.44409588673134 -3.47778706277283 -11.0864958430627 -1.06515694205896 1.43690950367325 1.72437009415404 -2.71920309666525 -2.17792959292543 3.1336609110876 -4.10046438682682 -5.5661004260424 -2.62249195833222 5.11198419837321 4.67151027301392 5.51801513772113 inlier mahaDist=6.48031811600832 cluster1 intDim=8
2.53253596347785 9.85094420711325 -3.6860983275614 -0.559283906956455 -0.660146042673829 -5.04514180882821 0.634789441033915 -2.28194334263617 2.81474194697886 3.80759360641258 -7.30025548394156 -1.85053143551311 6.39057750071609 -8.81682318632012 9.88589600383663 -0.40965881669862 -8.96864370958093 2.25287932613156 -2.39290276924635 -10.6555149077751 -0.844935724568779 1.17252258730803 2.19058713968678 -2.08229381566031 -1.83680837768376 2.91394485956259 -3.66198134057452 -5.74463647098385 -3.10238579313862 5.78902693243352 3.84204512718883 5.47687097795839 inlier mahaDist=2.4764209596814 cluster1 intDim=8
2.84856128940633 9.92362968183759 -3.43936093884504 -0.866031791822694 -0.582507805906546 -4.6916359247865 0.454495580606292 -2.27940887247491 2.25686186126258 3.74752628545468 -7.57501617620659 -1.70439763899824 6.21678663085228 -8.13912921814747 10.4626513195675 -0.335603068461585 -8.79123213395501 2.39152243104808 -1.78788035066911 -10.1229022382138 -0.986848359705734 1.63899571564095 2.37283036745737 -2.10948202183657 -1.848646511442 3.21568264445527 -3.87989430088494 -6.54574600836305 -2.85589806484443 5.71547750037729 4.75503123180185 6.41004205385168 inlier mahaDist=9.73288882060337 cluster1 intDim=8
3.5041188013263 10.3536629538879 -3.67221822944114 -0.638299518789101 0.793566395541393 -4.67447216280203 0.389999792065347 -2.93008232998576 2.63068796110128 3.92390250590868 -7.27670699947975 -1.80279817275333 6.439943500735 -9.04183431547652 8.69407345625076 0.123627446411012 -9.51236815608419 0.963310046360065 -2.91232519815405 -9.39894379586978 -1.19138706549147 1.06340886355946 1.48483978007503 -2.30720641429319 -1.54366627039159 2.81491576304374 -4.52957433335678 -5.38125293186867 -4.29483429288472 4.20749731797845 4.18862887709739 4.07933158400455 inlier mahaDist=9.70305300027445 cluster1 intDim=8
2.22636612144631 9.94741359227342 -4.11795500867757 -0.410589411402924 -0.356407707413098 -5.29047130493901 0.995849439161789 -2.33897302079999 3.40082923241348 3.2466715176547 -6.77095181458463 -1.86606679773029 6.57256946365279 -8.96662226712683 8.8976624075365 -0.396485652009334 -9.57396829609159 1.90037567304541 -2.04915661978257 -10.5850013488859 -0.650374689182608 1.03574136478258 2.11666211587651 -1.84946282931094 -1.41004164712567 2.40729317985447 -4.29676340647148 -5.12775053199696 -3.75254458688329 5.75434453151443 3.12091097890586 4.24037232337821 inlier mahaDist=7.91218047408725 cluster1 intDim=8
3.3076751560771 10.1514183051317 -3.64355416606533 -0.501211393263984 -0.0430194799927349 -4.67966360323105 0.0805675305549638 -2.65741915791599 2.30334790094389 4.26078537689892 -7.8451729908895 -1.5091950943976 6.64352597118892 -8.87090394442518 9.41200552285399 0.0772982754110336 -9.37465367711185 1.4876929990498 -2.56691430217919 -9.67131526860681 -1.01297255064477 1.43484984161783 1.88522848237284 -2.07548074017372 -1.75375576200359 3.11527273271814 -4.20282022220993 -5.69279769217487 -3.68939258227796 4.81594440316757 4.31682628928064 4.85209288279961 inlier mahaDist=4.80154138347193 cluster1 intDim=8
3.04032353366769 10.0532496746424 -2.98904872605402 -0.306057120325337 -0.999856863512079 -5.00235089419291 0.668614584470359 -1.81678122380972 2.61285322246093 4.61649760707854 -7.48991285878751 -2.06104983762704 5.85757505736469 -9.23542934193902 10.1326767220258 -0.128353723261699 -8.3426884847895 2.24365927710224 -3.65888669596494 -10.9599092942726 -0.757030503429809 1.41626005620786 1.33083362504313 -2.43467819604461 -1.90393079084415 2.94527881473638 -2.67442532799284 -5.70598621158132 -2.81072319975418 4.29597806692731 3.94182991963037 5.09307850346778 inlier mahaDist=5.41577647974951 cluster1 intDim=8
4.40358528475963 10.2536850591671 -3.62077392785717 -0.0359228361732118 -0.422600670016048 -4.31616910151887 0.290611673029656 -2.69341172769207 3.73071530878265 4.55335200822864 -8.02986403804544 -2.22940879463614 4.75952125879052 -8.48085024962305 9.4322471022065 -0.539970025755413 -9.26845480899818 1.68446385196346 -3.28760908886779 -9.87682780797856 -0.830286989892231 0.794577597500074 1.39930965083167 -2.39903830773961 -1.78474212727863 2.78588067148904 -3.13250063878269 -5.64396846668632 -4.03320949649409 5.1984058460667 4.34832794033156 5.08467631741842 inlier mahaDist=8.17619311265902 cluster1 intDim=8
2.61796894778226 10.032837686249 -3.764286683166 -0.393065519231358 0.711125193853062 -5.43784264581364 1.10367906985771 -2.61317014422306 3.91030316366071 3.33717857230888 -5.90191812131653 -2.63420680561936 5.81859883441994 -9.55702357489737 8.59810133543167 -0.169317765838504 -8.82577399256147 1.66248665008835 -3.71093106645757 -10.5698433288259 -1.05716870312808 -0.08623772509228 1.24404762232766 -2.83009085352259 -1.88476581057876 2.42254479803258 -3.84889673761504 -5.1058141941669 -3.57786346774654 4.96181476477887 3.24657101114263 4.0883957496283 inlier mahaDist=11.6937596274026 cluster1 intDim=8
3.2983400929648 9.71941521747344 -3.05765392756187 -1.45335860532758 0.143048701476777 -4.41134907211148 0.854274615709739 -2.31425609278073 3.00284907065994 3.84885911674021 -7.61079843909969 -2.36849061513452 5.6116323896249 -8.59448739111852 9.80716818487619 -0.503925318490086 -8.4097415586098 2.18851451217694 -3.46893996030861 -10.4800942575144 -1.10074444363317 1.47540800322147 1.23734633108005 -2.92264705267914 -1.92791423622042 2.98373798245204 -3.97207426942526 -5.99684854170321 -2.87660437913687 4.21894459356192 5.02642821289802 5.38559794149716 inlier mahaDist=6.62615006188852 cluster1 intDim=8
3.11684469422701 10.4214301240274 -3.78238933522285 0.321550680795726 -0.109061206341343 -5.25897917899393 0.567781313077369 -2.35626146751284 3.38792299110686 3.50294079372503 -6.27893144394723 -2.12042604814058 5.33701818665075 -8.4585794002717 9.4424843940855 0.136455900373783 -9.00235793497131 1.98385462243443 -2.14200267398694 -9.67272949684026 -0.798142749297285 0.482351396762552 1.83775495723635 -2.28965851582367 -1.76098496318032 2.7200715910687 -3.6313705982299 -6.24333783100986 -3.40321480825215 5.71086831164907 3.82731895778157 5.33241739994491 inlier mahaDist=7.13975809363608 cluster1 intDim=8
2.39451774132741 9.97330127685357 -3.7306420941828 -0.326129403999252 -1.33282481225297 -5.11888779294013 0.710376385190803 -2.07117326463606 2.50296679848256 4.22673292003659 -7.73881298365684 -1.5061676389104 6.93398654186516 -9.21987734528554 9.72063248762665 -0.469692161553652 -9.37390796925731 1.99773805656222 -2.38450179716473 -11.0562497414758 -0.604468674577684 1.64253620659973 2.25737458235596 -1.53760698097751 -1.46591349746381 2.70550726370633 -3.31752531444193 -5.07060257173245 -3.59576534752457 5.47060245846227 3.14300028936578 4.64278061663147 inlier mahaDist=6.49076752280935 cluster1 intDim=8
3.246887960021 10.1518671278522 -3.60310226189435 -0.560333832359696 -0.0303233779413578 -4.75408944846557 0.530435396387289 -2.6116405071689 2.79918737911741 3.96941641230774 -7.3684578808469 -1.9229459016976 6.10234292188855 -8.81701949592572 9.44447388494227 -0.255501544808304 -9.16444474931419 1.64281991630309 -2.73850681081526 -10.0431748191326 -1.03343461381502 1.06795330307758 1.80168496592912 -2.23396830181622 -1.69759455794996 2.8622420623046 -3.8206170136845 -5.65013614398692 -3.74544521619538 5.04136614134572 4.11471852163661 4.99504488884786 inlier mahaDist=1.06948457923388 cluster1 intDim=8
2.04066929737425 10.0072374985625 -3.70683779865155 -0.248935530238426 -0.635408737647755 -5.58869856977512 0.753804764665992 -2.53747123219209 2.43064112306983 4.18157170465298 -6.69738619236904 -1.94177822840814 7.0551362172746 -9.95166801908498 9.91053212906712 -0.465062866006766 -8.80468081171046 1.85121097371327 -3.25737392461096 -11.3759273515138 -1.1591108464011 0.271229327517656 2.3840564408145 -1.98462235790834 -1.99394247738887 2.85021857824636 -2.60713667992059 -5.00852496533666 -3.50487256517619 6.07170308194671 2.70274676239535 5.26322483903712 inlier mahaDist=9.87440981009956 cluster1 intDim=8
3.00679077673847 10.7338775098987 -3.35420683941887 -0.0665991279013722 -0.477908069323278 -5.06840293124677 0.715061209061747 -2.15398252422957 1.92561725281672 3.66270630926102 -6.57322902205437 -1.6488329413764 6.00315503761502 -8.2454343502851 10.1465523445503 0.148462240542879 -8.97230675298707 1.77721788582101 -1.4017403485606 -9.63340629545398 -0.956499172902365 1.4433908312404 2.24544052759291 -1.76787682117799 -1.3196899302106 2.84262702831783 -3.36907326086793 -6.54025315174862 -3.67225005174035 5.13569507026027 4.07567388599074 5.76752746485123 inlier mahaDist=9.55470767955128 cluster1 intDim=8
2.55474230052766 10.304301879231 -2.87757007058006 -0.795806645411315 0.0445420995442293 -5.16093382659409 0.542810835479911 -2.08804594354941 1.17640030483595 4.38730859743354 -7.10917075020568 -1.52313929470569 7.4036469842164 -9.69807448778688 9.69533821300077 0.578201031224143 -8.55014665093687 1.42195626729994 -3.34341089398906 -10.2908098153888 -1.1753823974877 1.83008568040404 1.42135943839429 -2.28150905862954 -1.68189778888465 3.13197894086775 -3.72409382046567 -5.61789856264277 -3.17277242978317 3.15218974688195 4.03274094857731 4.38540966506888 inlier mahaDist=13.3619756970121 cluster1 intDim=8
2.79813255333145 9.86029719221403 -3.81555411031224 -0.790803358444841 0.71630101602309 -5.16524581078103 0.896021039581608 -3.32928095661303 3.50376213083143 3.97244316773119 -6.55605955787533 -2.69095401772628 6.25723831697402 -10.0954313444574 9.11364297130838 -0.874794323931236 -8.80697736737236 1.37144618724392 -4.47930970254709 -11.1503911398605 -1.60010704140783 -0.722038293307308 1.76256295235408 -2.78689788830806 -2.23223968178047 2.69750940698953 -2.97644736592252 -4.60713593974229 -4.07769471047658 5.84160352544219 3.09630108482197 4.89620179843373 inlier mahaDist=15.0994170051952 cluster1 intDim=8
3.15931099617396 9.6215986102561 -3.5328684948244 -0.811868081843295 -0.000491927833693118 -4.73063638629418 0.35632191663025 -2.65059777085764 3.34061515192599 4.0015319266775 -7.4637595600054 -2.32954795848567 5.66148159424008 -8.78775820182445 9.9441652341701 -0.4858921370455 -8.51134840567193 2.34855626898979 -3.41423942687437 -10.46004830729 -1.13781540697668 0.556000531461256 1.74147928859874 -2.8617183860688 -2.41105057972585 3.20000266863712 -3.64390610420402 -6.01681632219199 -2.72244417904572 5.72438767625579 4.60056052349553 6.01495673810927 inlier mahaDist=5.7898423351942 cluster1 intDim=8
2.51233350370012 10.397280500608 -3.74953619938758 0.386357237863383 -0.943186124003179 -5.55005181048424 0.67340424478479 -2.41943286917616 2.64882897164671 3.89034266968178 -6.2687806023752 -2.01285940720962 5.94617470413017 -8.92649620381199 10.4704180393515 -0.389819145780471 -8.74118417159781 2.18096378040242 -2.12749442500486 -10.6828852960203 -1.0363280656615 0.103060846029115 2.71546818643955 -1.84528016842987 -1.91525846999934 2.86419926233694 -2.23771769828244 -6.04837129023615 -3.43773475613249 6.95359047958863 3.08600753198472 6.44958895971325 inlier mahaDist=15.1562399071202 cluster1 intDim=8
3.15817592289057 9.60772332108791 -3.68038563594962 -1.28576147384378 0.589766689824538 -4.52094412064822 0.0644868111941381 -3.19368118093189 2.5829471555481 4.2825290522205 -8.04572060735501 -1.89734498179113 6.88355959622634 -9.34355156845329 9.43681803388088 -0.414127501455793 -9.05397189519495 1.5481547452526 -3.63612854420473 -10.2184486963336 -1.45905672189052 0.770052998470362 1.87265090273666 -2.6381638575161 -2.30559691105768 3.3371803182865 -4.29128946515736 -5.3445519578967 -3.4493592013382 5.21325569396506 4.53987660396553 5.24832710979797 inlier mahaDist=7.14665676006719 cluster1 intDim=8
2.55406997601595 9.7210558830884 -3.93426917536507 -0.908368790399053 0.577175273298426 -5.08497097035524 0.383164494522756 -3.30972616839921 2.82443450585013 3.80473416426391 -6.90973653591007 -2.16759268797049 6.787548142876 -9.4888219154574 9.66380898818304 -0.598944747478553 -8.87859295147135 1.71697834707162 -3.3120322965373 -10.5832531367363 -1.5970187762501 -0.204152753204149 2.39828231644125 -2.54950812120311 -2.40428906295265 3.16960835373135 -3.67098496119209 -5.40803211081585 -3.48970034890689 6.49794250011669 3.77210621196683 5.89252579746689 inlier mahaDist=9.4392612551156 cluster1 intDim=8
3.6828245923501 10.2627396920479 -3.14541490252035 -0.769670655520244 -0.682145852913179 -4.38376817322508 1.30755317826618 -1.8844455470247 3.35888569908252 3.83940276911102 -7.59138895356048 -2.25875617072733 4.97522546015389 -8.21549177334774 9.45030436607469 -0.629570256237028 -9.03011033080481 1.94567813938537 -2.72098452857958 -10.4223857695997 -0.579175592944429 1.99631183839852 1.13596281806975 -2.2390000294311 -1.06890886105628 2.33528305506042 -3.50884145666948 -5.67806306640893 -3.83054313815554 3.91201000367584 4.34790160146981 4.4563966316158 inlier mahaDist=8.02064667278682 cluster1 intDim=8
3.24502740589351 10.4702505820617 -3.29764131404793 -0.471199484832698 -0.958212965205675 -4.75378486329539 1.03299924184024 -2.5066061055217 2.27403096050433 4.23248074894167 -7.22122681781537 -2.08522914094811 5.73044175242491 -8.71554386681118 10.592366025829 -0.978791132241834 -8.83337223157792 1.78958667349343 -2.51189587664278 -10.8550965500442 -1.21152952124822 0.900295161761213 2.4132807806241 -1.79978061051226 -1.46231252680918 2.72925423910983 -2.04122458432101 -5.75837442288386 -4.1669380390373 5.84153722864721 3.65825123663687 6.22725735567484 inlier mahaDist=8.31309659674046 cluster1 intDim=8
2.96297311513201 9.2172558581846 -3.28468893839411 -1.63035312086175 0.400903942785826 -4.53953466245956 0.343942890901251 -2.63834599298584 2.99291954678522 4.45441047365811 -8.27255118893495 -2.1788813801919 6.74151972505951 -9.72933640669095 9.25810590592153 -0.374473069900414 -8.55458186495593 1.95118919954047 -4.73542197259348 -10.9302886304229 -1.19395727427828 1.21200834959431 1.04296854375682 -3.12510387187465 -2.42978607984589 3.2498177467531 -4.33979841877065 -5.03576699713249 -2.68522572995423 4.01030944793695 4.64000562800544 4.4741876037978 inlier mahaDist=13.8917486547505 cluster1 intDim=8
3.10928779269709 9.68995449464234 -3.16613786340936 -1.37577120037949 -0.728373337131784 -4.39265250418545 1.17763781111096 -2.08011404298879 3.18715637104841 3.67580819431216 -7.70486219132169 -2.37963443440432 5.28999441321484 -8.13228532769606 10.3535057090375 -1.06034207078925 -8.48817331688771 2.63392313977502 -2.70893100281049 -10.9702810624247 -0.891987458363566 1.64316986167164 1.76795426760685 -2.5028269927626 -1.7026301349644 2.80027584144585 -3.41454764310019 -6.12085397657202 -2.92232625361481 5.21399059173029 4.76986690587027 6.06921500916024 inlier mahaDist=8.07552995325051 cluster1 intDim=8
2.69155344313392 10.1724461055174 -3.76012297629964 -0.367489127010101 -0.793534736494765 -5.09879584461657 0.67514944304013 -2.92898372597747 2.27572631487273 4.47644153601551 -7.32953471419927 -1.8879603578115 6.78935605364895 -9.62761817173012 10.1896077451932 -0.967837189928951 -9.13228307437208 1.55536502545275 -3.03554122555012 -11.2301397113935 -1.3411402999007 0.283162774687954 2.72108045215855 -1.70517661132557 -1.82103509189705 2.86251123599941 -2.18824327356749 -4.96385168187839 -4.26535795187159 6.52367158361538 2.90408400710333 5.76691112297627 inlier mahaDist=11.7015086192559 cluster1 intDim=8
3.12184936448076 9.80166083208013 -3.04761821548218 -0.983711976678683 -0.525793172982829 -4.68308120562097 0.28273164355183 -2.67571476883572 1.91959319645237 5.06804271018571 -8.12024807240843 -1.99437257775527 6.64391515764757 -9.69719746638101 10.5789963210427 -0.607879463082969 -8.31115446792944 1.8858217400898 -4.25712008363868 -11.1730724747956 -1.44919235572853 0.880224884644876 1.89064104968734 -2.51768103091317 -2.36287941221938 3.41622248272177 -2.42433953989978 -5.43649315400605 -3.12539923900165 5.02534879301936 4.18316548509266 6.00335678528025 inlier mahaDist=10.9092505689373 cluster1 intDim=8
1.53731605233502 10.1386488528261 -2.80601335385001 -0.731163136137393 -1.15767102229154 -5.64756206381757 1.22489365812498 -1.55594711559453 1.19772260330793 3.95591514843346 -6.40668076858004 -1.77626689917878 7.16935125627808 -9.44929043048415 10.9509827565282 -0.105104082936473 -7.93753597046825 2.44565021068552 -2.62353405863962 -11.5660718480585 -1.05151161574211 1.60517512608974 2.26083167411279 -1.97344241247112 -1.70922134454038 2.99377018761145 -2.44473204267875 -6.01341585394787 -2.49768157749503 4.79096395226728 3.40530197705315 5.94769022800313 outlier mahaDist=18.4113142469016 cluster1 intDim=8
2.71661807655707 9.42133349375568 -3.51819997743684 -0.149006660005344 -0.512400020890118 -5.25864865732832 0.0821706179948105 -1.96281108103552 3.62720169802381 4.54629305017799 -7.65932672469017 -2.07075422129434 6.20674868451288 -9.70089041052402 9.21644310878546 0.286270116568036 -8.51394772005403 2.49253581244226 -4.33017747353869 -10.8419704083737 -0.522896929623731 0.964561639540056 0.954449750998714 -2.92920229859278 -2.53991754235271 3.13510236819204 -3.86785466882725 -5.32765714485391 -2.03543647352131 4.53906075779063 3.89787634886774 4.24867585028589 inlier mahaDist=11.624374836543 cluster1 intDim=8
3.1151275896757 9.80414785471451 -3.33297568118775 -0.540262725314772 -0.448498106362776 -4.87431729716675 0.489272254417298 -2.30766758381446 3.0898040025469 4.39082817756879 -7.5556418348818 -2.20036255261548 5.85264414098036 -9.19792366711819 9.83488806014042 -0.329410163933088 -8.53318505719792 2.18258611316208 -3.7540402162964 -10.7764320928456 -0.940312478128933 0.903815099144887 1.46372310554488 -2.65160172458779 -2.1631901224131 3.02830075292185 -3.19095319671634 -5.60946918855343 -2.8986861464462 4.95176222890352 4.11786143670211 5.25325075817653 inlier mahaDist=2.59012653639999 cluster1 intDim=8
3.52797350244613 10.1294788679974 -3.45444507778774 -0.685876162117882 0.203159142264094 -4.71294902185305 0.949936597537955 -2.84190373799634 3.45638926466367 4.08559814025292 -7.04792270573667 -2.60222161249699 5.38165398237953 -9.20827364458673 9.40469965167248 -0.782288256985153 -8.80379498885109 1.55645012230605 -3.90181171307785 -10.6692455534162 -1.2698142395983 0.23749369460516 1.44343710673709 -2.66772440722425 -1.8375945686407 2.62883933657941 -2.93946092844653 -5.22931088688063 -4.03939929090002 5.06315713769075 3.82589585964602 5.01778760580259 inlier mahaDist=4.97905327555947 cluster1 intDim=8
3.12221649245181 9.85078745978219 -3.27958440599065 -1.66998707473073 0.621891339371507 -4.50617525077508 1.37448777864998 -2.63711220200517 3.24142201586213 3.62463517490127 -7.25450247528609 -2.51537872457392 6.01706062028459 -9.21081679684637 8.91721568817887 -0.803658598734403 -8.89718578770031 1.47587427313724 -3.86041462222391 -10.8067691000973 -1.23105587444359 1.16353074226034 1.10313898225746 -2.75406456335589 -1.49373168500371 2.47061744988297 -4.08081990718409 -4.94463862187457 -3.96355605549948 3.84920889491063 4.17138789208641 4.09238248478777 inlier mahaDist=9.13396167761372 cluster1 intDim=8
2.85832635273093 10.2191504523995 -3.46211412895818 -0.606802770632843 -0.325470126981578 -5.00050166160669 1.50450546171536 -2.06242042512572 3.50350235223948 3.31486558969296 -6.52861711539803 -2.39982289227667 5.41981382073344 -8.65190049457046 9.27272294412307 -0.578532910114994 -8.95568751026788 1.96504185350368 -2.61206503081361 -10.6970176135541 -0.739086155737731 1.1505456583064 1.49768748464106 -2.25507792011772 -1.23472029264918 2.23296080199157 -3.51925103408768 -5.50576331985606 -3.76382948727691 4.76064823864042 3.60718075984878 4.52789375520683 inlier mahaDist=4.48625381058694 cluster1 intDim=8
3.77875505088123 10.0694002500379 -3.00201116705807 -0.819870007842352 -1.17608404006823 -4.17020257567121 0.322933021420629 -2.10104460028477 2.023222890242 5.00607425152233 -8.9418538073874 -1.56404489528689 6.12116816170175 -8.66535644418256 10.2661360756351 -0.433501724443499 -8.97264284149836 1.88781933917048 -3.06334768012727 -10.4458193499589 -0.805410399364304 2.38955424123394 1.60636400232625 -2.00111703445981 -1.58111685599483 3.1287001694287 -3.15016193180318 -5.71522187407756 -3.46366196312828 4.07701768852898 4.70994197530755 5.21026246194664 inlier mahaDist=11.2240434706493 cluster1 intDim=8
1.65792131542957 9.06262000557446 -4.21245361269287 -0.769294530856594 -0.77909912882661 -5.33929418478155 0.273531883793188 -2.36852045828291 3.18652356765484 4.166339388195 -8.10471905348166 -1.51581720821556 7.91022037944741 -10.0315749830174 8.98555107644875 -0.396263413425076 -9.43461099574932 2.25520345725264 -3.35393205412966 -11.4970776887281 -0.598076589059364 1.21438195332646 2.09998995499467 -2.04377709991809 -2.19663856575239 2.97804360750151 -4.49558512469625 -4.37199651916932 -2.77943175639798 5.83135810303891 3.02416079736518 3.95213191879285 outlier mahaDist=17.4211714970311 cluster1 intDim=8
3.43746152893521 10.0181624150705 -3.67753156597266 -0.419866565300413 -0.915611182247185 -4.54495174255495 0.842924053612547 -2.06112643070376 3.63878277317689 3.97743331347937 -7.97165427875731 -1.94811687133013 5.49542170648403 -8.43230044351825 9.15444505044254 -0.572007369739904 -9.50411681243279 1.99833169497638 -2.5232892121155 -10.4108513806496 -0.397067257454775 1.80371913326791 1.48066253507805 -1.98922171696364 -1.27953841609335 2.44443555921475 -3.87392760275184 -5.33186472161984 -3.7868109560906 4.78389442288386 3.95317437022251 4.21893505961933 inlier mahaDist=5.77515396243853 cluster1 intDim=8
3.09415393588273 10.1268608442061 -3.14039842616285 -0.325958952678867 -0.783745336206604 -4.88562632675692 0.0684313495807878 -2.14298278742893 1.76470450292507 4.85847389951243 -7.9659522967463 -1.49095172282585 6.71402368924029 -9.24370638759658 10.1702694512845 0.212501570902021 -8.7079594698362 1.88172510997311 -3.17058503484978 -10.3261055934337 -0.933036023190501 1.68023726901456 1.73721531922487 -2.14283936609885 -1.96906519867114 3.31907090031138 -3.20141802671968 -5.83244314934991 -2.99046469863082 4.39003381879245 4.21400738141765 5.23858538771213 inlier mahaDist=6.70079754124767 cluster1 intDim=8
3.16094707552689 9.28919472638062 -4.47456070166617 -0.406602042762435 -0.290854064818764 -4.69565646970154 -0.0117167809337726 -2.89643232646257 4.42134287994154 4.1892179338815 -8.43195758485834 -1.93253506576154 6.24725942744719 -9.19797806658146 8.53774247846858 -0.623031053219768 -9.83073057652173 1.99742241321442 -3.394596938948 -10.4896365639111 -0.592699166534417 0.64715302561136 1.73223830857394 -2.36240157720365 -2.2095918400689 2.85945806790061 -4.62216969318858 -4.67494237663525 -3.46224576580211 6.18394254007386 3.7158415410923 4.12443550915676 inlier mahaDist=13.279823773433 cluster1 intDim=8
2.85248957712484 9.90512413852653 -2.84758815655198 -1.67149860698829 -0.706816177169845 -4.37801291259748 1.26298466802417 -1.67996393052289 2.08137048897807 3.84840537183048 -8.04254739063625 -1.77065604315582 6.42867021692452 -8.48222195233527 9.88196769027093 -0.48337495517026 -8.7962447740835 2.09283479300144 -2.54399104337289 -10.7684781584893 -0.7397757556542 2.94557703209233 1.41398116586158 -2.12271331930982 -1.12394539793421 2.71169512309369 -4.12542547420423 -5.72887096234805 -3.20462895493961 3.31071692354717 4.71377781573472 4.60343604875228 inlier mahaDist=13.2500829276462 cluster1 intDim=8
2.38645710092746 9.86595806762666 -3.49826924499633 -1.92709800361866 0.423218897585966 -4.66815927406011 1.60109408811007 -2.62241778244552 2.65123283409013 2.96913812936312 -6.90686898048436 -2.19192220417448 6.65657699549427 -8.76756824245718 9.34307002903327 -0.985626304809808 -9.10327087655937 1.65875745127307 -2.40884819582445 -10.8131663879368 -1.29160872434412 1.44092895597052 2.01524663033276 -2.21541630446674 -1.2303738243921 2.4642867725783 -4.40072801249893 -5.2958161741137 -4.0083261798197 4.83039386330147 4.05251317217648 4.84330723865754 inlier mahaDist=7.92860483760237 cluster1 intDim=8
2.71776908936835 9.8847197492763 -3.50750710774819 -0.82652063285656 0.517815588050161 -5.02311786062927 0.344717546466947 -2.60989320767137 2.56036032548114 3.64688625438503 -6.86833564113485 -1.97761952345848 6.4615725010378 -8.90573105128394 9.6525215136659 0.136259234871801 -8.63305756784183 1.97835346067346 -2.83666164950903 -9.92201627797984 -1.23799094639302 0.833661907649603 1.81633699048804 -2.69058430914156 -2.18797227180399 3.22735612060627 -4.33325988159508 -6.16872314803483 -2.8110727244877 5.1072973129673 4.53293169310114 5.55931833760873 inlier mahaDist=5.48955292452463 cluster1 intDim=8
3.31345019350297 10.2561473997257 -3.98340293005635 0.373055902394346 -1.0758869282655 -5.00721010806881 0.705908221159201 -2.282501022848 3.76704129910758 4.33742788783259 -7.57966942794227 -1.92263763336652 5.73221083362446 -9.17092149927682 8.87547260350782 -0.484887928224867 -9.74029316112732 1.63016554536961 -2.9281440829439 -10.6419339505702 -0.411399918613688 0.971438725279129 1.64074946087033 -1.74484960077704 -1.35057105135068 2.30652420548123 -3.12379034191458 -4.70987227653144 -4.30953640951708 5.34146223822796 2.86458693888012 3.77605362992969 inlier mahaDist=9.73265695531792 cluster1 intDim=8
2.85231375338337 10.2737397469803 -3.57662153440167 -0.611520280154049 0.504066678271584 -5.07216602173267 0.0800323925151449 -3.26928054590881 1.49679620086564 4.45568814389435 -7.11070147073853 -1.65764016958049 7.39446431775079 -9.78430294786481 9.85562534155912 -0.0443864090315784 -8.95954902899966 1.07403174835998 -3.27235102655832 -10.1122666107362 -1.74241112371366 0.288442255929783 2.37785380342045 -2.18103250829572 -2.14925616969559 3.35181389031421 -3.27675942934071 -5.44514542873925 -3.96449592374766 5.45870003804121 3.74264239272555 5.60829373481945 inlier mahaDist=10.5658568113825 cluster1 intDim=8
1.90616682902881 9.93013704233729 -3.41566011598617 -0.608335224741305 -0.627790655709651 -5.50313009138526 1.18047586767374 -1.95672516138043 2.64772294651702 3.59322353657994 -6.45419000183692 -2.07491673295428 6.6026346648371 -9.3321615871758 9.87196645584204 -0.316970867924778 -8.5414593926795 2.28675968532433 -2.80094064657342 -11.2592918950502 -0.8781579478347 1.03815693540105 1.97107829648255 -2.19086758883149 -1.72893362247871 2.68145069551682 -3.25398244138794 -5.51964099590256 -2.93709404323544 5.24434103301986 3.27231461312449 5.09369227534534 inlier mahaDist=5.29897291883894 cluster1 intDim=8
2.72453976755346 9.52521284080948 -3.35749855805832 -1.3090067297055 -0.324645239043766 -4.67712686769742 0.690157577216898 -2.31709161585909 2.79228771353741 4.06003073114584 -7.89441103667977 -2.02180780759675 6.49732189730603 -9.08278515414512 9.76776212400399 -0.563782189947504 -8.70748075034314 2.21005966743716 -3.38078137477348 -10.9459903374824 -0.98599898596123 1.50394001269366 1.6556376661993 -2.52579700019551 -1.97973939813477 3.02274312386968 -3.92891299904739 -5.46792004549228 -2.88852832424023 4.7857136945412 4.35928003711245 5.11195307015779 inlier mahaDist=3.15800925574545 cluster1 intDim=8
2.33470101494713 9.74595333397575 -3.63173739316784 -0.765906161245707 -0.363268385587899 -5.08931885911315 0.285940536379256 -2.49652788641359 2.17752218797134 3.99180571679648 -7.41988636304057 -1.6422378177045 7.06366673995078 -9.09902921162894 10.0970087753822 -0.188980818125198 -8.82014668120873 2.15881331614456 -2.5580779290928 -10.5431990413211 -1.11352206064133 1.11198352490151 2.37675763442501 -2.16815369673742 -2.13923305063127 3.2814214356655 -3.83668993750542 -5.85044228274127 -2.84583967660471 5.79652142354137 4.05391339331009 5.81237998689208 inlier mahaDist=5.6393407585235 cluster1 intDim=8
2.48202170292444 9.41995870889595 -3.80363704244458 -0.985628156485631 -0.190576862719181 -4.96327529115167 0.624676290644238 -2.59348086139624 3.39929871552483 3.8121796244065 -7.46606008141405 -2.17382441352554 6.43520201496504 -9.22452308874642 9.53866623506116 -0.681922840247447 -8.86355941025367 2.28189764423896 -3.3254549073224 -11.0252354840316 -1.00148350958334 0.701058297135786 1.93384389156913 -2.54433568838088 -2.1994932805937 2.95308548877944 -3.92409250578434 -5.29825821151426 -2.94190780945211 5.86695956014545 3.88295177233638 5.23977263077318 inlier mahaDist=3.83569615585116 cluster1 intDim=8
1.82677483315447 10.2878401246753 -3.07553992596629 -0.527779973964647 -1.04805593883796 -5.51971032378557 1.45974061879254 -1.35053848167807 2.0201412058089 3.38482177447265 -6.27282262066098 -1.79172634618293 6.56302597353035 -8.81753317759671 10.1256002179617 0.0139467183016724 -8.50794715158998 2.36900547841168 -1.87370791653921 -10.9755047155132 -0.620090473557199 2.01404066598696 1.92970232841476 -1.83931858167999 -1.19544833889036 2.54525661975964 -3.33536886951884 -6.01758090896551 -2.87523826823037 4.42791772541822 3.46395003604134 4.98947740933414 inlier mahaDist=11.854339725772 cluster1 intDim=8
3.01699195496081 10.1155068996181 -3.70325352803582 0.347119617244447 -0.997889901191289 -5.24049741736826 0.534249923957768 -2.06789288469897 3.41621884796033 4.59788182717923 -7.49003094966663 -1.89820073929224 6.10588927192612 -9.64035984877352 9.00999791895399 -0.07959170395205 -9.26465815557916 1.78035515302966 -3.58346325908262 -10.8334247689298 -0.452129746923584 1.01202807466563 1.34242436346917 -2.05400388136568 -1.68112700281373 2.55687143938656 -3.07693909164231 -4.7697851752288 -3.62681043559345 4.73377827789349 2.93957643140276 3.68972942531495 inlier mahaDist=8.24291479306677 cluster1 intDim=8
2.84862424316813 10.2236236387339 -3.97816142999413 -0.430356739467417 -0.240595318405235 -4.95072801928478 1.09258871071024 -2.42670167068435 3.44989127523295 3.13432315538832 -6.75209082498005 -2.01539736360221 5.80862638635093 -8.33710790065113 9.11166613486878 -0.535058667274101 -9.56702958277806 1.81782079959593 -1.67567982049356 -10.1225541302797 -0.736653134420239 1.08817942712935 2.09597687460095 -1.87381063895716 -1.21919360750249 2.35424892593119 -4.139254274522 -5.59983084608575 -4.07585000071785 5.72475291910967 3.6186858393092 4.74637364445523 inlier mahaDist=7.13118620032803 cluster1 intDim=8
3.34400723614794 10.2728342904734 -2.95187478392436 -0.467486649192803 -0.283517353951832 -4.84125575065515 0.448496876478642 -2.26106999213857 2.14681477178666 4.44714254456345 -7.23112917437241 -2.04106720270113 5.83729875214543 -8.93917862449965 10.312765404983 0.0286595019981244 -8.29128719596126 1.94112839212734 -3.33091044974565 -10.2337744369023 -1.17190537565447 1.1303273416859 1.55285890950907 -2.56013948569016 -2.00721695160118 3.19216791178276 -2.90701629190466 -6.23858191094072 -3.01599620010005 4.44982164789111 4.49406024786415 5.80431310462215 inlier mahaDist=5.43837814610281 cluster1 intDim=8
3.18587010822264 9.60617500632307 -3.87647192262914 0.173170152951978 -1.31911316790303 -4.89006206823469 0.20904118434021 -1.88213636569531 4.1790071046223 4.13744607572323 -7.96097324189365 -1.99223349661674 5.20549798362893 -8.37052789025046 9.61953104058295 -0.269962610071022 -9.05611144585359 2.86594351762751 -2.6501902107323 -10.4664559748242 -0.179853282864243 1.27418455286687 1.61855272291768 -2.33551081486553 -2.09424499802399 2.89692787801789 -3.76203877081208 -5.91527534078177 -2.46462424388506 5.93138815556811 4.12311834967552 5.17839902924003 inlier mahaDist=10.0282578379508 cluster1 intDim=8
3.3038492304695 9.83084181349385 -4.03482512862702 0.15494161194066 -1.34421034788264 -4.72029580030519 -0.152734569073566 -2.31240157828699 3.23871756686081 4.44717578619036 -8.43098521228512 -1.47709060902816 5.98714020694172 -8.40345470512398 9.84186759022822 -0.304150332072894 -9.52670511611812 2.35610956473613 -2.07609220243162 -10.1133367195889 -0.442089857100337 1.41634375702492 2.2706461912787 -1.7946545365461 -1.95605927642093 3.11029868996549 -3.71969181885604 -5.83228401668129 -3.15019080450155 6.34648760447467 4.07364574477748 5.49570230838546 inlier mahaDist=10.0323404296509 cluster1 intDim=8
3.36956396528562 10.1644516029177 -4.05339020335911 0.208962854835022 -0.302820042064429 -4.90534847979836 -0.375387587861892 -2.91053856998698 2.63264935139796 4.52563851619733 -7.84239885368782 -1.43481423121491 6.56766480171583 -9.01375835837949 9.4664634955568 0.108517040582654 -9.57382045582184 1.54107824439664 -2.51601254995553 -9.59062401559564 -0.966700676222673 0.723193025613258 2.253878185278 -1.93238690229603 -2.07295343429516 3.24316879025952 -3.80642361118881 -5.64026414595714 -3.72709489728585 5.99571112159408 3.88591990564385 5.21829578249188 inlier mahaDist=7.76423787406079 cluster1 intDim=8
2.91108602037425 9.86445712241866 -3.29455332878804 -0.816398069828731 0.290524886109261 -5.056291371665 1.24711966443549 -2.3209128123968 3.85391307485867 3.42537370830587 -6.28671732294704 -2.8846166998976 5.0756789900588 -8.94967990955692 9.52327542407236 -0.524614079316869 -8.2041969608107 2.283516430619 -3.74859291517973 -10.837125713892 -1.07795346640481 0.301034359489453 1.1913028651114 -3.10361268354216 -2.03287979460891 2.61989741518651 -3.36461332270174 -5.80532841837322 -2.92765118603939 4.95108483009706 4.08858336942236 5.27631011234003 inlier mahaDist=8.52749273508499 cluster1 intDim=8
2.60397223153885 10.152236080493 -3.33352431749439 -0.695101123741551 -0.181723188648675 -5.16997398409128 1.38597309470492 -2.18263378933563 3.09321736441073 3.44832412506346 -6.31966878919728 -2.43610752743612 5.73496510682351 -8.96949660244138 9.65894604437222 -0.515634046076562 -8.57699821365183 2.02752166287579 -2.94902029258469 -10.8909069441452 -1.00524988022684 0.805143129060402 1.6573270518862 -2.42094068863703 -1.56181923835504 2.48718443069407 -3.19450732396798 -5.63339230614096 -3.44677955614753 4.97187413822004 3.61030199609591 5.08432170023194 inlier mahaDist=3.0932120461298 cluster1 intDim=8
3.45620324247038 9.49691217859831 -3.42376814400953 -0.431529007406515 -1.98672331358752 -4.47440707935724 0.81752808443353 -1.78905868913681 4.11435683020931 4.79754601345593 -8.75818795185539 -2.30832083958749 5.03402861276948 -8.84269887519683 9.98479602219482 -1.21699253080799 -8.85385870209159 2.76615108295612 -3.80650749945717 -11.752133641828 -0.268863964789473 1.57232002909361 1.36864340237855 -2.27598104803508 -1.83578397496443 2.62413064379463 -2.50237116160286 -5.05798840208851 -3.00563417634711 5.33015357838103 3.81032264123731 4.9468769008424 inlier mahaDist=15.4158882630749 cluster1 intDim=8
2.68700096810475 9.38326151232724 -3.16862482407715 -2.64546458606019 0.434231535462469 -4.22959076766984 1.28153046773144 -3.04864962425911 2.32783667014011 3.83265900175363 -7.93121853077463 -2.40677803491364 6.85373330227472 -9.30637679005149 10.063871484757 -1.54829951993649 -8.5501891976163 1.76653313187968 -3.88659983623001 -11.5472974303719 -1.77316658191762 1.13833909272618 2.00191194465545 -2.68531250047789 -1.90296012948963 2.97770042482459 -3.65396171952266 -5.05749057864253 -3.66565672348577 4.95745563812028 4.55303831416822 5.74993509545132 inlier mahaDist=13.3533652433618 cluster1 intDim=8
3.10371329658979 10.543373416376 -3.13686886493916 -0.554828240994421 -0.138678315999848 -4.95958415025639 1.49127326839947 -1.95766200926476 2.94034718571791 3.47575496118872 -6.40416878702202 -2.2998915091256 5.43619679320059 -8.66531056357079 9.30939712048735 -0.217310482736994 -8.82927656265347 1.66886938461617 -2.66654607177439 -10.3358288261083 -0.825107160817249 1.43540284473475 1.24255327399277 -2.26899566813571 -1.07103451298946 2.27340198798214 -3.43619048796111 -5.70494695455221 -3.90038169266769 3.85811795916199 3.81458781161582 4.34079433089581 inlier mahaDist=6.53760673826182 cluster1 intDim=8
3.47183924098358 9.55685830956101 -3.38475078433906 -1.22995443469221 -0.218702335131172 -4.32175260173312 0.383144997636766 -2.76961137009459 3.02331755290556 4.5276053017597 -8.36617652183969 -2.20514472398775 5.97162440451796 -9.04670293636536 9.93993839028022 -0.857917748076295 -8.72214318798905 2.03230920182966 -3.90833703600304 -10.8035572611826 -1.20965511989018 1.00521843664852 1.65193916583796 -2.69577439754851 -2.23126802448511 3.18106720282777 -3.42056987306254 -5.45168775693754 -3.22006893014629 5.18783999501957 4.62439822306325 5.6165780757826 inlier mahaDist=5.66166983442246 cluster1 intDim=8
3.18053696230013 10.2848223806012 -3.79647763494611 0.0438684200769295 -0.798437443614853 -5.00197673865823 0.491543844501434 -2.67892951621334 2.76184312807249 4.74676352371814 -7.70468239586331 -1.7683831649599 6.53417610812097 -9.70590087342132 9.3297201912442 -0.514250017560886 -9.51912480477641 1.28924662035354 -3.36933245238019 -10.8017976537866 -0.922175297229037 0.729889925435343 1.97045196932301 -1.73823030533533 -1.59592982003357 2.65922197074493 -2.70077036882624 -4.6076977496647 -4.44899473975424 5.3716588865815 2.87548469662091 4.31431540381041 inlier mahaDist=8.07455630345962 cluster1 intDim=8
3.66074710599372 10.1586644575786 -3.6440869925415 -1.6263987294773 -0.430021155047012 -3.86591200235571 1.37456443362996 -2.78749350185077 2.85318830321886 3.70266875321138 -8.37729906724225 -1.92374466008174 5.96592989151296 -8.16655788021285 9.36885348210202 -1.54980691449646 -9.94529806619539 1.28543970098351 -2.01660542109954 -10.511062636595 -1.03004821064051 2.03762153749994 2.13634171940195 -1.58125330676025 -0.719117782847218 2.28525979172652 -3.89066638045728 -4.99332137983449 -5.18018061914248 4.98435895300999 4.19751641278095 4.68557916211555 inlier mahaDist=14.8029652446677 cluster1 intDim=8
2.73744144497265 9.74576032985184 -3.77068284962285 -1.41506884604149 0.768614499636683 -4.71722898379099 0.377061880801852 -3.37341872282354 2.33110486472123 3.62051743752897 -7.19325861990277 -2.02376751333962 6.83832195655126 -8.94802058823409 9.96561935160932 -0.659541675304765 -8.88264370267249 1.70227195228234 -2.74070882097415 -10.1942474392119 -1.74800077996152 0.318317971535302 2.56962987974336 -2.50512991660958 -2.2671406167934 3.32424697377624 -4.09040426619702 -5.87861493966005 -3.50389071802253 6.30742679946066 4.49418411220148 6.41283829339039 inlier mahaDist=11.1807551505497 cluster1 intDim=8
3.61059323908879 10.015592997379 -3.88232919317817 -0.0711473614431321 -1.20123477609327 -4.51441088903173 0.25893457066873 -2.33701581486581 3.31939575312397 4.56046035526542 -8.55013067323905 -1.61485910975382 5.89450760536158 -8.65976812034076 9.35450592873461 -0.521988169826307 -9.74631938256005 1.8561424719181 -2.56781543156679 -10.3014284241387 -0.454612197423527 1.62873698600978 1.84444558253768 -1.74138093892189 -1.52225569779261 2.73890152351233 -3.58733080810685 -5.20295814845107 -3.91864161549004 5.3881376008377 3.81756260640638 4.50384748169725 inlier mahaDist=6.9457255130205 cluster1 intDim=8
3.53146512296125 10.190700071421 -3.64319469189803 0.475165777469681 -1.58704858424596 -4.90973076138059 0.823339664303269 -1.75614003907596 4.10154581190651 4.35093938729652 -7.62836698389468 -2.16201901448791 4.82371852053944 -8.64710789080722 9.39413039688652 -0.492183960818583 -9.22941103898683 2.27995775253327 -2.92433671142295 -10.7650754909448 -0.148652488428107 1.28528802923948 1.34081096470543 -2.00046403224454 -1.43828092872551 2.33994322564098 -2.76467532116644 -5.33164727144694 -3.57243870561172 5.16245779348599 3.35888135096967 4.34850052380735 inlier mahaDist=10.0458986956782 cluster1 intDim=8
2.11277355311764 10.5031126571644 -3.81585457233756 0.648492598225666 -0.778102933612875 -5.85953424525341 0.383790742436945 -2.0080466044245 2.10794854130807 4.09421027278951 -6.50518092460211 -1.28072390966297 7.28592546375863 -9.62770494148505 9.25196186290013 0.669222341791512 -9.35317252819195 1.59221415643766 -2.1686156437119 -10.2256751800081 -0.606979520112718 1.13439363400831 2.107152812954 -1.53506516716906 -1.52544083521209 2.75347761491468 -3.51883770061309 -5.33483299836231 -3.53751112901418 5.06617495992647 2.63986379460477 4.07329197657211 inlier mahaDist=13.8333438629635 cluster1 intDim=8
2.76247322076716 9.95682535984295 -3.02925324118408 -0.729750450712741 -0.190121327473034 -5.14002856633133 1.62972340601626 -1.61672609118401 3.91757061791065 3.29043209082578 -6.20322549671327 -2.83752861352301 4.86906372743223 -8.76793880592259 9.38959787068676 -0.314996041175534 -8.13592554949478 2.5091577944475 -3.52319038089199 -10.9926138040069 -0.643543648128471 1.10987859012812 0.763539206403491 -2.99042141640995 -1.6226722974189 2.33148039075357 -3.46678468258388 -5.83901450988392 -2.69013942134053 3.97234036645038 4.01712594643963 4.55580476916977 inlier mahaDist=12.4718432017774 cluster1 intDim=8
3.85194357249196 10.8301383206126 -3.61438106070309 -0.330109481635528 -0.695840078988839 -4.46205271555317 1.73791465341031 -2.45766121632251 3.60435934177151 3.1855158819882 -6.61643596896379 -2.50452321658975 4.2416009149973 -7.54383968951481 9.82688773250637 -1.32718736194639 -9.43643628261137 1.69499471992646 -1.36847282081009 -10.1887438954339 -0.876672416657442 0.947944537678615 2.19232875590228 -1.6775118772035 -0.687023441175399 1.96590375427429 -2.64243145121403 -5.97118064620267 -5.04979914937913 5.97148620224282 3.7621858826983 5.72065788899379 outlier mahaDist=20.8058764219013 cluster1 intDim=8
3.00097932721952 9.62633774550872 -3.22346916660619 -2.04202030504924 0.144728990685223 -4.33415718494788 1.49018566130119 -2.78780915745527 3.05717594497504 3.75929716149414 -7.5931048271622 -2.63675587519573 5.98337503420456 -9.09473122406105 9.79219469804971 -1.51248663361224 -8.63781598295516 1.83314998067586 -3.83353844375016 -11.4747826288465 -1.45084003578617 0.982395172660935 1.6855757308802 -2.66138994784686 -1.68340017929838 2.62862996677187 -3.31174125114322 -5.04784133942954 -3.85665441492728 4.90229935153484 4.23816472424309 5.34569458943733 inlier mahaDist=7.80429057585321 cluster1 intDim=8
3.03018888825468 9.98436632375526 -3.27193670053423 -1.1376153738326 -0.560644736783712 -4.5367354646608 0.729855566505569 -2.39920178333252 2.11764163981919 4.26169474346603 -7.99719512469946 -1.7610325726063 6.58228890167333 -8.91169901525798 10.0144937992084 -0.615908976558662 -8.9841590557682 1.7892060064751 -2.83240840974767 -10.6855640583195 -1.08225827754171 1.75684313902194 1.9692501918819 -2.03601839249484 -1.57511583947552 2.95160113737699 -3.46716402806828 -5.51138628546844 -3.63621545772373 4.72389553699559 4.23400505560867 5.25741195544649 inlier mahaDist=3.01239270648599 cluster1 intDim=8
2.03297970295393 9.56562508699167 -3.79661770147804 -0.858776427594731 0.80349035881586 -5.44904404648122 0.372792727224289 -2.72395076198779 2.89004112595239 3.5488728534508 -6.56901315813843 -2.03123897588201 7.18060073550442 -9.72896341291247 9.05321238910177 0.206572925477064 -8.7055266173637 1.91222675427759 -3.47779474510482 -10.4208829985926 -1.23753851221243 0.364840962779792 1.72701756156395 -2.82627009819262 -2.4141681361879 3.144922482192 -4.65686664452064 -5.43770685298937 -2.67484194103193 5.21407144298325 3.82958366507438 4.73848590273484 inlier mahaDist=10.4951801708274 cluster1 intDim=8
2.29849813308698 9.34441305374184 -3.9284060930077 -0.553949536414293 -0.160198181392601 -5.26882180661508 0.400622040813922 -2.33278803246328 3.75449055421012 3.81441915587945 -7.29926980886702 -2.08239692371811 6.53054448208194 -9.4547772840237 9.02852956417016 -0.142333815755548 -8.91232091072675 2.38224485060732 -3.50677007984254 -10.8448880841551 -0.695759538762325 0.72875376377077 1.55510305096522 -2.67534037385 -2.32262566128481 2.94053916626906 -4.39117243631959 -5.20622877858803 -2.51959543519848 5.47984940681922 3.69198104997058 4.46293940427755 inlier mahaDist=7.12859023010568 cluster1 intDim=8
2.2242517505657 9.28051567615528 -4.70789803021341 -0.606257541152432 -1.00031031127547 -4.96729044746394 0.62765819684591 -2.72179021454405 4.12763284689192 3.53951348508721 -7.9909414781925 -1.79386078049314 6.70998528027828 -8.9111615056513 9.0714431369206 -1.24239431269035 -10.0197889177413 2.32225444413923 -2.07724626535634 -11.1949153906098 -0.535565657356547 0.813760461061616 2.72931853923283 -1.65308257988306 -1.78013036297015 2.56749327506738 -4.29660097773551 -4.64890565603108 -3.6999200985783 7.48041400714847 3.02971611564994 4.79542170089429 outlier mahaDist=19.3748193955565 cluster1 intDim=8
3.33617167906382 10.2930540242279 -3.45284901886764 -0.276457289570681 -0.153192501511198 -4.80477282977335 0.0373767890648988 -2.63508338121261 2.1173872926873 4.1050603283256 -7.25274506751762 -1.73423191837015 6.00271752694967 -8.38428111196326 10.3794423749548 0.0633420921578607 -8.75639137839856 1.95407513283885 -2.16649137313233 -9.54672284011032 -1.22233363172142 0.937103498576892 2.27234388900665 -2.250139859411 -2.07365694741634 3.37879229863342 -3.48323676447134 -6.67141821541906 -3.15555213251531 5.72299555425384 4.68961230142608 6.51859662640133 inlier mahaDist=9.84158774241866 cluster1 intDim=8
3.25996620418887 10.1689054423666 -3.40537872955461 -0.635849322559674 0.293632506764538 -4.74793826648526 0.254020342472921 -2.51396635232297 2.38255977046673 3.87217181461533 -7.25165005437355 -1.7941573446204 6.16986675026539 -8.55537541155011 9.64878250080971 0.228959519177176 -8.88086589062947 1.7721138369807 -2.50909660111553 -9.50102328440365 -1.1063255839735 1.30601916823572 1.70987987169253 -2.46014011233014 -1.88459173114525 3.17326110015075 -4.28248708230961 -6.3034560055963 -3.18601659519338 4.66108053077082 4.76228714621626 5.38500744394008 inlier mahaDist=5.66458814903087 cluster1 intDim=8
3.66543317899821 10.0106978839407 -3.51347930775367 -0.457690393430582 -0.374627735444403 -4.53359041373759 -0.0442382948277409 -2.89317393472601 2.4836367969545 4.93348643728818 -8.27479793046114 -1.81717385139607 6.25839868742723 -9.23388701648474 9.94188852426068 -0.413967799693786 -9.02528395628447 1.60296731743085 -3.58775178719227 -10.3012221536363 -1.21830621890753 0.830472296201536 1.90485585186872 -2.29092667475078 -2.1610698886496 3.27903360776746 -3.04827662929753 -5.46598880443675 -3.67037903157017 5.34273059575891 4.22071809550243 5.53114570415274 inlier mahaDist=5.28319653611228 cluster1 intDim=8
2.87677009665263 9.95373212712729 -3.07785768100276 -2.1865568487717 0.461813883025411 -4.36594370173578 1.43385098227777 -2.94241107466043 1.98857410795843 3.68089712756504 -7.3325505555923 -2.31585658871349 6.60088441500957 -9.05835774251926 10.049066398869 -1.24555884489841 -8.66584753833202 1.44431205592204 -3.26569793424949 -11.0404679353889 -1.75836851673863 1.18320813281016 2.04070355533974 -2.4073142040734 -1.5056493626062 2.78802444695772 -3.40421229833264 -5.34512554173139 -4.15634826317826 4.67872685339478 4.37390495027679 5.66694244767349 inlier mahaDist=8.77799439998611 cluster1 intDim=8
3.19621639168479 10.4082687943695 -3.49701817122562 -1.13996038606797 0.456994775178628 -4.61928001471019 1.00195519570777 -3.04358947412308 2.15354170101937 3.88327123826462 -7.17015060178495 -1.96190079181429 6.64839249932745 -9.19025707945816 9.31996450329534 -0.658376490985461 -9.35921526384065 0.907704338979755 -2.87947804660818 -10.266381919544 -1.49826836426771 0.969187804335412 2.0018488415265 -2.01057588202383 -1.29321178521702 2.6372476313123 -3.57735110682336 -5.09478308803826 -4.80768437664245 4.69306002096577 3.77579239440612 4.71757052344695 inlier mahaDist=6.59807789284037 cluster1 intDim=8
2.40497557225348 10.2170829086968 -3.32592865555459 -1.01066654389502 -0.306353221265553 -5.11639210492412 1.77611141729647 -2.22508680200181 2.8250725248937 3.3982187434617 -6.39129843502044 -2.37745980412276 6.13021606589783 -9.16652133514993 9.57585493675488 -0.872918032288598 -8.81055691123232 1.75238806700809 -2.8681103011432 -11.2957625931865 -1.07018907081767 1.02725351722584 1.82513512887544 -2.10166001946021 -1.19009704277794 2.24008483248015 -3.03296982858764 -5.1386761680764 -4.0347091579408 4.82883921471326 3.2078781760315 4.71070555733635 inlier mahaDist=5.80174818578272 cluster1 intDim=8
2.83842025923152 9.62408526604142 -3.62693229257362 -1.05356843401789 -0.167703692477113 -4.75004441741953 0.230000093113173 -3.06339784431733 2.3863792878618 4.5193274713268 -7.94155873791076 -1.94630243397527 6.89645505569061 -9.53358662121238 10.1445314152397 -0.783353223449327 -8.80400066688928 1.84056083217224 -3.63612521063356 -10.9579753749034 -1.47442808181084 0.498862196576573 2.3302000181091 -2.38045837798443 -2.3769558823372 3.33334779642555 -3.17208243112644 -5.29088685798525 -3.37482504555059 6.05078064894134 3.99781388415869 5.98595365445445 inlier mahaDist=7.602447041779 cluster1 intDim=8
2.8698302353818 9.8808953939325 -3.72021039153906 -0.525772067178861 -0.766791125261193 -4.98518733356113 1.4574715509363 -2.32642074922086 4.16152512855937 3.68750268442962 -6.93255409212858 -2.66724922203099 5.22550615691923 -9.02448963089589 9.45266149830207 -1.23826477670978 -8.95271345850245 2.1914598937251 -3.31633085985744 -11.5048472960329 -0.764584358467659 0.458919175948287 1.72046798447102 -2.29926576679359 -1.58160471559541 2.22550542503753 -2.75010045623765 -4.96565268170207 -3.81276785395521 5.87760922261537 3.13211013046132 4.87910815171515 inlier mahaDist=8.67386493066012 cluster1 intDim=8
2.04429731071208 9.20818881081229 -3.93735357623738 -1.37871011502078 -0.454884011347433 -4.89290267368655 0.727990072359318 -2.45525948943348 3.14125967114415 3.61925991541191 -7.87970775611541 -1.83902236374656 7.1219384745131 -9.14001109811327 9.44937696379751 -0.819971902269095 -9.19854220210601 2.355869964235 -2.75760985814566 -11.2184378941279 -0.848192892003598 1.38145348175196 2.20672760174586 -2.19091014721203 -1.94998850190143 2.90030642317731 -4.51257861311501 -5.0751319699075 -2.95594152385118 5.86726945631422 3.83238290262126 4.92677441137978 inlier mahaDist=7.70480288022445 cluster1 intDim=8
2.49076377992394 10.1662039297546 -3.68618029624725 -0.438385617743743 0.191067803165883 -5.33914249692545 0.5506841835742 -2.7600303103428 2.26222207773491 4.30937801788789 -6.99408005092808 -1.73910572730529 7.43846364512619 -10.2096649411256 8.93220693352381 0.0105845279586589 -9.24840809667694 1.07812497315631 -3.64971251855511 -10.6518331347812 -1.21107261285445 0.652881062009714 1.76504548691199 -2.09731132992262 -1.75752810460454 2.79345996617907 -3.58056100230737 -4.59020583969729 -4.06995419149262 4.59944313387237 2.9537513131015 3.84411624537572 inlier mahaDist=10.9795646288762 cluster1 intDim=8
2.10690054642367 9.25343992095257 -3.15004105036681 -2.01081036692017 -0.357339766129529 -4.69001183352671 1.0542385982131 -2.00210508510958 2.39407111815275 3.88412657500016 -8.07255246485088 -1.88483419553001 7.27693460602587 -9.35784592145007 9.63415814640499 -0.609867986931944 -8.63751845280001 2.27804965454012 -3.48918005565089 -11.4658094437675 -0.922095180179835 2.26063644574865 1.50536422442749 -2.4867622917604 -1.76789368541427 2.9362392346562 -4.43627804572119 -5.11634513874468 -2.6508030606115 3.93004813941034 4.33487054774709 4.46648637004221 inlier mahaDist=12.7077063385945 cluster1 intDim=8
2.25431631613648 9.6856641639437 -3.35274535021422 -1.69021194927911 0.431576272730236 -4.96078796557522 1.68340986401622 -2.29275309543901 3.28184878046963 3.10534385030458 -6.61744218591838 -2.52313906703946 6.34408413106441 -9.25926120598622 9.00740377285202 -0.736957031570914 -8.70207744643868 1.90425422676336 -3.43296631237061 -11.2129874684027 -1.08308346796703 1.18541756147418 1.31904907712462 -2.6912106743656 -1.49047296095038 2.37010054039306 -4.25249262269489 -5.04171599124442 -3.43172769478655 4.20591950327944 3.80421803502984 4.16680617274425 inlier mahaDist=9.34288493959971 cluster1 intDim=8
2.98231612511768 10.6554277244844 -3.64983505259733 0.349637301932066 -0.0722163238664203 -5.3392232538469 0.0539234944343026 -2.60503445567042 1.8466244076109 4.33338917080707 -6.80889067386787 -1.42311121493402 6.8653349895568 -9.3420727600507 9.4901370626526 0.58210910188104 -9.24589799593307 1.2181828613567 -2.46229692241755 -9.56614399317898 -1.09295276942219 0.81148627830794 2.07254042766026 -1.85907558623034 -1.74091402589679 3.06412904868849 -3.46245931689058 -5.74039031662566 -3.87569418372428 5.00238683107881 3.49120012173939 4.84151162961331 inlier mahaDist=8.38099588540515 cluster1 intDim=8
3.60479957344178 10.5977280623526 -3.22819975737394 -0.811362212951084 0.221725557321467 -4.55885002257677 0.87892222479334 -2.82417611681025 2.10909114094995 4.14219479018938 -7.17718864990502 -2.03352399871487 6.04849061488509 -8.94224808119495 9.67594122232613 -0.463347526824215 -9.060231561811 1.06591172485336 -2.96215798821586 -10.0550278593996 -1.42392452527108 1.03631092033362 1.78721633347073 -2.13472584561293 -1.36345659282706 2.739069683218 -3.11808276402163 -5.55178896298264 -4.55542522421464 4.43602111845133 4.08237054532218 5.10162573538804 inlier mahaDist=4.86920127036894 cluster1 intDim=8
3.73064986192905 10.9589582213894 -2.51794682550556 -0.309344916136017 0.345177557672608 -4.89264327058014 0.644453797011519 -2.29714543844985 1.44002300329242 4.36953972438105 -6.40417411777826 -2.12175141305089 5.56745162537152 -8.88320174698577 10.3303427377807 0.496490579740636 -8.05184794593896 1.35308039797371 -3.27971259849851 -9.56417562535928 -1.47974254572399 1.05247332517308 1.26728109089455 -2.64176547242072 -1.70546179577255 3.11753647637653 -2.60440412210904 -6.65027231162572 -3.51315603262038 3.40550635851756 4.66063277797131 5.75882492436578 outlier mahaDist=16.1820792588388 cluster1 intDim=8
3.06072108449564 9.88591596079465 -4.09846598642377 -0.408979082742666 0.279377389881529 -4.96385292933682 0.194959275820318 -3.25846776698319 3.19561593220994 4.24958160143646 -7.43606386264638 -2.00259101815341 6.61899398160142 -9.63550336723591 9.06603460971914 -0.481738613465975 -9.41037889384523 1.37350860370475 -3.53329806233737 -10.3956230189432 -1.27525870423796 0.00957668522061175 2.05270466562073 -2.31524018342764 -2.15640864738497 2.95690532322896 -3.6629905322359 -4.87566910359461 -4.03578257965951 6.03064208306661 3.43778474740096 4.81647983200883 inlier mahaDist=7.3556284701954 cluster1 intDim=8
3.14737355873515 10.3547220084246 -3.09154026552568 -0.384982455740976 -0.735674445239273 -4.90544519531264 0.761217207903966 -2.09371281050467 2.18837503622501 4.5252824734795 -7.43669837034967 -1.86107795258378 6.21262125463326 -9.23521864157447 9.88909827616645 -0.167538872147616 -8.77619336255308 1.67861526353006 -3.2365209083746 -10.6483656423705 -0.920483121946488 1.50569049435888 1.55632753435182 -2.08512333938949 -1.52835448098236 2.80376380947217 -2.82017219515606 -5.48360365806232 -3.63610914102371 4.17229576229784 3.75767933754979 4.77856637598348 inlier mahaDist=3.39215160727792 cluster1 intDim=8
2.58495024258713 9.52268367324084 -3.39446878150075 -1.9746522660349 1.22681056044088 -4.6726374629066 0.922649847039244 -2.74895495158423 2.88440993609525 3.1632912365211 -6.99775594923402 -2.30701092643927 6.61370533498348 -8.98573475882748 9.10227057416365 -0.319111834877179 -8.64202786136325 1.83208459404973 -3.34543754470505 -10.2816472219652 -1.40502652660092 1.13486374895889 1.4004454628562 -3.05106517151778 -1.98971211756254 2.97668682024458 -5.15247622731654 -5.68075332944354 -2.99784185021849 4.27024575743334 4.8554386704137 4.84746369929901 inlier mahaDist=12.2878622799316 cluster1 intDim=8
3.65886154213765 10.1933461597189 -3.32376116644702 -0.398295670141761 -0.13956059985104 -4.66212838796609 0.330787437362707 -2.63350172217467 2.74981488136992 4.45132514465509 -7.51239886238454 -2.11805611650242 5.6318869370968 -8.90114645144069 9.90510876308429 -0.254786655207915 -8.72454167875821 1.75520440410105 -3.39184911452735 -10.1200357142594 -1.16379848981256 0.777302786931384 1.61744539810816 -2.52281786000367 -2.01833100948288 3.08272191464373 -3.08872048387444 -5.89007677273482 -3.48619268080635 4.98630808327529 4.37070476169934 5.57680334024562 inlier mahaDist=2.9500654114974 cluster1 intDim=8
2.81870387164761 9.98053640641838 -3.50194162242797 0.133549009645193 -0.773239733260997 -5.3111756711482 0.522632065987503 -1.94766147876561 3.31189159646363 4.31477104735924 -7.13273811130993 -2.04835327663828 5.92907982425017 -9.37543792085665 9.4302301155197 0.0757151777236367 -8.74166968328642 2.19197503358658 -3.49088748768119 -10.7400541913214 -0.566280905474119 0.951405177531597 1.34287425935836 -2.40857935880354 -1.97168550006957 2.79221364763443 -3.22593790327933 -5.4251037967529 -2.88544609599656 4.81825981266704 3.46675136322659 4.47120368377617 inlier mahaDist=4.05570804126655 cluster1 intDim=8
3.17306477606436 10.5894376153221 -3.53365623924455 -0.397039472716044 0.148182964021993 -4.93693631792442 1.08431224872238 -2.3884234726696 2.82586258487183 3.45636916386453 -6.54719357392263 -2.01371806048024 5.84751854650215 -8.63903606536061 9.05966298632422 -0.104836377881641 -9.30921551517482 1.35720188172221 -2.22483987482531 -9.82318712963722 -0.933162366039827 1.20626278640108 1.62662924490035 -2.04708108334304 -1.12636485008098 2.40596668546741 -3.89150833385122 -5.6477773214865 -4.27003449299508 4.46125288247345 3.77042695778732 4.36061810204149 inlier mahaDist=5.99117198648094 cluster1 intDim=8
2.75693601369325 9.7556885795592 -3.50810731674161 -0.791322259059457 -0.278977175641769 -4.96512741345288 0.509778436424662 -2.7249201641813 2.67022572097631 4.37569986528487 -7.47696960747448 -2.11529069709328 6.53848029065202 -9.56148470684139 9.97727229037318 -0.621366780372607 -8.65230502477037 1.93794391744608 -3.72978265918473 -11.0632333228552 -1.27728050936389 0.513465093237729 2.00034117096676 -2.45488230394908 -2.22941969856957 3.09909658207414 -3.0077326153474 -5.29266034156979 -3.26798983682906 5.62849828458586 3.75286077710241 5.57544817709852 inlier mahaDist=3.91677159079331 cluster1 intDim=8
2.05899814480707 9.85174086959718 -3.76871010395833 -0.0417550953191852 -0.959395389498781 -5.5885235769831 0.716354872535716 -2.11937191939769 3.02136307103136 3.96096963099441 -6.78624543671806 -1.95664295560531 6.55605260233569 -9.47185241015216 9.81338443646693 -0.301144503981336 -8.79712042866017 2.3492799910697 -2.89003164103325 -11.2223825570092 -0.738812141721869 0.635611720319256 2.15992413557761 -2.06921179287904 -1.99517355912102 2.7968835221497 -3.03713845696397 -5.34785977841261 -2.93735528355455 6.05544953664306 2.97360527343177 5.16218435609787 inlier mahaDist=6.85822834635742 cluster1 intDim=8
2.6724378302434 10.0798556829523 -3.82103644054756 0.257312752186631 -1.29784914626054 -5.26746617101418 0.679226660838528 -1.86605481562224 3.33234838371295 4.0347401319213 -7.29485501672477 -1.76126705958871 6.04814604075243 -8.93134345113915 9.41608569289378 -0.186480616610428 -9.30821888316784 2.21490392429831 -2.37223646358487 -10.7020067272515 -0.32482769601145 1.34278307379904 1.86508615734781 -1.78606201486773 -1.52800885274263 2.55682561297237 -3.38387269930444 -5.3617314484399 -3.34577921974593 5.47904463730448 3.16618981885293 4.44891776245541 inlier mahaDist=5.51081596965482 cluster1 intDim=8
2.79307602104417 9.80013401697032 -3.50261036291036 -1.12452418359494 -0.915436181850127 -4.60441522207344 1.36230078694879 -2.00620125448037 3.3467782637306 3.43347422196018 -7.53811670462619 -2.16860625993168 5.65035940908073 -8.23626141134666 9.82409861472266 -1.04875162936087 -9.03977940123481 2.42019576654121 -2.18533458370069 -11.006555649466 -0.650872082383625 1.78242743570171 1.92781021691172 -2.05511467816658 -1.31007152826362 2.46371798512999 -3.70211150133132 -5.6492717630028 -3.42049651221703 5.34290254874234 4.09268758444532 5.2365889735845 inlier mahaDist=5.40649011632351 cluster1 intDim=8
3.33812543643783 10.0960920944017 -3.38641828729196 -1.00518834372916 0.17084301792932 -4.57330202585618 0.9062931404199 -2.52814510868331 2.93902221721866 3.93503536604663 -7.46949439496326 -2.12353766033793 6.02556132483179 -8.97893893820104 9.12725003786025 -0.429960279628806 -9.11547128097679 1.48136487914473 -3.26644094115755 -10.3148397784508 -1.04146486083487 1.34054415022241 1.34653576644875 -2.40846664218656 -1.48511158525584 2.6411792547348 -3.93718529891632 -5.27913425611563 -3.94577589009171 4.14595999200393 4.16283835952333 4.32202603939789 inlier mahaDist=3.52062543085817 cluster1 intDim=8
3.64652254324317 10.6704793097544 -2.97464875789678 -1.02928030800514 -0.000877998179725892 -4.41663682854211 1.27597040723385 -2.41355714117095 2.1124606847142 3.96311198017847 -7.22486262518287 -2.06360163318349 5.79443516125668 -8.64203051220635 9.63222578010165 -0.505087790412747 -9.02940474698549 1.15972669223498 -2.74063189533928 -10.136966745662 -1.21029666108461 1.71638767424222 1.49640789978121 -2.07097887481558 -0.972265249302525 2.50172604598664 -3.2438139817768 -5.61344897660733 -4.56318793928159 3.65851862150804 4.24618077721389 4.71477616753541 inlier mahaDist=7.9399883659756 cluster1 intDim=8
3.41301192657394 10.4974731949294 -3.76772025960161 -0.875191070727509 -0.0498841747605171 -4.45556987064886 1.2999698478682 -2.63610385823941 2.95171591950639 3.51038178912951 -7.40922072292392 -1.86335199389548 6.09223022326403 -8.54198905047597 8.70723276869801 -0.757446207686831 -10.0165126971558 1.00210864733022 -2.00962833864978 -10.0472505118484 -0.883608935443706 1.67749886051257 1.81302095959658 -1.61506080135048 -0.664751179737829 2.12790406832132 -4.14429717285186 -4.93865315751554 -5.19225676942224 4.50573116811486 3.62890827235262 3.7715752241624 inlier mahaDist=13.7469244220456 cluster1 intDim=8
2.54195383553063 9.96178400917303 -3.28376493614299 -0.742358906103956 0.670673746093902 -5.27785928480208 0.690041846527382 -2.33715151654581 2.82611789866839 3.27078331139526 -6.0391874738535 -2.35119175896329 5.90689628180775 -8.78942674453402 9.78683039557663 0.265118612412352 -8.12407883898264 2.27173618330912 -2.93380125471849 -10.0134767652642 -1.2295649954643 0.566742198911513 1.55973629866761 -3.02373829238673 -2.24354465111539 3.11417798377679 -4.11294469846884 -6.55902288175376 -2.38252378276366 4.93915135646464 4.56689627441147 5.80719648792483 inlier mahaDist=10.4459889315027 cluster1 intDim=8
3.23814827795405 9.54207390713948 -3.38802843641674 -0.559704817685529 -1.92670472527868 -4.55485978014532 1.19253262416761 -1.51598240461182 4.22760544031033 4.56729311270559 -8.60939572041166 -2.27799287791962 5.24220170863722 -9.00602721964702 9.39432678037981 -1.10862964851518 -9.06376080106775 2.58085097428332 -3.81973500176734 -11.8695122930756 -0.0562643993212146 2.02276346716348 1.00427912358138 -2.18172554429086 -1.43425255885317 2.28011058907776 -2.93063293216471 -4.63348814215162 -3.23559505396853 4.44444732679264 3.51145043764849 3.81700770737859 outlier mahaDist=17.9925750584401 cluster1 intDim=8
2.97087336040546 9.88007082112359 -3.97922706491667 0.0121938907376578 -0.252596681360546 -5.07117790775845 0.215958886734438 -2.2396621030664 3.67768649812902 3.65407779263445 -7.22145853419684 -1.84805703250234 5.84350806732029 -8.53957067359302 9.04359696824036 0.204331051938951 -9.27766231140363 2.22627531297148 -2.32362594677837 -9.75768099466205 -0.502365744607929 1.08628673040946 1.6438224969631 -2.35089940253484 -1.93302544381131 2.87657764419949 -4.59229921086169 -5.92502377262794 -2.91196454338172 5.46010332722906 4.10671290805278 4.68166535658352 inlier mahaDist=6.6130474283191 cluster1 intDim=8
2.41797629041287 9.44621316601084 -3.90314691062834 -0.0283170355451054 -0.953078524335035 -5.33867217169799 0.0783518475313549 -2.25206503727627 3.43651076297298 4.41142028039947 -7.65297365425433 -1.89053866578228 6.4933801843623 -9.51431953960169 9.69194277448593 -0.19639250214239 -8.82870590175964 2.56375419407314 -3.45847131316527 -11.0585472000142 -0.63273239829289 0.635446576366506 1.92113521475825 -2.38667580717127 -2.48922419643368 3.14594295962577 -3.44560633567488 -5.33268691115538 -2.42172590580333 6.14125501978803 3.46530607653893 5.15678784525713 inlier mahaDist=8.10300278629738 cluster1 intDim=8
2.87248221801609 10.047613782208 -3.51814696486721 -0.900276913337103 0.740238205668799 -4.98162535269095 0.679583205884132 -2.81780842187368 2.75481102281285 3.57321804229952 -6.61125983304546 -2.22048138888092 6.25258174599148 -9.06894377429287 9.42193075414735 -0.154140862657883 -8.73330065733059 1.64650370529837 -3.10739687186887 -10.0852066871374 -1.38294056626989 0.502354682648918 1.73887821005666 -2.68408107188922 -1.98501671243463 2.95781764880197 -4.01807682047666 -5.80454211781379 -3.4331816206063 5.03779840412196 4.21410912897802 5.27801181816521 inlier mahaDist=3.89288518157929 cluster1 intDim=8
3.14775458479733 10.7921566779643 -3.03321941640412 0.521790786392519 -0.811199691791492 -5.34083589251445 0.136094403386928 -2.03715153458215 1.35322049160474 5.03406862445292 -7.11492104654401 -1.42109762638586 6.66750201158036 -9.59895822911182 10.0633122358198 0.709642412646598 -8.71099866265801 1.40429617669476 -3.13278635228553 -10.0607951329758 -0.946322659495714 1.32231947525928 1.6591564402555 -1.89101171588289 -1.71409202347741 3.1274319279453 -2.45367749817473 -5.79102537492739 -3.50972682579786 4.01119064404948 3.49241372501757 4.83151604272151 inlier mahaDist=12.421223165045 cluster1 intDim=8
2.98442840773561 9.95550452837296 -3.63611086832311 -0.189611430574556 0.0207008572028761 -5.12127585334269 0.284383360366609 -2.39379929032357 3.19199920379388 4.01513192527115 -7.0675937316023 -2.01708894317155 6.05671422954666 -9.12000353261075 9.27097682766142 0.190674455104774 -8.85698375911594 1.97017035957389 -3.22294884227593 -10.0852402246894 -0.861206015749783 0.765859830720117 1.47086414815125 -2.59466312892045 -2.10831965283928 2.99433641255316 -3.96541984474075 -5.73351130492249 -2.97546760239173 4.96990841168403 4.02083336815935 4.78342837324906 inlier mahaDist=2.79408088233147 cluster1 intDim=8
2.3616899118381 10.7007170427139 -3.24415629808238 -0.095911448507703 -0.508668780317454 -5.58669269755778 1.28414943308456 -2.16949845603352 1.93975895456373 4.02734921182781 -6.0837856661964 -1.9568915544496 6.6841050926797 -9.7532541989546 9.7200936084855 -0.125361248045642 -8.78688352537153 1.3584762338812 -2.95754207853812 -10.970147024629 -1.10850726223039 0.810357113442538 1.92644203553307 -1.80801209586716 -1.27865945117368 2.45711419555157 -2.37748147907838 -5.15833695458755 -4.142036192507 4.59305630485237 2.64877195025107 4.5530331794706 inlier mahaDist=10.4624256737375 cluster1 intDim=8
3.40264804063767 10.1772845717136 -3.77670410574373 0.110104157363293 0.123202489331669 -5.06977686377487 0.211447507241285 -2.84629223837708 3.36886872828578 4.17902215756327 -6.89248905222187 -2.23037789780546 5.60279016996683 -9.12650893107201 9.45462878512385 -0.105032846399528 -8.90830721952499 1.73510325349246 -3.35974695000394 -10.0087601692612 -1.12016054664556 -0.033585233147776 1.7365126734424 -2.57345801139416 -2.21603206272188 2.98548663244328 -3.2402781319763 -5.71967696218928 -3.51873919265146 5.78463789556372 3.82064030975828 5.37420961519214 inlier mahaDist=5.21467633955589 cluster1 intDim=8
2.91251847464015 10.3716111559472 -2.91313157464774 -0.351295924638292 0.0183738196430051 -5.1371729785879 0.434276204402644 -1.79237665570925 1.9282574747589 3.85586161905999 -6.65324582694054 -1.75946982588429 6.12414467237975 -8.61888826055501 9.92693273063584 0.847667506923827 -8.30137995076687 2.06718445541681 -2.51869512768813 -9.55468253834634 -0.895358474121397 1.75752615536298 1.31462303473925 -2.57216663743844 -1.81676557710431 3.18104683682986 -4.03703435784145 -6.75825531098769 -2.46784677980931 3.65221976076772 4.76419969896935 5.24196986148101 inlier mahaDist=12.7430970902579 cluster1 intDim=8
2.97011284738239 9.71259080075162 -3.71913162933138 -0.730750715670619 -0.216772036788312 -4.84547057086731 1.01193960576436 -2.3797207285053 4.05250629363843 3.51742157916832 -7.09394400294011 -2.50387021215092 5.35391846473292 -8.70189484074588 9.32178641613889 -0.754812230964651 -8.89241694493983 2.29719466002876 -3.10666726681541 -10.7745549923697 -0.793532918135362 0.720940119185683 1.55851779589005 -2.61334192923932 -1.84687501742134 2.57145211123498 -3.77483805342854 -5.5078028959129 -3.2399474700193 5.55202552635737 3.9604868426924 5.01272227791914 inlier mahaDist=4.0013560881303 cluster1 intDim=8
4.06467014038531 9.80563939799531 -3.80482697574272 -0.549500498587009 -0.120943231659473 -4.20529421097348 -0.530455155594104 -3.31387526926377 2.75832914076665 5.00285951071258 -8.84290616760044 -1.74181217773648 6.15475584371088 -8.92529374574424 9.88524259493987 -0.51405309123292 -9.2875764352373 1.60982150384497 -3.45650209194804 -9.8443601334858 -1.30487236917128 0.658352512981656 2.08965069526879 -2.39001584594338 -2.43982891847919 3.53760199205746 -3.53841646010298 -5.62946177235235 -3.66633668301314 5.97738385621485 4.7305309361612 5.94721665179611 inlier mahaDist=12.4260120772752 cluster1 intDim=8
2.71375354012909 9.96356367106381 -2.79833149022178 -1.05378770986103 0.196715285844437 -5.10234380996491 0.873644962543258 -2.34374375744207 2.18316909074315 4.37872016227819 -6.84156698006761 -2.37929264523077 6.43041347834063 -9.88436587429941 9.99963548456219 -0.154364925546538 -7.92231195495756 1.82331411315082 -4.5274612068864 -11.1114746236366 -1.42874987396726 0.747687873408727 1.22469102284061 -2.95250912183221 -2.18003105602435 3.07510451305102 -2.83760972118664 -5.4985144739569 -2.89775830999872 3.90205976388084 4.02113731811249 5.16659706781495 inlier mahaDist=10.4058224564483 cluster1 intDim=8
1.86889061863346 9.34387962312988 -4.2208516613703 -0.233943548465755 -0.5352038032227 -5.50567516340168 0.124577673200291 -2.20129812323811 3.41328770982265 3.80199866529569 -7.43918574960987 -1.56876037816578 7.25198872995967 -9.47749067951454 8.94756962257425 0.147716983935899 -9.31172227891567 2.40734238586214 -2.75255307254918 -10.6886550210783 -0.468887376273198 1.07040206720434 1.96220639970175 -2.19918770509914 -2.22502777123512 3.00840468474824 -4.77876772355154 -5.15594874717599 -2.46315573883346 5.84704720696237 3.36265671876944 4.23679492590176 inlier mahaDist=12.0241629877924 cluster1 intDim=8
3.63035095510236 10.8722880298765 -3.24980996891548 -0.144384612420867 -0.0910303034421481 -4.82616693434743 0.880679640559531 -2.51410062749031 2.30312555755531 3.97228445061686 -6.63573769881899 -2.04758181812561 5.50157122587085 -8.58430376638185 9.82534612495363 -0.164047902014171 -8.97555132996618 1.30454352665875 -2.40210423738597 -9.7630351789944 -1.18576933804823 0.934727151181614 1.81995810160529 -2.03263208774898 -1.29152936430709 2.65304391461078 -2.8538706711296 -6.03702056735778 -4.35582789609316 4.71225687940956 3.95292013592929 5.35610601067811 inlier mahaDist=6.03060856347045 cluster1 intDim=8
2.80342884085829 10.31478747613 -2.99169224048435 -0.186810571743761 -1.45565173523712 -5.1489953574335 1.59926487522479 -1.21472904085654 3.18322310093279 4.01079881066742 -6.95063278276489 -2.2099630807046 5.40549563921317 -8.96477747046953 9.57737370919724 -0.331453410588655 -8.67376103459256 2.2429363999277 -3.05367113699486 -11.3013188609042 -0.263904070452393 1.98317014075006 1.04236924429585 -2.04977914446031 -1.04185938541132 2.14861751111617 -2.70918410975571 -5.3184683027975 -3.35297784126518 3.68149745494873 3.26726207736045 3.91932390448566 inlier mahaDist=12.6592978429532 cluster1 intDim=8
2.71946444973409 9.96715173398214 -3.981434238486 -0.746144502180058 0.356019005888359 -5.00376445008283 0.853906080390111 -2.83693759332998 3.31879305676972 3.45125565294105 -6.87699638620056 -2.09754663793303 6.42518102779444 -9.13581173122576 8.85710650019275 -0.491521336110149 -9.41854079301805 1.53140318269232 -2.77201072796122 -10.3620648724074 -1.07600042768853 0.597572077578803 1.91541144280496 -2.23925040300544 -1.64114103107878 2.57798790230499 -4.23360308487565 -5.09823040948559 -4.01716043187789 5.4921057742773 3.53186216913051 4.45111468654681 inlier mahaDist=4.94266175253055 cluster1 intDim=8
2.38005895870453 9.90189935433416 -3.06433893700311 -1.26255373357273 -0.486216078319277 -4.98300691513828 1.04351962881044 -2.37705173335254 1.85589084450666 4.27183690780961 -7.30680427179441 -2.03665506316364 6.94319430657694 -9.62829165619298 10.3330704968231 -0.713623497130879 -8.4031141250377 1.88789602372317 -3.56077154298681 -11.4833480070264 -1.35307904974804 1.16917943216557 2.02242165744582 -2.25198670962792 -1.83133349887466 2.96643609859608 -2.73601046306189 -5.28331744067288 -3.34540389565188 4.83323402103935 3.69171788141172 5.51785311309278 inlier mahaDist=6.60437351264382 cluster1 intDim=8
2.17592317954343 10.1600708682661 -3.2106964305435 -0.677808568227264 -0.399488279851316 -5.39297339733416 1.21305828919251 -2.06382057144187 2.27060535842288 3.781156011303 -6.44378424966248 -2.07252391845821 6.62987165065191 -9.45929926950237 9.86108765792482 -0.244009971366804 -8.50828498247379 1.92672619233889 -3.0416956991537 -11.1044607162663 -1.05481417137789 1.07715827019304 1.82238730240913 -2.20449830323279 -1.60928089178975 2.67921916935328 -3.05564260446963 -5.4661571883472 -3.28981263240386 4.68313837935919 3.34339694914249 4.94995190216239 inlier mahaDist=4.42655701647433 cluster1 intDim=8
3.3604836444637 10.5248346650734 -3.06622718126483 -0.0849541153212856 -0.654006150488017 -4.99715164901307 1.12198388586971 -1.91549229206897 2.97855695059985 4.05193547356025 -6.69093649649457 -2.3285109324975 5.09810805733579 -8.75548982810991 9.84245635183552 -0.216596780553375 -8.55334104355897 1.94160441554015 -3.05315308351093 -10.5044199597764 -0.789429681764819 1.1231546894597 1.31104014182382 -2.33384718113885 -1.44548912451871 2.5244141400718 -2.61432871636518 -5.89366728833428 -3.54917146871967 4.3573400030553 3.80682166037417 5.00515973159875 inlier mahaDist=4.88752900529356 cluster1 intDim=8
3.39098282658959 10.3346972335817 -3.12971860352751 -0.224849230470609 -0.420353818274232 -4.96322724694348 0.75111707658513 -2.42404574590321 2.75063759982414 4.44873961220427 -6.93110068137747 -2.38122434896342 5.42793493979202 -9.18638335958864 10.1743465091719 -0.40791407883788 -8.36976529306174 1.85760269335999 -3.69168288346657 -10.7043544810105 -1.18890463088272 0.46195972774639 1.59710893098866 -2.52368638085526 -1.9564610468461 2.88490930742148 -2.22073816370619 -5.77435492594107 -3.49176126034699 5.02831418382308 3.83821396577917 5.69716138225033 inlier mahaDist=5.23412342542651 cluster1 intDim=8
2.8095821558752 10.1807644878918 -3.65427958755623 -0.0709442930430821 -0.904409304453825 -5.17604101701986 1.15111114686803 -2.04639511588528 3.5299776903591 3.77136834076078 -6.8242888271446 -2.21105232773763 5.57446039049258 -8.90506216382068 9.46171691318665 -0.554713794288856 -9.06461529420877 2.08735526599489 -2.69164427690273 -10.905908214025 -0.594710737153087 0.93884816371214 1.74813030956444 -2.02738623562105 -1.43761264388675 2.35642136355916 -3.02243509433561 -5.33587749658417 -3.67144756503656 5.41234949520916 3.18573151158745 4.67195858272046 inlier mahaDist=4.04418273954936 cluster1 intDim=8
3.20197778124518 10.2493183271692 -3.32704210333308 -0.0289718223585664 -1.57489780593349 -4.91417472344318 0.480388272307911 -2.38049534043039 2.14320461954637 5.31643125926296 -8.12219577599002 -1.75440561553149 6.4527531701806 -9.7322608872497 10.3810519755212 -0.730856045924448 -8.94618590536933 1.68428757650303 -3.6633600244783 -11.391160400046 -0.979653802586146 1.00591925791712 2.12297873167487 -1.70553881633361 -1.77009130203491 2.92152248286049 -1.61950730822158 -4.90753436616399 -3.98021049829861 5.40328744950751 3.06225570524974 5.29189628719081 inlier mahaDist=13.037470539583 cluster1 intDim=8
3.0697039040629 10.2802277025111 -3.04197772949325 -0.225590611345754 -0.297361427287054 -5.14348499027858 0.62833971312821 -2.10981484445481 2.4848266565325 4.3370874641067 -6.83799858366852 -2.13923108560764 5.87213377892101 -9.26398345530865 9.92865346901381 0.143853660427932 -8.32034252962321 1.92490194197418 -3.56318488373453 -10.4619650438421 -1.01906824811245 0.944033653437376 1.34716967085125 -2.58041765595433 -1.94839559086476 2.97211973085078 -2.89196598081182 -5.90492165915245 -3.02078691667719 4.2942653198819 3.97972770815409 5.16339719627318 inlier mahaDist=4.0723364012002 cluster1 intDim=8
2.845366334397 9.85981411679571 -3.48392666226012 -0.613805506406164 -0.99809237910294 -4.87213375900562 1.05415307155715 -2.02722928459458 3.31546601457404 4.08814369926211 -7.60669185782124 -2.12122355379522 5.92025563982441 -9.05155883089155 9.56889866210117 -0.729495659267179 -8.9910621378094 2.16300741855389 -3.15596534283075 -11.2076944537773 -0.625073472970295 1.41375934514009 1.60725496780507 -2.13584565231262 -1.54637133893556 2.53099157987949 -3.20944485240874 -5.12794576452222 -3.44538900638219 4.96102242197021 3.54629564233019 4.57601148246547 inlier mahaDist=2.7188033012208 cluster1 intDim=8
1.55453352669365 9.39691692568986 -3.71029896692085 -1.29780051095626 -0.133573175653289 -5.38736478788228 1.45793413184887 -2.09070516784386 3.50220974214182 2.85822274574305 -6.401129911941 -2.36427303025137 6.55589488018975 -9.10649700963634 9.39911310206452 -0.682986156305425 -8.63617299578488 2.59708858935406 -2.74160088028999 -11.443937650873 -0.847216506826687 0.961992433163543 1.91130361324178 -2.51904386573512 -1.82097092155464 2.54385982658808 -4.28955085182594 -5.38104306008448 -2.65203564343066 5.59904632219356 3.53084323990403 4.91774180250851 inlier mahaDist=10.4705856788385 cluster1 intDim=8
3.55188315822017 10.2044393641503 -3.27666784733637 -0.437137657184046 -0.368710342954819 -4.66132504847522 0.693620924904773 -2.25080888832754 3.07687112000963 4.01342870745258 -7.28812125815838 -2.21151326253247 5.20949386884686 -8.42396342137809 9.87799681613261 -0.307349714989968 -8.70951313540588 2.06187611230682 -2.85641819922431 -10.1354505659397 -0.894864558783259 1.16987737096602 1.51578118547229 -2.47222118197489 -1.73818870621888 2.84226586804561 -3.31273642711566 -6.13589173181675 -3.31889456473624 4.85148410878866 4.46887571800219 5.49194038536135 inlier mahaDist=3.06845969659991 cluster1 intDim=8
3.2848902389563 9.68850906739086 -3.25628952694289 -0.450646515752711 0.0935563344639225 -4.95469973264913 -0.0664742991739216 -2.76840112650188 2.95604757605903 4.61495277480279 -7.27507046153426 -2.44753357999117 5.63147438006583 -9.3122734026918 10.4549523558282 -0.165075139585235 -7.88923172383928 2.37592193881207 -4.33819597089987 -10.5274371851416 -1.42293195459506 -0.106990963595996 1.63123346574725 -3.23529215483386 -2.99948865784604 3.61083439612334 -2.79139138272214 -6.25298106411193 -2.25152706272553 5.74583374458185 4.63349946517066 6.67486405424283 outlier mahaDist=17.0374718659403 cluster1 intDim=8
2.80070217494529 9.84794073498632 -3.82292887682063 -0.560378620973631 -0.195866620357617 -5.03581693354094 0.896778056466492 -2.59596960655933 3.59458577639469 3.92186948017303 -7.17342223427924 -2.2587499351696 6.1506204717616 -9.45300156638564 9.03390599197584 -0.661558259271273 -9.17725049624216 1.76117347624067 -3.50562913226203 -10.9693181193528 -0.91399098002276 0.555360616006696 1.65371456796981 -2.3347767204776 -1.77409669451754 2.53940702565519 -3.51749940116872 -4.81149785047528 -3.79405376208817 5.36365394276063 3.27323031436691 4.33236957647972 inlier mahaDist=4.04194000946963 cluster1 intDim=8
3.67126335441551 10.0984476308053 -3.49709251456173 -0.733221519435685 -0.681924169187663 -4.36378993224441 0.775740572900343 -2.62144694773875 3.03108397217641 4.40178821765391 -8.09270251213243 -2.0916906044198 5.65857719353505 -8.77355318688252 9.76180524468328 -0.992759482076951 -9.23415186752463 1.68326831222888 -3.10984265556417 -10.6808751655411 -0.989442635555337 1.20413392695215 1.8332382230946 -2.06559771161144 -1.52960139910338 2.69290049567857 -2.97478602547925 -5.25423401863826 -4.18899184034648 5.22403989212737 3.99892295758495 5.15599275407774 inlier mahaDist=3.30895458746927 cluster1 intDim=8
3.09266202974867 9.94076047289585 -3.09627269355477 -0.226893320813359 -1.24660211044763 -4.81744259359041 -0.098519634541775 -1.76989664598721 1.97637701861318 4.69593161940147 -8.14357577316672 -1.45394351246776 6.2259868922691 -8.54335741199872 10.6808386082238 0.289932465973546 -8.46298023674489 2.59380391458457 -2.55742989933103 -10.167978044195 -0.664646625412577 2.03727347098406 1.84724865561049 -2.21668645231942 -2.14480248650592 3.51647362701819 -3.37487838440086 -6.60292327656209 -2.15426245459773 4.8317939849347 4.79903424099568 6.06199483176889 inlier mahaDist=14.1117015098984 cluster1 intDim=8
2.90552162531058 10.0820803700725 -3.9799186046617 -0.485031740426663 -0.862094246917845 -4.7931390764841 0.512770935268002 -2.96429158233535 2.46206593573852 4.23195246446214 -7.77026695793195 -1.6972387972031 6.63676682467637 -8.96197448259399 10.1409735509978 -1.04635420547318 -9.49936646035793 1.69260340434025 -2.22704648985137 -10.770245245936 -1.18498101997366 0.699830959555395 2.93060931788266 -1.5375374402001 -1.69746631433408 2.9008518736393 -2.86020454854637 -5.27001010508285 -4.28253915565378 6.877419489227 3.38044218895064 5.96994786478111 inlier mahaDist=10.906534466606 cluster1 intDim=8
3.48119579715342 9.89683966342178 -3.41657714042554 -1.45749915580159 1.07548598290384 -4.37654096128803 0.59630256180667 -2.96777646187325 2.94111845390525 3.57384454398196 -7.31442348176937 -2.27720753634319 5.90444559109783 -8.60649931530597 9.26878145541635 -0.325173136093592 -8.85286986397906 1.58162481736872 -3.18893667956103 -9.7057825628401 -1.42388955885278 0.957626825583126 1.43974240728446 -2.91613435988151 -1.93513669113246 3.03070779528327 -4.639990029038 -5.94442995084579 -3.51279071313816 4.50973539859637 5.07395442004879 5.23136556205704 inlier mahaDist=8.92480419601915 cluster1 intDim=8
2.19994542919089 9.55976606102826 -3.75651375612427 -1.41450986311375 -0.0903261696466581 -4.89289804329949 1.10559719420996 -2.43279200374639 3.06120189469028 3.25761489866368 -7.24631577173654 -2.02901171970415 6.72806051234072 -8.89476748277952 9.37045750107007 -0.759416559557377 -9.11424483363363 2.12480925190997 -2.5091404608475 -10.9294198655802 -0.962567601295362 1.34174929731096 2.06013529344196 -2.23353699135347 -1.64026770459593 2.67828801674676 -4.45754965923219 -5.30848985472339 -3.3122605596533 5.43001475276882 3.90236894352286 4.88459844538451 inlier mahaDist=4.81216206444974 cluster1 intDim=8
2.42311206289445 10.6566688889748 -3.48698155640424 0.468448154168073 -0.639159170415771 -5.76042137632996 1.01804596025789 -2.09114632914718 2.6106120789045 3.62423713759176 -5.59737978294996 -2.13423386781842 5.79629188057413 -9.01041559947079 10.1050000447107 0.0204117778808854 -8.56417263934005 2.02369303276458 -2.23231721878875 -10.5182005722474 -0.947925659970071 0.291493492999348 2.19915241963214 -1.9950581133597 -1.64610612651293 2.62248800250183 -2.40532166168436 -6.09523034608213 -3.43109736604664 5.86419333844871 2.99540463135242 5.71778798156476 inlier mahaDist=11.716683415904 cluster1 intDim=8
3.70211981960198 10.1954973791211 -3.70254073498513 -0.877552154095788 0.652035387313443 -4.43896216180832 0.492568891852073 -3.21643188283755 2.94474883551019 3.83440664349357 -7.34156476916009 -2.16271999875849 5.79929468268656 -8.63509996380026 9.39692598597102 -0.561567111175937 -9.24199360795698 1.32960917990887 -2.85190593668387 -9.70566284868702 -1.43198910498938 0.530530136315388 1.92025244305634 -2.44374747367678 -1.79858621892704 2.91973802109398 -3.90191637633866 -5.72759008679903 -4.22588041212312 5.431778032694 4.47611212603068 5.47047535855508 inlier mahaDist=5.83638410428398 cluster1 intDim=8
2.68246109624553 9.61978096443085 -4.03421137915055 -0.221916605635151 -0.167017765391997 -5.2006442235302 0.0504832720895454 -2.80683304919512 3.34843905234482 4.21926321806815 -7.4024910001658 -1.9738328412653 6.54427797050392 -9.5181578467184 9.40617064799417 -0.246156379503061 -9.03538662196775 2.0456123490145 -3.44395148459307 -10.5974079330946 -1.00347690010063 0.185657319302886 2.01983838946398 -2.46440366755167 -2.45575066990451 3.1410217850072 -3.70854290365031 -5.28201432181543 -3.03923713168905 6.23685231018696 3.58187192779966 5.188619943547 inlier mahaDist=6.05703372812666 cluster1 intDim=8
3.07749372673384 9.96316086234137 -3.45277251126052 -0.575505189972326 -0.256803036797597 -4.87786029716758 0.381477767295956 -2.58888578133308 2.55383310423921 4.66156034196694 -7.78782628615775 -1.87393901078177 6.68078852077934 -9.7148506798429 9.43000580070184 -0.245775972923311 -8.9886765788517 1.53147852039217 -3.87367803618841 -10.7074683015395 -1.07807949203662 0.996942371421645 1.564913535529 -2.3220029408216 -1.9458972769486 2.98184363572709 -3.31806141717162 -4.98442042190518 -3.62009510965196 4.58336413531046 3.68981180427045 4.48749535603756 inlier mahaDist=3.96334486406318 cluster1 intDim=8
2.28559554902934 9.91364602308014 -3.83149918938164 -0.2989573813663 0.126745896451487 -5.51909281271488 0.688636902515054 -2.65862231473538 3.19472180433502 3.56691439774816 -6.21107745184022 -2.27410601868934 6.30823652235161 -9.39344931594554 9.56895757940196 -0.245970679700004 -8.67886146469083 2.05624552235653 -3.07620278567835 -10.6905421567768 -1.16850573828107 -0.0770633501832821 2.08556914477307 -2.51580533115447 -2.20613266867251 2.8779153227584 -3.43507405886713 -5.59769223341524 -3.11428303563157 6.17116623829294 3.36146234146908 5.47656341071197 inlier mahaDist=7.05204000192969 cluster1 intDim=8
3.74583414455537 10.1398630583275 -3.80394696743208 -0.4306813402168 0.0254358677342627 -4.53619483313752 0.302200786234418 -3.06744826312638 3.14430928925285 4.34899585939356 -7.7710986925439 -2.04479868156233 5.84926571574249 -8.97396217337288 9.35707402220265 -0.584242488526748 -9.38398264949768 1.39595772820892 -3.21090820556149 -10.0610715315484 -1.17884658787172 0.534207933555995 1.86792307386354 -2.26071764150753 -1.85952588881193 2.89136876129369 -3.43740498632732 -5.31319308804784 -4.22812537364611 5.56193443323883 4.00631998431126 5.09957567118996 inlier mahaDist=4.02638727491606 cluster1 intDim=8
2.91275006347458 9.85969393125514 -3.65929272258632 -1.68834895442825 0.0495938185606996 -4.39898982686251 1.41118152119651 -2.87709285558127 3.08735268849517 3.07578049836828 -7.17470959928886 -2.38771581826661 5.78035828802021 -8.16406340490322 9.97438571733696 -1.47744482994629 -9.07118986634322 1.98666312853882 -2.07987708388747 -10.7390006424689 -1.35115568317643 0.959994191731683 2.45884410625188 -2.19119200958463 -1.45321471923183 2.59484243771003 -3.75382466638551 -5.76211884878887 -4.04305817822774 6.19284740514812 4.3453610577622 6.16673666783823 inlier mahaDist=9.9294205803878 cluster1 intDim=8
3.12944205541716 10.0246544207672 -3.14598817568538 -1.36843695818195 -0.433384746571258 -4.42972642235257 1.3363944073867 -2.10150192779557 2.75002761095897 3.77137798331288 -7.6747880439618 -2.10478160954292 5.92709122607225 -8.59359512444058 9.59026975872774 -0.771190204684146 -8.97758249481085 1.85455372983281 -2.80374226992625 -10.7619731790641 -0.872989642472242 2.04348080744404 1.47316252781983 -2.19514888623119 -1.18038259183062 2.5091652791315 -3.75167170119347 -5.44607413219135 -3.77171735388878 4.02589710760548 4.30076142557346 4.61465671245546 inlier mahaDist=4.87718541241808 cluster1 intDim=8
3.45610191797693 10.2039347370763 -3.56487393482286 0.319346827731286 -0.997096726941347 -5.02636205140954 1.09141645971472 -1.81447567333001 4.42117472245353 3.91034974999811 -6.92196220880426 -2.53391412178758 4.46795126080839 -8.61513803060391 9.2208787559712 -0.437249958098503 -8.93531982749075 2.30365549302983 -3.13456636153725 -10.6830401442478 -0.298350087556646 0.877183926190554 1.09418499059308 -2.39410992252923 -1.5149182464369 2.24194582688322 -2.93081895419588 -5.51346184052943 -3.4358686102941 5.00196922540168 3.47867059122482 4.39106115582609 inlier mahaDist=10.3118787608947 cluster1 intDim=8
3.54957521349872 9.94838053935739 -3.1734017871548 -0.561665300922394 -0.188671394862491 -4.71264040892624 0.555511305732469 -2.34082528871036 3.18006771125331 4.75692656615064 -7.80961129666357 -2.26485176051056 5.81835334149512 -9.62655573856592 9.22213480447583 -0.218128324725302 -8.69588016996658 1.66217881252926 -4.5804968036073 -10.7429679161438 -0.920737148438228 1.05168402223544 0.821826023636107 -2.76785398543118 -1.96037420653562 2.83447323219836 -3.19984298939671 -5.01825476522361 -3.41000479799389 3.7510480541736 3.98632838697547 4.08968806667049 inlier mahaDist=9.05387462394987 cluster1 intDim=8
2.22871912633195 9.59024775021961 -3.45698057614724 -1.40672056816471 -0.260177937941051 -4.9259745437788 1.24111298706922 -2.15092841627853 2.99520832492779 3.41355590554906 -7.19373372014829 -2.14454968190359 6.52317681332253 -8.98752497138146 9.53309615513457 -0.679814450203596 -8.78826329362848 2.25401022163009 -2.87898852970443 -11.1469888238401 -0.901009004945862 1.5066308663588 1.75542952198021 -2.38261334947785 -1.64291395300973 2.66069457436459 -4.12790955258745 -5.37258220855955 -3.05518877111468 4.87932766150171 3.95373921671718 4.81704400487338 inlier mahaDist=3.89420703836126 cluster1 intDim=8
3.37053064220625 9.9800514930006 -4.04033458299986 -0.200986046904116 -0.540891112068907 -4.64976274582138 -0.0856120376587625 -2.76977542002651 2.85767824271656 4.46629948804939 -8.31945270523437 -1.44815063615367 6.57712786113203 -8.91426158549388 9.2876680125722 -0.2535370996293 -9.77247966085521 1.59627555445109 -2.52500431574721 -9.93510705329373 -0.802163801627933 1.23781575978905 2.13039631893267 -1.8281732816614 -1.80570429588087 3.03477561279037 -4.03118667694435 -5.29073096807948 -3.89083641067983 5.68324472038097 3.91144513214291 4.75785785336892 inlier mahaDist=6.34334156976966 cluster1 intDim=8
3.63657442416376 10.0979471657416 -3.92149071589402 -0.051379629333371 -0.463480682157601 -4.74438384003385 0.490680753586012 -2.92432304933164 3.73844210576454 4.32367512048339 -7.50799842198451 -2.30458121953197 5.33568892251361 -8.97651361822154 9.53767825900527 -0.865902688229929 -9.26161335039589 1.7425027390026 -3.28577263904037 -10.5352050383234 -1.01276812182984 0.0996265350313436 1.96636929646204 -2.2390022701964 -1.9348221200546 2.71953483070898 -2.77822383145254 -5.24708864352007 -4.11395732889902 6.30248670318429 3.55084105288993 5.37525154534231 inlier mahaDist=6.95352713561851 cluster1 intDim=8
3.85299758239353 9.89787808015527 -3.81105963771494 -1.73511662858955 0.730323269193422 -3.94670777507867 1.01718935386893 -3.53328421677214 3.43164114748721 3.80285621509632 -8.02649590064229 -2.41509635640426 5.86143285545321 -8.82358877595716 8.95865816223796 -1.50215839919515 -9.64157034329557 1.04104644005467 -3.39273627632762 -10.4164328768384 -1.52642145463821 0.677452645785035 1.82601750062202 -2.38981789948502 -1.47665320546445 2.54419640735847 -3.99497483049047 -4.75411709953588 -5.04549786541631 5.29385639199875 4.29638078422814 4.79091561354994 inlier mahaDist=13.4777040753579 cluster1 intDim=8
3.32729837938566 10.0081554960907 -3.70896346965042 0.256879235918522 -0.609790149217022 -4.9852971995283 0.442378744202799 -1.70646109182705 4.11677721411598 3.69423271493922 -7.2437993091508 -2.01274005143978 5.04255891766434 -8.23105052800418 8.92589754712649 0.348094788420461 -9.13630504028787 2.44069640766011 -2.43120895579131 -9.72108445402899 -0.122552520995413 1.55192565909734 1.04214603790757 -2.4677691985386 -1.69398970436064 2.64122302622536 -4.46694844283825 -6.08347545470667 -2.72280781014319 4.61105235626617 4.26892372545133 4.20154148646561 inlier mahaDist=11.9658375570428 cluster1 intDim=8
3.17240604743841 9.85502423827356 -3.6296539866767 -0.927571993907259 -0.586945657006379 -4.4433888833477 0.402497204781852 -2.4969990170764 2.59886650476717 3.96766787057737 -8.11744421530666 -1.68750810238125 6.21794078663319 -8.27225288020528 10.0363099825874 -0.588973827118585 -9.20972013387009 2.11406631696695 -2.07727326404699 -10.1739633090242 -0.930215321460009 1.66528917698716 2.2578861249853 -2.01522645218342 -1.73338885348999 3.07991536366508 -3.99928479375909 -6.00147937372287 -3.37049670159754 5.6484036535702 4.61395446785479 5.81254461881484 inlier mahaDist=5.84958796613135 cluster1 intDim=8
3.81014044430847 10.1738398779587 -3.7097205830247 -0.510579935897529 0.0485488777838615 -4.45224115038241 0.487446650279099 -2.73973304310178 3.3284390966711 4.12470272902895 -7.79284736767099 -2.01220221337354 5.67869116578188 -8.72448325846955 8.98006056736145 -0.38772961529457 -9.49608255768934 1.41482652896453 -3.00644796252953 -9.85224280795167 -0.916407283036288 1.1137644117098 1.47329232574661 -2.27673925274856 -1.56322912911994 2.69764780355871 -3.98277712991457 -5.34596661199251 -4.17787370359307 4.74899143044611 4.19606292040205 4.41032824721635 inlier mahaDist=4.81524863853011 cluster1 intDim=8
2.57695059305262 9.6958626136343 -3.86433302120318 -0.412836723654319 -1.03283314775411 -4.97330089598176 0.868321905193798 -1.7001984333186 3.77703376953916 3.58135149205749 -7.67871136493469 -1.78106268694226 6.08952419890591 -8.59631329474733 8.90990021047153 -0.267541868008241 -9.48465560523025 2.40488797523313 -2.22699610209843 -10.6418479922285 -0.115383325469372 2.02903899543529 1.52059633696796 -1.9746352784685 -1.37391218028408 2.43848149138913 -4.56821082463148 -5.28477169443611 -3.08008164009614 4.8717158063724 3.68408584386161 3.80821916317932 inlier mahaDist=9.7724664254805 cluster1 intDim=8
2.65982596616726 9.48216687524188 -3.45046110825096 -2.05713477219598 -0.409069612440203 -4.36996277985923 1.54095261766402 -2.70249230511015 3.01805674659587 3.77461862376496 -7.95039764536338 -2.39352732772941 6.41416259073586 -9.12302244974573 9.84645812222406 -1.78195269036303 -8.96214573292442 1.95332602076429 -3.41723447241745 -11.8552439417533 -1.27219142135842 1.26116052243091 2.07624711440542 -2.23998531900194 -1.52906109564062 2.54332437202327 -3.30769370872983 -4.73077539385742 -3.97747416128578 5.42471422289542 3.85338058916346 5.25120148052803 inlier mahaDist=9.26045189153582 cluster1 intDim=8
2.87252519084744 10.1038853378187 -3.43548505814693 0.0464580650329119 -1.83581850752484 -5.0056540752166 0.739884841709844 -1.66308855286093 2.85626064554798 4.29567388156364 -7.6731687011201 -1.76572084101863 5.74739905177174 -8.55877656411232 10.318278609101 -0.456686675766458 -8.92025517836249 2.54049331085644 -2.23004731287539 -10.9348061406108 -0.389644863209276 1.72543059765606 2.05157873342409 -1.73262495200915 -1.53996338777081 2.74044918475286 -2.70879587318171 -5.84343435196449 -3.08092013400872 5.54731764152574 3.62442236324453 5.46002788824514 inlier mahaDist=8.08636797752107 cluster1 intDim=8
2.79132968387184 9.64112915370427 -3.64573787895472 -0.337293462580159 0.383892443337885 -5.2161988362342 0.00636069676285089 -2.41900685654534 3.31079921037676 4.0746440384002 -7.14859289303071 -2.02808471832412 6.3721243147881 -9.44655861441257 9.02902559745952 0.484796892968741 -8.67069479538652 2.086624689476 -3.78663448339015 -10.0715360908484 -0.881492086815336 0.674213079634479 1.18568589551414 -2.97663424588151 -2.49262562676895 3.21744792234058 -4.48269594093111 -5.67729460831154 -2.40269268644527 4.67518759116084 4.22462532786198 4.5236263684054 inlier mahaDist=8.81865408608573 cluster1 intDim=8
2.71369315661504 9.24299059728808 -4.10197094433932 -1.00102962435171 -0.235886207197175 -4.82860505499514 0.321440460353178 -3.34128256855772 3.47194900064414 4.59995739637481 -8.16440353818765 -2.22564198285075 6.88082745910805 -10.0942095246642 9.50706450670982 -1.29899084161211 -9.14645633027877 1.82391429140109 -4.41451853340789 -11.6492288825406 -1.3561890324122 -0.155648773384094 2.24824980149853 -2.45233447995457 -2.53192980333534 3.06152078214279 -3.10117443544222 -4.30295912133719 -3.67494090525089 6.7211176605988 3.25098379716481 5.25499911028465 outlier mahaDist=17.2251501555925 cluster1 intDim=8
3.16317262995409 10.897386528514 -3.0854708700955 -0.216709072406779 -1.22979438413983 -4.89337413907001 1.20124658243543 -2.1036780153685 1.57459416491079 4.41239642774378 -7.17921391112219 -1.68002574983752 6.2357521522597 -8.94340100298263 10.2799113843074 -0.534662867316199 -9.11425556138772 1.33983114963635 -2.23726757391885 -10.7096253790869 -0.990269320642617 1.68358894216763 2.18439433460739 -1.33942198215883 -0.877996431788951 2.49034056521997 -2.055660744287 -5.46585462167823 -4.6312094793624 4.60184005456846 3.24264835911636 5.11214318806308 inlier mahaDist=11.7063429226999 cluster1 intDim=8
2.37093483909932 8.93597972691022 -4.15568865810655 -1.91378474363879 0.308841729200702 -4.55140076398812 0.478881646352115 -3.31319347310717 3.33478781510516 3.77510178159939 -8.26225529413953 -2.06970979290152 7.26825778953754 -9.43513366293729 9.32138367515211 -1.29139533158276 -9.29279319188536 2.00908577584812 -3.50321036254628 -11.2353034682115 -1.37058797879117 0.606455055048 2.36267443642907 -2.52153025425846 -2.35676105903708 3.11751938723582 -4.61668379638704 -4.71810532117125 -3.35151007646887 6.47212134717754 4.0768138996221 5.30642907817633 inlier mahaDist=14.938168395989 cluster1 intDim=8
2.75132430247456 9.88773850629871 -3.25133802688665 -0.947921964765423 -1.26653668607653 -4.72581296999713 0.868874428077155 -2.20743927843275 2.1572524360247 4.60285032576775 -8.13603060043375 -1.79336728600657 6.69492812219598 -9.30723548262378 10.3102372794633 -0.909105417909969 -8.87037890567085 1.99743305953248 -3.18738655443648 -11.4795948715992 -0.963224097948967 1.6558327160509 2.10764974885987 -1.85261115571249 -1.61634664560431 2.87003959419073 -2.64747825324563 -5.11756276791303 -3.57441376613238 5.08142445636674 3.62829772097216 5.29286664261001 inlier mahaDist=6.51768579013044 cluster1 intDim=8
2.58671955898343 9.60395294963486 -3.90523448328295 -0.754921189775811 -0.00468447495367863 -5.02524913568871 0.919324169360481 -2.3836717013358 4.04670527584199 3.09353741112383 -6.77073405479354 -2.3994471734248 5.59965916893916 -8.5088703411658 9.28798161675871 -0.554251172712036 -8.91336320942805 2.48551372491814 -2.55706208335429 -10.5264602811053 -0.781356393822047 0.678824607832788 1.79621046117797 -2.62170254781639 -1.95085930096856 2.66988938392943 -4.35104015022547 -5.81629278302359 -2.89693944257188 5.96527385900775 4.07134068276535 5.25124814551999 inlier mahaDist=6.99893882058436 cluster1 intDim=8
2.61867333368955 9.89553394986612 -3.35639267281259 -0.725557401628665 0.135086633638708 -5.12007764806749 0.637718345599042 -2.12876674590782 2.7386784824959 3.92905168368304 -7.11157133299109 -1.91457823472936 6.66057668089493 -9.42307550721875 9.03564290244957 0.272373087862641 -8.80222268272434 1.81251086468078 -3.43945876022006 -10.3850745994906 -0.84540369908159 1.43027913973737 1.17139887199817 -2.57714549029921 -1.819605064764 2.86171491848906 -4.33121552540345 -5.39407645314089 -2.97967904631648 3.82182428468443 3.98205540363252 3.98254424416386 inlier mahaDist=6.65166003868257 cluster1 intDim=8
4.53957539971049 10.0646938850801 -3.77936523372288 -0.145581646905447 -1.30074727477667 -3.78512065329507 -0.276876599925634 -2.13086767747412 3.27990552767349 4.42515343105326 -9.42816559956178 -1.28691156846563 5.06549037753838 -7.11989071996276 9.69889899590128 -0.21085379244727 -9.92148431640789 2.22892661956614 -1.27477912052136 -8.96627133032483 -0.181909247278636 2.71613911412302 1.8041048570412 -1.74651239068564 -1.42822489907516 3.08103478163642 -4.60113423841016 -6.50264275967651 -3.46359810234696 5.1768259167428 5.45776862944889 5.31687779738424 outlier mahaDist=30.8744545046457 cluster1 intDim=8
3.71741077935203 9.85687041149182 -3.31875647235692 -0.730110409127171 -0.127321778400163 -4.49716495570393 0.57694206730022 -2.55526913104448 3.51621400266415 4.32637789568263 -7.70826121067751 -2.47275262150547 5.18849119838743 -8.86723983192431 9.6931069998937 -0.604887603128948 -8.60986321103259 2.03362701174651 -3.90651318989496 -10.5276061338222 -1.044788385648 0.757655330073639 1.26296643413568 -2.84972083479999 -2.09668518003316 2.93099210980185 -3.23335934644896 -5.66392799419964 -3.26405888574287 4.88099640131715 4.50117972101187 5.33628566441442 inlier mahaDist=4.92670154742936 cluster1 intDim=8
1.79296940934864 9.61003641713548 -3.86260106454425 -0.804974480074801 -0.414691953301712 -5.3719348931436 1.0566360840611 -2.07125278901227 3.26434693931571 3.07661202206643 -6.6690226056684 -1.98850843061331 6.62922356605734 -8.87714807874635 9.42196479029395 -0.383701644242333 -8.97202778930716 2.48929046484965 -2.16183797957169 -10.9237540331644 -0.689720217310511 1.18094290478818 2.11510196084148 -2.18204982264688 -1.73788423059279 2.65273906012329 -4.36748433766146 -5.58113924781317 -2.7990175544527 5.78649286581183 3.54955670610947 4.93908085432637 inlier mahaDist=7.52496446619712 cluster1 intDim=8
3.43908436354974 10.1162339098908 -3.68295145621757 -0.0435135374857398 -0.642086027903319 -4.83487989976565 0.160250755852799 -2.85491635649589 2.87301777892042 4.49718478662235 -7.48942149111669 -2.07928366618529 5.63878403241153 -8.83611008213964 10.4206893262896 -0.624599584606884 -8.81127523349186 2.03277644511968 -2.95876830163851 -10.4122140204657 -1.20787964423209 0.182481928516799 2.37808613272012 -2.22998937757426 -2.25151499490588 3.19039310307991 -2.47347201508119 -5.96334039210028 -3.49139862840194 6.65129596631512 3.96273680381998 6.57245263755969 inlier mahaDist=10.0805260614626 cluster1 intDim=8
2.47428845823369 9.74089320565703 -3.29882042959206 -0.609729628773687 -0.899538888418566 -5.14514212656359 1.04481621132882 -1.77400917197575 3.24337237914857 3.89149999075792 -7.12381158766266 -2.23499846754574 5.88561271359966 -9.04955623658554 9.85290332092286 -0.424929379318029 -8.46325577987747 2.57009385895351 -3.23135334145572 -11.2575053798482 -0.633370285728348 1.31808138980163 1.50829387943319 -2.45505322961262 -1.83921923451279 2.70938760087681 -3.26177250612666 -5.59671308986978 -2.63834237040701 4.9043529009831 3.75587483429167 5.00295847918162 inlier mahaDist=4.05998365444773 cluster1 intDim=8
3.04387301104282 10.4383476206549 -3.64147356226503 -0.302088200864989 -0.2547520556025 -4.95155016101221 0.761525700956563 -2.48428347235355 2.58699890157349 3.65257072849022 -6.83567076618585 -1.85787525929294 6.01214081689078 -8.52480519123146 9.6883560554793 -0.251837221384035 -9.21386619665908 1.67786894226748 -1.94102322513736 -9.95268537710706 -0.998453428044383 1.05725013817097 2.16776030207611 -1.90993613147009 -1.43279676469458 2.71582645724085 -3.56012189709213 -5.9353316303166 -3.93803320520724 5.46364525449795 3.85634665291019 5.35280601024612 inlier mahaDist=3.58231995124539 cluster1 intDim=8
2.50456012672235 10.1933839333895 -3.73249820833455 -0.723351478613358 0.250091258334837 -5.14766989283704 1.11263681679895 -2.59192821601621 2.93934685670212 2.89228103120552 -6.05867460352799 -2.22400993227394 5.91722311132482 -8.37846884215014 9.75346349555463 -0.454062720325983 -8.88753080121041 2.0114380811759 -1.7732812980482 -10.1484885873355 -1.19235413734244 0.568246901192082 2.34474936225545 -2.24161928881743 -1.62271866789597 2.6782664638512 -3.89376827534928 -6.20668179077248 -3.5377095919701 6.08074118184421 3.95221236517255 5.9189321641868 inlier mahaDist=8.89824216862111 cluster1 intDim=8
3.28020329822741 9.78822801875164 -3.56752128646153 -0.939681638432344 -0.511893185714202 -4.53345157721892 1.26373282921313 -2.27654476211446 4.04310797745157 3.64666980053159 -7.51054482281472 -2.52588649634277 5.10925970451326 -8.5154528003706 9.37332935071305 -1.07708855540229 -9.02058159036614 2.20930819629877 -3.09241880490884 -10.9433767302457 -0.716954798208937 1.15777005047937 1.45496222623636 -2.45263652471832 -1.52294559150123 2.38988374175987 -3.5539997884855 -5.33966023222 -3.61990092408166 5.17611309477826 4.03735156897481 4.82703063585113 inlier mahaDist=4.91799094768291 cluster1 intDim=8
1.61666902293734 9.53454696664361 -3.63329581828932 -1.41561711292607 -0.623882375991724 -5.08093462147466 1.05446196529509 -1.84853335454097 2.32633390973301 3.21477157742791 -7.43905886647921 -1.47268906396911 7.52030006624552 -8.8154914320346 9.50908428675085 -0.312379142779964 -9.18243256635287 2.35127887731389 -1.76775684324189 -10.9166038128084 -0.636028782230835 2.38495909097625 2.18018094144155 -1.84010361724353 -1.39816379160819 2.75975611176231 -4.9439027128232 -5.48607937606765 -2.83393883157594 4.87220241550781 3.90324068756021 4.5475213813858 inlier mahaDist=13.8837273709892 cluster1 intDim=8
2.64072414257323 9.14654220856386 -4.17328410954255 -1.66486109155598 0.644879610290428 -4.52222926409657 0.326921455707607 -3.26057341629442 3.48950384199473 3.18246530291362 -7.67732674776249 -2.13825292556055 6.4795541762171 -8.44889462525302 9.58064233159564 -0.929319239781186 -9.12880704188443 2.31600374834139 -2.46922110212164 -10.2628751227372 -1.35479844510204 0.529736953969548 2.48323236545089 -2.69538446869239 -2.41950389193285 3.26050758743841 -5.08485478029374 -5.88323927638858 -2.94288401023317 6.89034881062352 4.84919495727752 6.26154316745575 outlier mahaDist=17.4258315461643 cluster1 intDim=8
2.14885388063576 9.96451167018552 -3.45544975184167 -0.347010881112652 -1.76351367419241 -5.21157940448139 1.07788756365282 -1.41446262766514 2.59815375289682 3.8808043145269 -7.4638596012457 -1.58093194358876 6.52406694758764 -8.76366794005369 9.98116767893771 -0.360160079771121 -9.04675975154331 2.52929497052309 -1.93529498242645 -11.2009683133077 -0.280612006833482 2.23923163549816 2.05815874226943 -1.5661212321193 -1.26454409471963 2.56600785531197 -3.36776637736236 -5.53976395348036 -3.00015643214058 5.05764844389575 3.35341727754811 4.73625712820942 inlier mahaDist=10.1605806901933 cluster1 intDim=8
3.58791582590249 10.5003008245056 -3.49077128295724 -0.526420882931033 -0.407639430245968 -4.62391656084478 1.64046632832595 -2.40442335330168 3.74652440311655 3.40135252848192 -6.65532543309678 -2.64253081547176 4.58604151709562 -8.20909706388157 9.54493063039875 -1.12272478837884 -9.11048456075984 1.76277065353554 -2.44067790931472 -10.5617388410364 -0.909058562210531 0.797061846358635 1.71135222216065 -2.13075297663335 -1.05585166658128 2.09078723977939 -2.82315308310139 -5.6097108701062 -4.52186046283923 5.35349425579731 3.71135426781835 5.16853447002148 inlier mahaDist=9.63242222749408 cluster1 intDim=8
2.21988928356475 9.87010827721098 -3.72167084077034 -0.99642673376742 -0.0875823132845962 -5.12889908938093 0.825988506887354 -2.73601226577854 2.36935765550267 3.73305043175531 -7.01431791731424 -1.8926470356446 7.10732894839868 -9.39225237458623 9.72939230972776 -0.610900595439506 -9.01919115818126 1.75807191103004 -2.75663972600483 -10.9138958456194 -1.28406455853497 0.764063622608653 2.39978654621468 -2.06626506403636 -1.81838482502948 2.88323564178645 -3.61365300468918 -5.24844142994357 -3.63381833176945 5.79544610672382 3.480361661174 5.32100178599856 inlier mahaDist=4.51987523957483 cluster1 intDim=8
2.32357711163633 9.6808473787157 -3.42464087887336 -1.00169087035077 -0.867500705967254 -4.98067569902178 0.926986681425114 -2.22948590441694 2.63464726907712 3.74981542907951 -7.24421521098313 -2.09928537357279 6.24376545212363 -8.72963875513138 10.6097842557717 -0.859287815205638 -8.46545241694717 2.629279001505 -2.53393909198485 -11.2422243273597 -1.0455085703401 1.09032284665392 2.41525295024287 -2.22258726966871 -1.98500690594471 3.00731473720546 -3.08417814741832 -5.98334818711294 -2.76555754657307 6.17164221098499 4.02783398934938 6.43945391729571 inlier mahaDist=8.51451798804175 cluster1 intDim=8
2.7530549762716 9.95823010995004 -3.7826583323971 -0.149515026893603 -0.206695089812252 -5.28245650007853 0.770468693454376 -2.38377857527551 3.63696723843253 3.9839395634025 -6.88819773019471 -2.21686672653418 6.096614564143 -9.58341720356772 8.87650074142298 -0.228284509208817 -9.08099885521154 1.78965221034351 -3.60364757259169 -10.7876385097275 -0.765875802700729 0.520618082301592 1.40956074194888 -2.41031439014652 -1.8331895672134 2.54857366267688 -3.53788854446063 -4.90875718996762 -3.54351886688795 5.03188649323123 3.14697606398021 4.01204865528923 inlier mahaDist=5.48854613756707 cluster1 intDim=8
2.66850826697016 10.2277057463747 -3.32677526276254 -0.306498731700248 -0.0723483173789695 -5.28775589656964 1.0568469723291 -1.83435168747305 3.17243173601464 3.24271007833728 -6.13606716311253 -2.23638833984137 5.53089907524352 -8.54065684603663 9.45529032198123 0.215511695386724 -8.55422739788407 2.24877217790654 -2.42702304415723 -10.11472539846 -0.706446499324285 1.18615786458798 1.37114973864359 -2.54408105499839 -1.60898705832586 2.61940648646375 -3.95316069161588 -6.26378216258476 -2.84447292582461 4.51841286152678 4.07259465511629 4.89602916228546 inlier mahaDist=6.72802625322526 cluster1 intDim=8
3.24975676142219 10.8961315277287 -3.15223735499281 -0.180315155830105 -0.637298450612234 -4.88075110515846 0.923787547521596 -2.01436109015374 1.72552647279643 3.92275705604147 -6.90818572631509 -1.57584702063851 6.06050137340438 -8.3928227796464 9.93340911307645 0.0871906373858471 -9.141591376632 1.45578899250571 -1.64751864911672 -9.75524639777722 -0.874690205574538 1.93338244766664 1.94377814121551 -1.6037293445915 -0.949845304244953 2.63774347909393 -3.22756779731888 -6.14536029361 -4.14179465276381 4.23532669051157 3.95727018764681 5.03053601567074 inlier mahaDist=9.82165627205093 cluster1 intDim=8
3.30002053014071 10.3287817322873 -3.38430337873357 -0.650301345933221 -0.609919277278295 -4.61689936900551 0.697507763109497 -2.53512226054731 2.15427571118028 4.33445935071516 -7.72512643774599 -1.7632271686136 6.29756427669297 -8.8640124671578 9.98014143681508 -0.579655678207196 -9.17009165545094 1.53281508310995 -2.61967348901618 -10.4331186911773 -1.10374442039384 1.4094347161266 2.1002404502925 -1.83731680654213 -1.44266225181308 2.83615050937687 -3.04334406488175 -5.51978664994178 -4.13018088221923 5.03126375079888 3.92560168296144 5.3053853583437 inlier mahaDist=2.85877916372891 cluster1 intDim=8
2.50676368513616 9.80212983130639 -3.7735657193683 -0.833414407037902 -0.0507089463974951 -5.02094484813478 0.47730339093141 -2.69953055550525 2.525290386704 4.09059453750405 -7.53445290138525 -1.7185063069004 7.22448185544454 -9.5850289759976 9.25732971310648 -0.303772650346902 -9.2525289830738 1.59334692175764 -3.14855233706598 -10.6604939166622 -1.09621429353995 1.02766463407335 1.99725784858917 -2.13268994746222 -1.86767550558974 2.94154016956598 -4.02192434917694 -4.97922677155403 -3.61161247170463 5.16545079899139 3.57174345515771 4.52376386585676 inlier mahaDist=4.17204318243335 cluster1 intDim=8
3.60340467639695 10.5049105564595 -2.98794096114705 -0.52687817377475 -0.588016496771138 -4.59386318731576 0.91987629404998 -2.02006538803948 2.33816572155304 4.49384016177621 -7.68873721345278 -1.8710631626864 5.90586036161435 -8.99472638796469 9.47228599141252 -0.152819590100662 -9.02892285938055 1.40461993701714 -3.21412822280561 -10.340472102761 -0.800811743872487 1.97750306049219 1.15166663793412 -2.07132334312694 -1.16097293491916 2.58596137932395 -3.16892699048079 -5.36502124706813 -4.05292770783782 3.3110492041799 4.00249348480117 4.08318097954885 inlier mahaDist=8.38674967279592 cluster1 intDim=8
3.00284815424417 10.0805140262745 -4.05449291341959 0.0422916659303843 0.779530256446308 -5.29312404304536 0.223928342635934 -2.76903196632622 3.66865545922438 3.61424003742152 -6.52602149819988 -2.06856860422696 6.11495690869259 -9.24499077080634 8.40496399452166 0.430989216203166 -9.29729573591399 1.52628391723241 -3.11158535819775 -9.54294743849716 -0.913024840018942 0.219472281579681 1.38433440105985 -2.64917065909523 -2.0469558715395 2.80525288565109 -4.65217102855444 -5.46788720018992 -3.4652744569098 5.08924427850526 3.72412076766094 4.05707913441737 inlier mahaDist=11.2054723526178 cluster1 intDim=8
2.61162868104952 9.73159350079954 -3.18945537080625 -1.75769066507808 -0.141971810614801 -4.58051051559028 1.08224251880516 -2.51869326685207 2.17106144965234 3.82680022386867 -7.59670175643291 -2.06965692810489 6.68836114874959 -8.98363809101737 10.1538256403471 -0.910072701545951 -8.63130075764484 1.96827607434874 -3.03858186945886 -11.0750035482395 -1.34683095203757 1.49012569104626 2.0419965978014 -2.34279235488948 -1.72258866174379 2.95331360341848 -3.59656432160847 -5.55146542310356 -3.3782509905158 4.90803678890138 4.35963457268697 5.6569626025036 inlier mahaDist=4.69332739038552 cluster1 intDim=8
2.94090643415192 10.3379293723031 -3.76348371147354 0.00356852891141515 0.279134732987132 -5.40505708911371 1.46360160538644 -2.47488762053099 4.39912142637662 2.97786401106885 -5.38008552014967 -2.9698932856261 4.60426200245529 -8.74863707665851 9.12334126084198 -0.535493876807847 -8.69616558069378 2.00882547882881 -2.9478118175099 -10.4985895381166 -0.958658397722584 -0.390152852234937 1.51971450331325 -2.70520428526138 -1.68136813805909 2.18289408275085 -3.09625646412077 -5.72707726752239 -3.73359217543666 5.86708950916081 3.2714294655304 5.08881822701212 outlier mahaDist=16.3966723289549 cluster1 intDim=8
3.12144832368105 10.3941666759663 -2.68394546769983 -0.862220320109853 -1.39639312269242 -4.60523135780399 1.2035897179374 -1.65983420524652 1.65863548499096 4.52723338459676 -7.84745780294479 -1.76671701045656 6.14657866618478 -8.79971620074893 10.5101768032256 -0.535780503747694 -8.62593588039343 1.92081248272766 -2.77025791543356 -11.0449092530311 -0.818207467714017 2.45423945204398 1.67119626064595 -1.79486644067532 -1.10952352182763 2.70505353182113 -2.48481177936039 -5.69139339287154 -3.62640834987478 3.73734874579949 4.04781653111113 5.13223702611183 inlier mahaDist=11.4632114521678 cluster1 intDim=8
2.38393353302893 10.0059577580342 -3.75092366827936 -1.36895931869792 0.130118347785558 -4.87268310145703 1.16676426801893 -2.95604081762517 2.32010338110564 3.46762611790308 -7.0098572655015 -1.95909076891433 7.03929739420494 -9.16178845644921 9.61409098820665 -0.985745511616382 -9.28361691711692 1.4527913550594 -2.43671017569976 -10.8604930721187 -1.43421948012819 0.861013306943231 2.54179657057407 -1.89544225400731 -1.45646988165012 2.66034788371318 -3.70307767631826 -5.10286987800839 -4.31055174658106 5.78138013359778 3.51072989653029 5.26566002768258 inlier mahaDist=6.98204867757011 cluster1 intDim=8
3.29781024309949 10.1123539419809 -3.88586541919135 -0.817833140676436 -0.388444799034436 -4.52907377196782 1.3864609735764 -2.62510758638495 3.86828247626758 3.26766332610349 -7.16724924090209 -2.39375407658639 5.17640317346993 -8.17398438779566 9.35783106600371 -1.28599703531434 -9.49628587727832 1.86806587176271 -2.10522042121695 -10.5783212415326 -0.867117951843083 0.922537626570677 2.07494314635183 -1.98832172837649 -1.18480089452633 2.22268811511421 -3.56426125457733 -5.40380633237475 -4.42599871370481 6.00477088962468 3.77302927957818 5.15009427782025 inlier mahaDist=8.50040278515121 cluster1 intDim=8
3.02415570204704 9.99847430874611 -3.06227264044559 -1.38057603319309 0.413252985943592 -4.79224479217827 1.63587247723412 -2.60092117613146 3.33740934904732 3.49147383177719 -6.36024855979217 -3.01316357152367 5.20418729133306 -9.05026007143861 9.85527198764098 -1.06345698432599 -8.13832962581825 1.94208707589254 -3.92424177530592 -11.1929727346593 -1.46779428599714 0.281385809304738 1.40515774090845 -2.99107246877398 -1.80556734199531 2.53336109505703 -2.81122839539814 -5.58225934724587 -3.57422635735048 4.85985258644877 4.07159377867002 5.61830793830713 inlier mahaDist=9.99945923277737 cluster1 intDim=8
2.95496015138065 10.0329657827014 -3.48485341891688 -0.797428853632747 -0.395224923570008 -4.82247786049724 1.13558037004652 -2.43861880282494 3.16686903513244 3.63083920342736 -6.95912393113097 -2.36219230596053 5.56817992507915 -8.62885185974237 9.95780941750894 -0.871869549533327 -8.76769189840646 2.11461169302883 -2.71285697086616 -10.8062116326946 -1.05768483436013 0.810460424175156 1.99381975929005 -2.30344680554255 -1.66401632223893 2.64718878870504 -3.12126023861419 -5.75054599403713 -3.57471389045943 5.68339056696214 3.92923600502495 5.71940352051367 inlier mahaDist=2.69440949043019 cluster1 intDim=8
2.6983687955832 9.95781454346669 -3.37122896620226 -0.716460427410246 -0.623363544128477 -4.92660136056026 0.899642824081114 -2.01768613021827 2.82056146606787 3.56114314553325 -7.0487784669185 -2.04695012426648 5.81618691251155 -8.35796426003909 10.143922345639 -0.382260022954329 -8.63450625498701 2.46766608442519 -2.20483001300706 -10.5185932333241 -0.821681234874737 1.43696896471419 1.96992174840748 -2.27024690361803 -1.71785588350381 2.86371950906525 -3.62444030818288 -6.25786021788478 -2.85578533662785 5.36121205819037 4.30663835441272 5.81341298221825 inlier mahaDist=4.43188420246393 cluster1 intDim=8
3.73506973343689 10.2365106544543 -3.71267642585714 0.594135559019377 -0.676948430517617 -5.02848467444537 0.0149249776272331 -2.67705267674765 3.40106607444132 5.04677738643323 -7.60445308214301 -2.10080298247119 5.56078470835962 -9.5747539595765 9.50456543880494 -0.188772500938937 -9.03725454103581 1.64646054038639 -4.0219623364436 -10.4485089130686 -0.882433644121181 0.0981334856528308 1.5485320622759 -2.34155300298058 -2.19738825748246 2.94507249637612 -2.38639688734406 -5.16519348235334 -3.74197784351228 5.55628077633317 3.33906052136793 4.88712725174109 inlier mahaDist=9.42923569702908 cluster1 intDim=8
2.25092107690183 9.88307392405491 -3.69418158441842 0.16419577121341 -2.17033163441439 -5.37188345347732 0.659039597306998 -1.73569143605285 2.66726191361068 4.95883598362116 -8.14238255698392 -1.44111174161599 7.13800249377741 -9.9822995934953 9.64954783963536 -0.487094986958959 -9.36223532427832 2.0732335645968 -3.25470084982705 -11.8629281173803 -0.288657490024474 1.66912548243364 2.00106937581734 -1.38176013389498 -1.52671975570514 2.59661418674416 -2.50330920255083 -4.32233786296048 -3.51991453395454 5.22584466842553 2.32337241478839 3.88217341442535 outlier mahaDist=19.6337477641805 cluster1 intDim=8
3.2814395918654 10.4751646166911 -2.97839626104308 -0.845619497416183 -0.654071072665695 -4.64705962218642 1.32644951557516 -2.24475051450915 2.25132306000317 4.03874439379575 -7.10596119638353 -2.21150080137181 5.60765321032836 -8.65371083713661 10.3477161742813 -0.814005355502103 -8.63677325356253 1.7570746867018 -2.74564224589539 -10.7945483857231 -1.16606923290314 1.36568332862708 1.88164048078577 -2.05636290311802 -1.27526678810393 2.60786378200317 -2.44231485704585 -5.81039663998749 -4.01858949392236 4.70166956266133 3.99620894463285 5.68475385211208 inlier mahaDist=5.07390268128187 cluster1 intDim=8
2.7246592591572 9.98010208342218 -3.80761218788098 -0.148231562975299 -0.255651191198621 -5.2335594785693 0.648568713625981 -2.36349031405667 3.48210064320261 3.56762045638774 -6.64991030259527 -2.17488406522968 5.75068884203737 -8.77644405150324 9.52607208990239 -0.208653714605631 -8.88884700599451 2.23043985425299 -2.58568527575851 -10.3454649784252 -0.823304560662736 0.533038989974742 1.90358159331696 -2.38880418889069 -1.9577934232951 2.78473602149963 -3.68244327669792 -5.87485949894391 -3.09187098687389 5.90265527225225 3.74704532740307 5.33817217919341 inlier mahaDist=3.70551254250319 cluster1 intDim=8
2.51826707891278 9.95807937773059 -3.21477986574633 -0.410251521812818 -1.71153867404742 -5.04395420996715 1.10470090963589 -1.37657761813684 2.78160914557038 4.08449612302172 -7.57617795296777 -1.82722268373706 6.02451242212797 -8.74186288948549 10.0942105888222 -0.419008291463735 -8.7605915042473 2.59042443782519 -2.48219597432982 -11.2565274449611 -0.323341568540083 2.17450480334977 1.70699676056265 -1.86849452416159 -1.37820026613826 2.59729411446445 -3.07057198281441 -5.63452155933236 -2.87119387429354 4.67723032590864 3.64053568856905 4.84570245976461 inlier mahaDist=8.03509202295095 cluster1 intDim=8
3.54275018164298 10.2406503332043 -3.63598661510565 -0.613368863817757 -0.474756068628733 -4.45452709358637 0.598979050373425 -2.6562284739068 2.70941839758966 4.12584512832123 -7.87226793180454 -1.81357815551901 5.9491999850091 -8.51165027873239 9.68443143728429 -0.650812167184237 -9.43965054623208 1.58708866284529 -2.35782905400567 -10.1167665963332 -0.987583626719374 1.35727935821672 2.07442565346164 -1.88388292127707 -1.43885787950417 2.77777873237979 -3.51206553201412 -5.58588725821355 -4.20103982185513 5.34018393483039 4.13287443284252 5.23163253514494 inlier mahaDist=3.2733055346264 cluster1 intDim=8
2.5225970876941 10.0796553948184 -3.60752540699413 -0.440344569305673 -0.0130966536626053 -5.32671275386618 0.922640195997298 -2.4983276594919 2.98471384258935 3.79639522347825 -6.52209584824851 -2.20895699774938 6.35265560368872 -9.51706419380233 9.35539482991849 -0.296914154438052 -8.8299426275238 1.74212112946711 -3.30544846071461 -10.8011068282408 -1.0856706333469 0.446404499044321 1.76303517409658 -2.36480452194032 -1.82083362485799 2.66627146446023 -3.32308601637062 -5.22909141796663 -3.56676462064681 5.21362845787525 3.2744015963191 4.73341842628353 inlier mahaDist=3.09366476376844 cluster1 intDim=8
1.87381453619999 9.06138917554279 -3.79350446895887 -1.83389724714646 0.387129579647285 -5.02713314242411 1.18559515099639 -2.65114939071228 3.60748656483088 3.40831115864892 -7.27303465715162 -2.40378267568654 7.07618155380623 -9.82819392125421 8.86490916700409 -0.945505390322477 -8.8674976132495 2.09818530614395 -4.01145688080914 -11.6798835933699 -1.11840483880269 0.768413696683931 1.59546616302308 -2.7887726242251 -2.07068066538902 2.66916095776369 -4.5538286325532 -4.49109122389937 -3.0538201505837 5.13993838336184 3.57777781882013 4.17761677457192 inlier mahaDist=14.4248236649368 cluster1 intDim=8
3.70269991891383 9.89812560141156 -4.02168879004611 -0.274573615214829 -0.793252829383002 -4.34916263265034 -0.158145273924734 -2.67282388068788 3.07393578015127 4.51198029185924 -8.79628576257842 -1.43336843492799 6.18001332230522 -8.46241801677355 9.42138454353889 -0.39689369890835 -9.84213169507241 1.80477248522563 -2.2966162351113 -9.80533800804069 -0.651945564518378 1.58348127756308 2.09198174288908 -1.81829738028042 -1.76379819156694 3.06523720289032 -4.15253627917883 -5.51362564399479 -3.78687641577345 5.72782266401731 4.32799993044777 4.97490210504716 inlier mahaDist=9.26424792064514 cluster1 intDim=8
2.8792177716655 10.5436790279115 -3.51087859353704 0.557951909380084 -0.562820521632596 -5.3955244282943 0.0567736323962382 -1.90416453021073 2.16929892061873 4.01983099531036 -6.75729231660545 -1.38335405230001 6.29753870907983 -8.62597252496315 9.72203789148999 0.920075699310742 -8.98564821339252 1.96277725576788 -1.79793541595014 -9.34933756392162 -0.608831708115927 1.47254800213741 1.85571886114143 -1.954416423342 -1.72795987901449 3.09390286807067 -3.8714635608455 -6.50397993218855 -2.91835797279765 4.81114458779567 4.00182635428916 5.07700849265722 inlier mahaDist=10.9249059412366 cluster1 intDim=8
3.23039616122217 9.76489357956258 -3.38374974405624 -1.44885565538588 -0.338612052094051 -4.30987363338475 0.872659528507224 -2.6280725019271 2.74183912814495 4.12782679418471 -8.15047494672371 -2.07765364043316 6.19372428582307 -8.83033630030144 9.83546856960081 -1.0364562339128 -9.01697999867472 1.84249671046895 -3.17244109588035 -10.866156900934 -1.14919455218314 1.47709987470397 1.8594789757891 -2.27453156633892 -1.65859040666806 2.85101938467461 -3.56660865560788 -5.3183203989703 -3.75448540642311 4.98567606161526 4.36909437767426 5.28554948432282 inlier mahaDist=3.05593978509373 cluster1 intDim=8
2.76513881859134 9.39072449654262 -3.46573993221149 -1.13779151321443 -0.994761852624794 -4.55191966671946 0.656805194338094 -1.84080533462994 3.18943854279872 3.98059068830705 -8.40166585182197 -1.81178623121826 6.23236732835812 -8.55283471165587 9.68379901480537 -0.528323924698826 -8.97773626740371 2.62755179641186 -2.7452549977968 -10.8727204150236 -0.45703766020029 2.26552075752244 1.58166380106628 -2.29067710267716 -1.76146899861402 2.91174669652779 -4.35694517099267 -5.6126673440902 -2.5830405779244 4.74359484838905 4.52485085415996 4.81788449928227 inlier mahaDist=7.83033008910062 cluster1 intDim=8
3.9026159555979 10.2144773801189 -3.36982397143312 -0.910731352817267 -0.587499558213226 -4.19034020309397 0.626985776682906 -3.0891434512577 2.42032158390268 4.66816430134859 -8.15286088839591 -2.15386558095538 5.65931991126694 -8.74299455464705 10.560358245411 -1.3340415996184 -8.97363788962843 1.56676853972693 -3.16470211611781 -10.7143077541277 -1.49568148324205 0.707128214302045 2.3652202388858 -2.0582362889618 -1.77511265785084 3.00142550841272 -2.18793457535181 -5.56082593173209 -4.40707680275775 5.99163105165273 4.22961702087305 6.48489640204258 inlier mahaDist=11.6113494130989 cluster1 intDim=8
2.92354368695171 9.90285708174391 -3.5719505333188 -1.27582876718715 -0.415718497885469 -4.58621640970005 1.6856955119455 -2.4298613120178 3.70525982230423 3.06229298829523 -6.89889356253531 -2.64190689460616 5.11310191332211 -8.1299751220729 9.91357857317394 -1.47339548358584 -8.88793022917409 2.30651624307838 -2.28482698336479 -11.062608197984 -1.00771178719528 0.93800129521292 2.10034761148522 -2.26992511649053 -1.36697666808747 2.32618912257617 -3.31781423115843 -5.72999773482673 -3.81059551677642 6.02441843769173 4.03472498828801 5.858691547503 inlier mahaDist=9.48442863225031 cluster1 intDim=8
2.75900918642161 10.1236104979951 -3.6487914538233 -0.447425725214623 -0.506958536154262 -5.011513273962 0.878027865964815 -2.19759880182541 2.93713478491295 3.72503507260522 -7.13392110440128 -1.87100833921141 6.22441827850761 -8.83361242476653 9.36709117464685 -0.29205951850916 -9.22855236734642 1.87774840923261 -2.39011669288622 -10.4473078308147 -0.731820584464918 1.37321578081316 1.84347845392042 -1.98493443253993 -1.43566462737371 2.59698206064567 -3.80216464931224 -5.47565166884576 -3.63690313691145 5.03526984896659 3.64386508836541 4.59885379533762 inlier mahaDist=1.75535471367953 cluster1 intDim=8
3.33969026303244 10.1319890462953 -3.85589160606835 0.258703305177103 -0.228105470117152 -5.08325548224434 0.521168087000514 -2.30037533902961 4.08190827450108 3.68950936403851 -6.78190807264485 -2.27817451101817 5.03915620612599 -8.54967836898818 9.10564362980855 -0.0317837432149648 -9.07760529321657 2.13139990505846 -2.7278862552914 -9.91137713090831 -0.590145306358612 0.537825339477634 1.44667858353721 -2.50400777876479 -1.8711127037753 2.64511614478532 -3.7912229064895 -5.89188794599514 -3.26400893155092 5.51811143330219 3.88213832065592 4.82569753229791 inlier mahaDist=6.57093133721521 cluster1 intDim=8
3.19221266569766 9.62152158384541 -4.00961111002291 -0.398839434614494 0.542063962938677 -4.97584224756345 0.477225201952431 -2.86331768290969 4.59414019159572 3.32143844204329 -6.60160995853664 -2.75699919047972 4.893018867592 -8.55803388572003 9.26736689528455 -0.466395667624739 -8.69216974529045 2.42092917911711 -3.24715590730642 -10.1150930391007 -1.03490519396603 -0.344862139765492 1.61770111380862 -3.14027162453758 -2.50128651803344 2.90690074307098 -4.07117172523779 -6.06111627072994 -2.81096055322169 6.47962386297481 4.35008975248747 5.8033768256895 outlier mahaDist=15.6828148080891 cluster1 intDim=8
2.63391792896442 9.33087974805817 -3.85784815415298 -1.02593794518848 -0.69497552356448 -4.7088716589881 0.92417587725454 -2.08017556623029 4.09496928905731 3.31276666924757 -7.69280059914398 -2.20693514169086 5.65396997331302 -8.26271171494613 9.46122757244084 -0.843702155022183 -9.06691521018272 2.80263246538122 -2.40084953999634 -10.864530820641 -0.481489359021366 1.48302476967158 1.80107503138921 -2.41410257991463 -1.81265927151009 2.6696339737643 -4.4722538884893 -5.69277859728196 -2.7064170695206 5.83585459885118 4.29297921155103 5.14743781893244 inlier mahaDist=8.48658828570998 cluster1 intDim=8
2.64350406016939 9.63880246722503 -3.85660948978443 -1.13072812215719 -0.151761194938119 -4.72644177100729 0.567399606417394 -2.69250019487489 2.83662758188242 3.81182464913249 -7.83126007773325 -1.77236109300621 6.87958384850418 -9.01206531104762 9.37443620373744 -0.618739448429671 -9.35927755640556 1.85815682677744 -2.67059626252264 -10.5879602569239 -1.01258753568885 1.28962385158333 2.13351741577198 -2.11729233776065 -1.78968369158995 2.91315385959346 -4.35107846189422 -5.22766639286167 -3.54156170745111 5.52591574560305 3.99358450570663 4.90335921040664 inlier mahaDist=3.56635266475732 cluster1 intDim=8
3.25228648749778 10.2312859758872 -3.36549810203681 -0.859914189475187 -0.128467465049474 -4.57928981770892 0.536505187771667 -2.55786998693424 2.11413900744381 3.956628241899 -7.51811625140888 -1.75711316525034 6.25271553868613 -8.48574067232196 10.0001884908404 -0.287464893867542 -9.00662121858148 1.71023377357783 -2.27255340677292 -9.91876856597007 -1.17690739001891 1.4832667052929 2.07207956907094 -2.10815943503934 -1.6184800309913 3.04481384003026 -3.75879371051924 -6.09845363387225 -3.64952429681622 4.98559504919623 4.55393025560731 5.68017334844168 inlier mahaDist=4.03757199207938 cluster1 intDim=8
2.44869236883345 9.40478428483685 -4.17579279231848 -0.699278028045351 0.245558400056357 -5.06748721476194 -0.0615069207326169 -2.91398005777569 3.19464753544467 3.7487095847048 -7.49437099300433 -1.78576960806475 6.93486239421639 -9.13611068662789 9.30838353556842 -0.150334218177824 -9.18010737893112 2.14231929833885 -2.80255375285568 -10.1932859344332 -1.06064984699205 0.522257498652298 2.22782138585325 -2.49376703736544 -2.47774756792481 3.29973642585785 -4.74612915792211 -5.60187572706727 -2.78592186229293 6.35074085625665 4.11786287591067 5.37443028498409 inlier mahaDist=9.32467837110337 cluster1 intDim=8
0.90894682429336 9.57178925370519 -3.67264553942944 -0.682144668572002 0.116141095507047 -6.19567611748751 1.74798192052018 -1.63847355724515 3.82345151476056 2.59248319662882 -5.16442249273942 -2.53046815825826 6.70515529025219 -9.83835288783511 8.66403822171777 0.0361644682278144 -8.40236171285731 2.52806109518993 -3.26131994376962 -11.6080376319379 -0.600208344264956 0.605728359861819 1.29349376539547 -2.73348464657943 -1.77750555698623 2.21857774341943 -4.34686873554319 -5.04202457146004 -2.35180965652813 4.7379167461675 2.64543669214942 3.61471889368518 outlier mahaDist=27.4699998964377 cluster1 intDim=8
2.63325109193814 10.6972214171094 -3.29946398847621 -1.13057713230734 0.0963273317867201 -4.90919915859353 2.07112487366297 -2.10597771518547 2.50714956564585 2.63378162656563 -5.95967569197751 -2.16412104109154 5.89460824189729 -8.21935637333015 9.30027450650799 -0.5923215940923 -9.21670135743071 1.44675409889258 -1.39649210201488 -10.2669986541725 -0.996511591005667 1.74764458879736 1.88211247252602 -1.78557132656255 -0.485490413317141 1.98497801565842 -3.93179976058738 -5.74685447584851 -4.56942238731578 4.25414456835318 3.70002864963866 4.51502245243619 outlier mahaDist=15.6199527791784 cluster1 intDim=8
2.85816623145789 10.1707538409117 -3.53655182900606 -1.20928503446119 0.145678753014541 -4.75898223949752 1.1054123472127 -3.08606916206964 2.32418724411785 3.78780990873016 -6.97094218312222 -2.20530931145755 6.46806852332925 -9.15268918963556 9.97654537188939 -1.08328367025964 -8.97244404778868 1.41376353367618 -2.8983320305816 -10.8447189050188 -1.61912871390559 0.462748272172817 2.43441240886788 -2.10301564102666 -1.62669473500986 2.7551190789477 -2.96393003958396 -5.30764242560624 -4.37624440129072 5.83189570805383 3.67525039890442 5.81838134954925 inlier mahaDist=6.23038186119849 cluster1 intDim=8
3.13876475751788 9.75356376411863 -3.10836583370625 -1.53843888196621 0.150601000088898 -4.52924023842816 0.794283043356367 -2.92820599599781 2.3909383594829 4.51141643080667 -7.75472116747559 -2.36729452503309 6.42225128140465 -9.6378336454387 10.0727191061906 -0.964645987465917 -8.41815441037549 1.64439161588597 -4.40034459113252 -11.2303553186813 -1.62311611517626 0.669913401742212 1.69206206559023 -2.73453921161991 -2.13906688437973 3.0912743849253 -2.85400075717062 -5.150335558165 -3.5908182765819 4.80246610373576 4.20970898957964 5.59148625641071 inlier mahaDist=8.26960287911129 cluster1 intDim=8
3.63787666036368 10.6102334495396 -3.5043484527705 -0.457784219769418 0.222418364150107 -4.63005311690545 0.54759711574845 -2.82778715991967 2.27200326326083 4.09739889344818 -7.26759215149639 -1.79298070968909 6.14995215098264 -8.80355845528073 9.36562048130728 -0.148355780692876 -9.39024071781432 1.04815778981918 -2.55232912864785 -9.59968315226057 -1.23094352305456 1.10432609484318 1.83802263287572 -2.00533872708804 -1.37946698437758 2.78723310047383 -3.62555174000782 -5.6243717263888 -4.51176280490845 4.62172545864356 4.07644655961047 4.82731638813168 inlier mahaDist=5.49639578758298 cluster1 intDim=8
2.82352935154907 9.73237937003417 -3.36145623808881 -1.13697264359463 -0.810079195679453 -4.56206568274714 0.458478279659737 -2.22235699665151 2.08098473583015 4.45987099612631 -8.50028074650799 -1.47942109446642 7.05879421922141 -9.07784168678899 9.84872419713044 -0.421388523614868 -9.12751312230886 1.93224707907954 -2.8884565931782 -10.7597286935478 -0.857565675652889 2.17406379865029 1.89889854767172 -1.96662660194662 -1.67060122041423 3.07573225836161 -3.90344735805728 -5.32512487114612 -3.2805433198255 4.52496111920796 4.23899945570858 4.82155424244114 inlier mahaDist=6.645974004591 cluster1 intDim=8
3.42503734678981 10.5055615238693 -3.62286467800396 0.129808768496417 -0.703619153842981 -4.94068908464309 0.950742014815047 -2.20833719807214 3.34361086902778 4.09829392390882 -7.13136060887856 -2.04397840230603 5.50886934302778 -8.91687269261102 9.09372246927927 -0.337935313597041 -9.41793173969315 1.53021900135479 -2.78009621193104 -10.3594401164304 -0.609665635620771 1.12173642046539 1.49597149503555 -1.90339268668684 -1.20254091668263 2.30826075073981 -3.10426789643523 -5.17032510413934 -4.30874913434261 4.73075151222122 3.27171148135351 4.07099703572882 inlier mahaDist=5.82209051156711 cluster1 intDim=8
4.06989720843512 9.88037000565475 -3.47901473528459 -0.681739269201236 0.202231599499071 -4.28833442172342 -0.126999950122044 -3.03316190715642 3.00500927086628 4.74404307789798 -8.28533613535068 -2.09742807025508 5.69637689884531 -8.94785867806594 9.68387150876728 -0.353672555181882 -8.89511062610603 1.66158149322062 -3.88498679901364 -9.904410445463 -1.27721218590687 0.688660426669137 1.49827916789082 -2.77980964002969 -2.34788431065218 3.34075175300426 -3.5672701298708 -5.73065013526118 -3.45068540345826 5.05850787858257 4.85168432305024 5.55058747615549 inlier mahaDist=8.29516438760279 cluster1 intDim=8
2.07869383990954 9.75778000772018 -3.47215440771862 -0.745569850807192 -0.0122610885644233 -5.44951922738647 0.668368677089314 -2.46720673032676 2.43607702732901 4.23683852743987 -6.94429501313804 -1.98146771621724 7.33919230218346 -10.2601870462112 9.38028197040709 -0.109349959869051 -8.63829665626977 1.72869860060538 -4.05790218740661 -11.2435285269078 -1.17848785234838 0.648224923093759 1.66570694234983 -2.47514643664677 -2.12757586193491 2.95458826222063 -3.43891206421279 -4.82684159850171 -3.12631332358051 4.72100554847348 3.18250680843782 4.39024077250249 inlier mahaDist=9.11496138187501 cluster1 intDim=8
3.0782571601167 9.66100968453955 -3.62420617915037 -1.01886982296528 -0.184818229891806 -4.65704736430447 0.908936292219906 -2.72231469554708 3.69052559409941 3.52042188557278 -7.11259163952355 -2.63922186362021 5.14984764989014 -8.36117788160393 10.2420822200373 -1.15268044878917 -8.52205991094548 2.52866552403266 -2.89618093787251 -10.8185606391987 -1.20618595833557 0.307216380638603 2.13740943733649 -2.70609940081572 -2.16947757581333 2.90853485026094 -3.22883608927467 -6.09698432335882 -3.07482926389305 6.58707962436103 4.43408455123103 6.65849941773284 inlier mahaDist=11.5090858509239 cluster1 intDim=8
2.09988692870428 9.95131794876678 -3.72644771944105 -1.22457593142977 -0.143421218102699 -5.03394872435316 0.981456085183745 -2.75101822361761 2.03679894300899 3.39687302425866 -6.91640513883417 -1.78745766106635 7.16392203897603 -8.93661908209716 10.0656809951622 -0.777201659897442 -9.07987053941392 1.83039216607491 -1.95201602917746 -10.7789316256985 -1.36427208030249 0.996175789464064 2.82057091235562 -1.8331090166703 -1.62336617099208 2.88538438811765 -3.7204783424363 -5.60524625886702 -3.74090922827858 6.17978779707072 3.68532916979721 5.90815096155714 inlier mahaDist=8.97302313924725 cluster1 intDim=8
2.74262568869564 10.2306134883388 -3.33510973224642 -0.228481753629848 -1.03412826221032 -5.17676867128861 1.20696366663896 -1.92886879167617 2.98096976124295 4.03853108621619 -6.89582883383633 -2.17329631456806 5.79534020337363 -9.12173264325633 9.82303733407339 -0.529581319284326 -8.76725576675996 2.06783787296258 -2.9910607288468 -11.154344126675 -0.716702202088462 1.12771652790898 1.70624843129962 -2.04397144614906 -1.45659272824809 2.4667080261438 -2.6120357673655 -5.36219883593764 -3.55484727352842 4.98412429591475 3.23274183805644 4.84462516261831 inlier mahaDist=3.70987457720371 cluster1 intDim=8
3.1379789839686 10.3462014387616 -3.37635582014994 -0.423946089952986 -0.721629386902429 -4.73824730255463 0.597035340894188 -2.03894892666895 2.22219099188678 3.92261728452717 -7.51811638957736 -1.55089304559794 6.13802035461494 -8.27582611835859 9.89852644226427 -0.0276158508442659 -9.16161189615824 1.91972261651883 -1.76819439271936 -9.87354967837894 -0.727895546304699 2.01932138029254 1.96320883323314 -1.82333287538114 -1.3398995721528 2.86832234000575 -3.8285453312592 -6.17081464119709 -3.48969358730743 4.7163728962421 4.33474752448111 5.2110923902916 inlier mahaDist=6.15372589142661 cluster1 intDim=8
3.15286762784931 10.262670434091 -3.63226219157683 -0.64349373111215 0.705910474673653 -4.89377296964873 0.288593081764132 -3.1526385701014 2.28668780822574 3.83349975084622 -6.78970715936929 -1.98245368324299 6.37355188380983 -8.93513180307277 9.77086383324002 -0.124260417271173 -8.90383670893098 1.42997793985557 -2.71974907684987 -9.6820574635789 -1.58227723225119 0.28492039576019 2.20748343307715 -2.43577234588182 -2.06914153922775 3.19521922651327 -3.7316147238471 -6.04952423589536 -3.74554851751122 5.67081208862231 4.29961418335254 5.95422459036538 inlier mahaDist=6.98621475227705 cluster1 intDim=8
3.24368704781185 9.95291510600942 -3.0737698374766 -1.43798918229307 0.686814941801054 -4.50533524455775 0.799936863366205 -2.35683558990932 2.62409569309037 3.66946332408434 -7.33078618203081 -2.12767729879539 6.08435309789206 -8.71601340015375 9.25433878957016 9.9547400327582e-05 -8.67224209068332 1.7143109276877 -3.24341433844821 -9.90988611178321 -1.13406609107936 1.71633180971667 1.05163201300898 -2.84707509783106 -1.69026046768815 2.92771656160428 -4.6632258957442 -5.92420600039172 -3.1743200703802 3.41957119986913 5.01373999579084 4.59095549133128 inlier mahaDist=10.317184216978 cluster1 intDim=8
2.87476300692811 10.5088129828699 -3.52807435322821 -0.211555089233675 -0.0841128507572199 -5.20679022089903 1.18482223072749 -2.23544015518856 3.00296639836599 3.49283817191436 -6.28457128624341 -2.13947259637585 5.83220600302578 -8.91156125319543 9.15455840521428 -0.127541078827921 -9.09530201850457 1.57114095027685 -2.50660554458302 -10.2445573416753 -0.863846954206747 0.947245001428986 1.60994143472479 -2.10752389011917 -1.26033366948634 2.36156245993012 -3.51373009969497 -5.52790747026864 -4.00515550109459 4.67358856046261 3.40203394536642 4.38078600720875 inlier mahaDist=4.60636128857428 cluster1 intDim=8
3.29246316011885 9.72177535872452 -3.77638665967487 -1.30044103901121 -0.408921151877215 -4.23861714238002 0.724501283617533 -2.77681179752794 3.05847379299471 4.05622728340204 -8.45369415703643 -1.88158728007079 6.33671788791307 -8.72050772398752 9.41398991536008 -1.10356086883804 -9.57873425769932 1.70550530759287 -2.76823026900247 -10.6588968772018 -0.981307328726487 1.54217987572973 2.02963798020775 -2.00055403049837 -1.51697089779695 2.74122372331578 -4.01570963844664 -5.03877584915172 -4.11715118241751 5.37499215610646 4.17841979139239 4.86056192935285 inlier mahaDist=5.24785278720241 cluster1 intDim=8
2.17210672911299 9.69777141950748 -4.29175021441044 -0.374899708580601 -0.240943410860648 -5.36264387379578 0.860345175300335 -2.4694733899273 3.86239883817282 3.42488045733181 -6.94346232127213 -1.96937247523888 6.69858802367629 -9.41379091296615 8.50778918421597 -0.430092574039697 -9.63865097987419 1.87818400752896 -2.73146292501565 -10.8393262150665 -0.61023724550577 0.713343831651624 1.89965080812404 -2.04498849120858 -1.64770172491126 2.40320916430593 -4.40540191130513 -4.65072927160221 -3.67498718798254 5.79205099942473 2.87041297517825 3.74200164900526 inlier mahaDist=11.2739145574826 cluster1 intDim=8
3.30033039104781 10.946775076487 -3.1200487517428 0.629905650341384 0.472054420872843 -5.50843481112975 0.0613174694970127 -2.28806723526562 1.86202689772947 4.16726018820652 -5.89021822865268 -1.80570420631903 5.95071444420921 -9.07675991510787 9.69042276493508 1.27215975941648 -8.42716202553248 1.4156630909129 -2.80755948472427 -8.97579116813123 -1.16806419345329 0.58753576797794 1.39108933081771 -2.54146204356396 -1.97745748189361 3.20391831358929 -3.33775524581713 -6.68640233475908 -3.14478415746034 4.06767304157058 4.14741054728456 5.22638975006994 outlier mahaDist=16.5271444968727 cluster1 intDim=8
2.87023627358694 10.7125415145128 -3.43619958973314 0.0492429192233739 -0.374311218977152 -5.27195972283998 0.672402372563481 -2.46466318147767 1.91279872970592 3.91515319953637 -6.37313384633533 -1.79518030019073 6.22285592673691 -8.83719479606415 10.2048673303481 -0.0152236841822571 -8.85930673727296 1.6078995835143 -2.03751571579155 -10.0297089147216 -1.20340430123468 0.720615633944767 2.38857310411961 -1.83736877465695 -1.57415634909343 2.88725883214915 -2.76837442872585 -6.15474431953864 -3.8539937147104 5.59782821619588 3.57876032695194 5.89983561546806 inlier mahaDist=7.66333073086038 cluster1 intDim=8
1.73841460530587 10.0358175065116 -3.30361064991915 -0.944548639615586 -0.978991556108172 -5.32790063873978 1.18673486005492 -1.98305046376593 1.62844008582222 3.68038513542678 -6.84230025069692 -1.66428745005674 7.24090047949575 -9.12230793510037 10.4804492079794 -0.507125489886165 -8.66749299300107 2.1986683259243 -2.05111204802446 -11.297240562242 -1.03448259978051 1.61251681428579 2.58975897646604 -1.69315974380861 -1.48843905126005 2.83537941805402 -3.10654981698667 -5.69302614690403 -3.18224831115037 5.45523275865866 3.40784313618464 5.71159062540062 inlier mahaDist=10.9110791360493 cluster1 intDim=8
2.83402239176907 9.95745068865999 -3.93066186691648 -0.770382748048185 0.597783976379976 -4.96463028592345 0.55390473623941 -3.09157038020993 3.05157063041216 3.48622903720304 -6.77493639775098 -2.1409538275166 6.32068742027515 -8.95657201082733 9.36523421428578 -0.440071277634649 -9.11706383262213 1.65633168524746 -2.70580799333637 -10.0918918030521 -1.36211033681907 0.213191190940559 2.18746786547193 -2.43626629100607 -2.01077851895611 2.92981264867836 -4.07595396844381 -5.64680374009617 -3.71267681867174 6.05454111736625 3.97008701690784 5.50131987864299 inlier mahaDist=5.50734243018755 cluster1 intDim=8
2.94892818350328 9.60264278724861 -3.96236884155324 -0.826363268833201 -0.26250255629458 -4.71677490456494 0.574289866887705 -2.80641629869549 3.59415589779353 3.74817920360465 -7.59268495916047 -2.19194394853423 5.92544156367193 -8.71620028207401 9.65141449681756 -0.918234066836502 -9.13140735617507 2.20183111089749 -2.7986580231959 -10.6658511507816 -1.01990520495001 0.582623719001009 2.19056842297873 -2.36379706927437 -2.06100864516479 2.89709934545816 -3.79314571574099 -5.52534851901809 -3.38285752703909 6.45067336413539 4.04847633988288 5.69166635316016 inlier mahaDist=4.89646580335129 cluster1 intDim=8
3.0361973271407 10.3133833319569 -3.2062075287479 -0.308664282330568 0.168919954527656 -5.20707503300706 0.514087978331491 -2.67276397973999 2.27558815982272 4.49287156683798 -6.71552065573468 -2.17791174667348 6.32438082289111 -9.79395841998766 9.80718072790394 -0.00421018826164388 -8.42975648755124 1.47027074475189 -4.01019813057959 -10.5425579660012 -1.41320068420554 0.264610177618274 1.58385613037818 -2.59317084634805 -2.11831473317422 3.04765212450996 -2.67003041471496 -5.48897493813924 -3.5189478579406 4.68744711226728 3.63956669946646 5.20727459208256 inlier mahaDist=6.19787394840558 cluster1 intDim=8
3.22507526819167 10.5363249864502 -3.42004490387317 0.0709361224896475 -0.752295020164885 -5.03651573076713 1.24998541111587 -1.76862988690889 3.44772542421713 3.5629097973717 -6.60594778661522 -2.18122398866807 5.04414475922207 -8.35662062488484 9.32683146754284 -0.173864050949378 -9.07460537801988 1.98260408902972 -2.20980740426974 -10.2227298615031 -0.447244249310861 1.43553063014849 1.38759701543538 -2.0435425184177 -1.09527887882493 2.23779193301101 -3.33649491364855 -5.83356799117716 -3.75075746445377 4.5456604399442 3.63984995266188 4.43042398580732 inlier mahaDist=7.3254833752955 cluster1 intDim=8
2.7969690980406 9.6249521302272 -3.55408620552393 -0.479826646700293 -1.5711884022868 -4.78852452639012 1.21689282075984 -1.17963383307099 4.2331520346781 3.53706518488347 -7.82870733231756 -2.05659553187225 5.21884500129453 -8.12992922635071 9.20636200394845 -0.486348246558203 -9.15599052175127 2.91810348206985 -2.26987148479774 -10.9504594643728 0.186335692777053 2.4798304650094 1.15821627907185 -2.12920664932373 -1.24194575864294 2.27290569990427 -4.25352776845767 -5.57617555720646 -2.67313135597159 4.50702712118107 4.004178279751 3.96891925347452 outlier mahaDist=16.4139043021014 cluster1 intDim=8
2.44292904212088 9.87143278311509 -3.57138148732313 -1.40755540853034 1.05176758136352 -5.0437834844822 1.14089554833086 -2.91335790504704 2.96061823628512 3.01704478243846 -6.16677650593781 -2.4856916355654 6.32296602779184 -9.05522583902649 9.3740848325775 -0.512850750632065 -8.62510546905875 1.75149516715091 -3.03047519813617 -10.4473983406687 -1.53667652327496 0.29533225981856 1.87676606053379 -2.80144052630035 -1.93111380982426 2.78896772304388 -4.21591666911308 -5.70827136160103 -3.44483511330611 5.32813408629909 4.12412832387249 5.41778516060262 inlier mahaDist=8.12317693231834 cluster1 intDim=8
3.05904598216316 9.88309688631931 -3.573323543393 -0.550835129857958 -0.848232998407754 -4.78011896176777 0.862097249736772 -2.18967653294911 3.34977762754168 4.22043260106042 -7.80249349440824 -2.05198748382815 5.96340921982142 -9.09757260455046 9.37345447832317 -0.659044768904067 -9.16641543191064 1.97665914085613 -3.24930868451737 -10.9826010086201 -0.649915342696388 1.36398044382744 1.55537543981181 -2.13755102676143 -1.57563481862915 2.5756549849825 -3.36658659873245 -5.02757709062777 -3.62299309589574 4.9023440159094 3.60112171907464 4.38599805195739 inlier mahaDist=2.54618072246573 cluster1 intDim=8
3.00587676994454 10.0746844915491 -3.9280770818318 0.153570756959324 0.141962816716962 -5.35201785020395 0.378162469810472 -2.9460325972268 3.56892464994749 4.13689441069793 -6.57800680906071 -2.36431846411628 5.8717748541693 -9.62168251433703 9.29227180861882 -0.267325499290288 -8.89630553678628 1.69758382778644 -3.7327739155689 -10.5031773154376 -1.17793507942997 -0.502620278522383 1.82131745296231 -2.57625848530893 -2.30163090560243 2.85997541020398 -2.98691889559106 -5.25716296282203 -3.61154886935602 6.13150081061675 3.21340022839683 5.14066634643938 inlier mahaDist=8.96176946526493 cluster1 intDim=8
2.13263171376485 9.49857139263239 -3.18460394865901 -1.09010504293827 -0.976749489310778 -5.05775032943425 1.11128285511843 -1.58016492711439 2.95949926638524 3.61049679820374 -7.26827872846929 -2.12665066139987 6.13581146317431 -8.72088765590157 10.1967943271996 -0.468081684102902 -8.28015206103578 2.94483463408216 -2.78692205213365 -11.3307099150068 -0.619078487664562 1.81868822107826 1.68526738381642 -2.47705884904734 -1.8692659400158 2.86365564512136 -3.69944364074044 -5.97355027742334 -2.10991232931203 4.92611137113648 4.21684585978263 5.46681811632412 inlier mahaDist=8.66889299910838 cluster1 intDim=8
2.53395612240389 9.59953577218877 -3.85992185498175 -0.964173189921113 -0.157326942529379 -4.87646819207077 0.294697921573658 -2.74540371122394 2.61239644687053 4.07345056748873 -7.86530610710824 -1.66585138958727 7.18669277380336 -9.32410876845988 9.46538499151707 -0.41739391904178 -9.25549136340603 1.84617185814724 -2.94137427312085 -10.6133604589831 -1.07460504454766 1.11206845205323 2.17650942273781 -2.16074436451262 -2.03104627185582 3.10759245838177 -4.22008150022289 -5.19722245731653 -3.33507476916257 5.59993401376745 3.89477632877559 4.98053260253525 inlier mahaDist=4.38083164616815 cluster1 intDim=8
3.42240274392158 10.0257930149601 -3.40858301566395 -1.23130091212566 0.339709527388534 -4.42028905226171 0.491728558820658 -3.09265288960473 2.29984495021561 4.19550463704364 -7.70493205426949 -2.04839892404757 6.325684890752 -8.96452690592456 9.91832411125484 -0.679143160457998 -8.91248083090694 1.46710270485412 -3.22951963362896 -10.2479213221273 -1.55675762210283 0.824385268051747 2.02621302805857 -2.42834822878082 -1.93528675845229 3.13496864449255 -3.50557775343497 -5.64601651509003 -3.90592753183686 5.21424116414734 4.52053036324921 5.79037207243491 inlier mahaDist=4.46986053079577 cluster1 intDim=8
3.16145201176895 9.99165460977674 -4.05253720123241 0.833798016050615 -1.22829271980021 -5.25710880751499 -0.212601374368594 -2.31626039919379 3.47792044365311 4.79738464564576 -7.80215436975791 -1.66749904846442 6.03339820905803 -9.30570298485119 9.4591034709009 0.0521337455851694 -9.34080489844638 2.11137065319962 -3.08424579778673 -10.3882916566948 -0.447444417437724 0.614417177824897 1.89647729250893 -1.98789631966914 -2.18211203477534 3.00761648718402 -3.07835168279526 -5.32242464301306 -3.19235427577074 6.10726377449602 3.22356257412603 4.79231312979119 inlier mahaDist=9.21123213658452 cluster1 intDim=8
2.27322158952972 9.27111114905421 -3.89623805516519 -1.304704759058 -0.417486795460559 -4.81848934432026 0.942261823518962 -2.23391737135191 3.65100557305783 3.43028783682215 -7.77940242893732 -2.00206816398524 6.59269401616628 -8.90915032209417 9.07256076137244 -0.760160174100167 -9.26551206645303 2.38322703742585 -2.76508507641259 -11.0774093785916 -0.618819011737205 1.58301728983624 1.78147489490241 -2.30157242846545 -1.73412650960353 2.64929040794222 -4.75247923275925 -5.06725846005285 -3.0068928139558 5.34104482843428 3.91266637861365 4.37243528347684 inlier mahaDist=7.43608207865644 cluster1 intDim=8
2.59615815925237 10.5020989232656 -3.08895823147958 -0.948202769013005 -0.187622603156209 -5.05918294487675 1.69875751380529 -2.17614468544818 2.30941785166931 3.1928449385735 -6.02199127259926 -2.3420683739632 5.76892530979189 -8.54656847608496 10.1918472861904 -0.644146716297507 -8.50117861962803 1.88285833655496 -2.16280628778732 -10.7159864061525 -1.23255056834616 1.10347313924733 2.05302246763887 -2.12815012801325 -1.20026815528719 2.4554927038459 -2.9237948240372 -6.07842550980205 -3.80681611279407 4.96034293215765 3.8122840560794 5.76746845045459 inlier mahaDist=7.67768661360299 cluster1 intDim=8
3.80522380118821 10.043379319385 -3.52885680228308 -0.0822648938177819 -0.255855717986091 -4.61200866988638 -0.396835349725238 -2.6230716434527 2.66615061998779 4.83592097941039 -8.20054605192655 -1.66887639581204 6.02813109681692 -8.91579520063362 9.69024414238958 0.230567683770552 -9.01892033039947 1.78169887783117 -3.29686396678211 -9.61884895401851 -0.94512134493638 1.10250182196537 1.57556260232241 -2.45628976845432 -2.25937363898236 3.40771168018233 -3.71422458092058 -5.95066987362107 -3.13783045637494 4.92004573909104 4.63113690501572 5.28077820992595 inlier mahaDist=7.16491058635646 cluster1 intDim=8
2.47058759612325 9.57420027947654 -3.25405467885241 -1.41671712546297 -0.599662787650662 -4.70493455199279 0.777118038082557 -2.06030575388152 2.29438694062855 4.09359893821698 -8.0714787953509 -1.72257036669095 6.99762164906526 -9.12643909528918 9.78724831070902 -0.443903593209478 -8.82825097109522 2.15707258553916 -3.06299886810458 -11.0276909845107 -0.863726188895524 2.12403436667249 1.71114859384921 -2.23365740889334 -1.71509949723051 2.98325416366175 -4.08660095898447 -5.36983138938081 -2.9196452101482 4.31886409353044 4.2625170222945 4.7581496043051 inlier mahaDist=6.28971598000289 cluster1 intDim=8
3.96802881468666 10.3819885380766 -3.46433446500317 -0.234534871562254 -1.15390462956175 -4.34083445051283 0.868239444459532 -2.14322874873124 3.2899657343882 4.34895767484253 -8.11432929931884 -1.96276250643177 5.11633888374869 -8.30565006001459 9.5442844742191 -0.731122784911662 -9.48014106504785 1.75021153345058 -2.53132557688815 -10.3248356449833 -0.527644552703642 1.78489142556515 1.55878482156857 -1.81147118970742 -1.10758806714665 2.42811375474928 -3.06591534592523 -5.43957549745369 -4.29277896520284 4.72071443580111 3.98055679746554 4.60670448547494 inlier mahaDist=7.83752182749985 cluster1 intDim=8
3.63565853850348 9.3843249732353 -3.96962212175463 -1.58120928661466 0.427380181020185 -4.10072624061314 0.853727281310828 -3.25986672738683 4.34364589675173 3.9403397703356 -8.32606456818864 -2.57664741927765 5.70188131795042 -9.10177962101844 8.65847735417657 -1.46908923458535 -9.50890072783695 1.57690140298332 -4.08901046621121 -10.8888085146284 -1.15762137271321 0.581093944180023 1.42722098724181 -2.72882768296563 -1.8698440106571 2.5645420920192 -4.21773844499752 -4.46206442304745 -4.26050241827014 5.38760290849033 4.1663351308586 4.3244906572567 inlier mahaDist=14.8885894328698 cluster1 intDim=8
3.08747627289621 9.74104708090026 -3.5516822738268 0.0979291502828996 -0.617237776671256 -5.13493360187999 -0.0752896330518701 -2.21380251749783 3.24065753739111 4.81361252638041 -7.79327827402294 -1.91735425670543 6.17296595565986 -9.60722728921582 9.44343090142694 0.214804683105657 -8.7276663784905 2.16120060318458 -4.05388937074175 -10.5700709696125 -0.673084092443756 0.840349119563491 1.26559934607544 -2.63067504087018 -2.41630951176626 3.18046332821847 -3.40756951439889 -5.38231655477761 -2.60937010563414 4.84943133353493 3.82564590711472 4.59521565183994 inlier mahaDist=6.95241107899736 cluster1 intDim=8
3.27810321092923 10.2155061706874 -3.73278612914739 -0.458513859384865 0.265928500906533 -4.84158176169019 0.741015699001148 -2.62737263407252 3.32269638489964 3.66702701280708 -6.97682702929269 -2.11729184096681 5.81956291744 -8.82390896282757 8.92725649224012 -0.218918018402141 -9.30493748659319 1.51709458311192 -2.79638859618347 -9.9357946126887 -0.950279903854839 0.855239132079875 1.54614975521455 -2.33732532054556 -1.55942760113582 2.59820237364574 -4.07821223847405 -5.46705305073474 -3.96692061088692 4.87301139752608 3.91309117406942 4.42774651770643 inlier mahaDist=3.53974399495045 cluster1 intDim=8
3.00335698734041 10.0016738873194 -3.33321188654302 -0.97863381154557 -0.691568953740896 -4.64608109886791 0.756883076891413 -2.4950757913971 2.1791601350556 4.61194833627702 -8.10232506339419 -1.78048351126943 6.81585205481268 -9.48239562616493 9.79008497505447 -0.729398232769163 -9.10704611317703 1.53498861648499 -3.42683671693058 -11.0800324734133 -1.0921470396164 1.50958274985859 1.88444842152782 -1.94770178578187 -1.56507160265513 2.83384455878145 -3.04173061068979 -4.88741176812954 -3.98758171537064 4.64293409709999 3.65904406793626 4.71892845824063 inlier mahaDist=4.90989838699563 cluster1 intDim=8
2.69473622567257 9.56906627928717 -3.272301910852 -1.99514651996199 0.559705703994746 -4.56525078060183 1.26996364647249 -2.79187917428936 2.93787798509126 3.33560739756998 -7.03558102653569 -2.60928201979 6.05135945337667 -8.83223084592641 9.95517125104928 -1.09480698599623 -8.36824422906344 2.1057657795401 -3.37493413543658 -11.0082724352984 -1.54309031048823 0.772226474063808 1.84517242166959 -2.8933094212708 -1.9836696936081 2.89296873985485 -3.82918155554815 -5.73324977707088 -3.20957020476627 5.25190142658828 4.62415861734787 5.97210082891568 inlier mahaDist=8.15112070162576 cluster1 intDim=8
2.69876436275925 10.1449562485372 -3.6544203599116 -0.144282109947446 -0.29046777432839 -5.37558371533897 1.03713300315885 -2.54024321564413 3.38836296332458 3.97198164485458 -6.43810711131898 -2.44572776800337 5.89067381866068 -9.62874227825652 9.44377750521709 -0.574991046935636 -8.78596683906768 1.78011605231926 -3.62310883038704 -11.1230013827232 -1.05900106715798 0.00777286914501931 1.76227998566518 -2.36036037320707 -1.85359674472875 2.52321038548174 -2.61981835466951 -5.03497628426961 -3.7746885143948 5.62857750875278 2.91106888478312 4.85438454954638 inlier mahaDist=6.86155355149232 cluster1 intDim=8
3.03239782321009 10.5552758626135 -3.77403978194775 0.0778450760939569 0.186029933919255 -5.28613115550194 1.10325256558395 -2.45915002625888 3.53678946676554 3.27894793498532 -5.92156770001966 -2.33447505753162 5.39288646602887 -8.76478410737049 8.97117012675423 -0.126729699481999 -9.16773122509768 1.57516287119794 -2.42355159674771 -9.97189375973896 -0.893816247836386 0.357993045816936 1.65427686856577 -2.2410126982316 -1.39603731240369 2.31633423347736 -3.55973883945481 -5.65428103223241 -4.08823642254127 5.26501630083829 3.35018850157747 4.56956475858059 inlier mahaDist=8.10482534811665 cluster1 intDim=8
2.48444121093154 10.0870078710123 -2.60973734995458 -1.17775807523759 -0.365912324936532 -5.00362928992654 0.845906952094248 -1.91805715483961 1.28855330406389 4.17450950703253 -7.0514030791852 -1.89037611893218 6.7144127707514 -9.13087842581539 10.7135481810333 0.0168442381831782 -7.914224233615 2.15989194062962 -3.15429470572084 -10.7949650197939 -1.27718972922626 1.76243967710642 1.72042398059146 -2.49111623387583 -1.89203857957163 3.25643260079628 -3.08271987072002 -6.2918129153975 -2.54677212307163 3.94308538001863 4.52934936746906 5.93127755480168 inlier mahaDist=12.1383860602193 cluster1 intDim=8
3.88293482890331 10.5738732703806 -3.22480215403388 -0.639081029567824 -0.725833000881094 -4.296879519893 0.747551557877873 -2.66424447320185 2.04543627449044 4.52952392598016 -7.92749422136275 -1.86342019455143 5.74854816993863 -8.52815177805363 10.3253138232894 -0.844085270594306 -9.15674269492452 1.39676589762713 -2.54128269891978 -10.2814089937045 -1.22951516715202 1.40060588916505 2.16314758256142 -1.76756387848243 -1.30642908261172 2.8206106792165 -2.49963386551637 -5.72919491721471 -4.54501883889764 5.09278303434255 4.18343556432717 5.81017545084658 inlier mahaDist=7.9746124236728 cluster1 intDim=8
3.26320669718961 9.68606291187662 -3.86602906821968 -0.677617725804045 -0.0956471453944031 -4.60133824964025 -0.118812085401032 -2.95282283883927 2.85463565377011 4.41880217452829 -8.22638209144528 -1.73259588372439 6.56435858953144 -9.0514430143013 9.5705948165553 -0.359728268736873 -9.25910022976097 1.81072412769273 -3.1295031115325 -10.1382879936833 -1.10998552035904 0.880615819179294 2.04939596408682 -2.33701515829256 -2.24977011660591 3.29692102461549 -4.04519456064401 -5.49670034729461 -3.36462107220964 5.75997984439414 4.34076482071236 5.37623066257678 inlier mahaDist=4.93849812716995 cluster1 intDim=8
2.89032334747885 9.63962427897634 -3.76138526625085 -1.50385733955003 -0.0860153952317372 -4.46156065250755 1.22737718624337 -2.57239993682302 3.53023339795 3.45536305787997 -7.75606526033786 -2.18813157381467 6.17496344091224 -8.74870161749003 9.01770182774661 -1.09753665673015 -9.42922704236135 1.83591728267941 -2.82290970596369 -10.8681663879467 -0.897588906804513 1.46328291650828 1.73246670346066 -2.23226442355406 -1.382315368865 2.43822735167583 -4.3838800793987 -4.94866541901598 -3.95464166503888 5.04449960457747 4.00277172589933 4.37042295005035 inlier mahaDist=5.93976793698535 cluster1 intDim=8
3.24274277923796 10.1096787359153 -3.29206989124636 -0.224258375600044 -0.41482005041752 -4.82535668183717 0.0918918449536195 -1.8261737343769 2.52915895283049 4.08126994391311 -7.62665857386293 -1.54350289668578 6.02414447087666 -8.36637512600942 9.59693749738149 0.656595378785634 -8.87560737226697 2.18406513031305 -2.32271605706267 -9.45385386202247 -0.54115368594753 2.09469944512731 1.34193161461829 -2.36303782188288 -1.79789319398849 3.16673602279039 -4.49203140134801 -6.47160877645198 -2.56667535767541 4.03484526704761 4.85030199981011 4.85296889294645 inlier mahaDist=11.2142805380649 cluster1 intDim=8
3.05436493482162 10.2769735995595 -3.25744059827023 -1.23072337916386 0.109957264981799 -4.64667801566103 1.01477965261199 -2.8785830641169 1.98102282238741 3.89290646585454 -7.07529343892588 -2.11833000180242 6.33334849102718 -8.92025419564378 10.2095112675154 -0.828098729221585 -8.7699742658896 1.48096113656523 -2.80301009292825 -10.5695597474385 -1.59260494365976 0.861634103366428 2.26010015149457 -2.17599409171088 -1.60341999303736 2.89009570132725 -3.00222027987081 -5.71091942877328 -4.12036444208053 5.27775351274458 4.11857438606756 5.98821635986633 inlier mahaDist=4.88238453170278 cluster1 intDim=8
3.0646179277529 10.3104843726918 -3.41139917723379 -1.36363135305904 -0.250223525056392 -4.48049150820018 1.3468827535641 -2.85984162345046 2.14736925645626 3.775188453023 -7.34436742536485 -2.06376190357304 6.32945021859476 -8.75744713895067 10.0644396815582 -1.27735605306422 -9.19592132464148 1.37442994348688 -2.4012859543709 -10.8312608372137 -1.4517595114779 1.16266138515973 2.45307859820295 -1.78031224429081 -1.17738266892444 2.57196828407991 -2.95697785933289 -5.32286451512581 -4.71111286589713 5.46297129462713 3.80655455514298 5.65935574143175 inlier mahaDist=7.19774934264863 cluster1 intDim=8
3.63986511141342 10.7800694957656 -2.76883043469318 -0.557639430488097 -0.486673116156869 -4.68903501658505 1.43030356216817 -2.2279079113421 2.34770244285789 4.0384634954528 -6.6025472885682 -2.48929593111101 4.92155984846119 -8.52110530055883 10.4950927113907 -0.699155929196884 -8.34100224990257 1.69806035698118 -2.91769772289665 -10.5727322753393 -1.26237882300329 1.00620641580593 1.66192682250463 -2.26329205978108 -1.28335644823721 2.55371505065471 -1.93745807940246 -6.14502320521989 -4.0869736310162 4.52627676750589 4.08740793382418 5.97571259218358 inlier mahaDist=10.3230536722819 cluster1 intDim=8
2.82706962520753 10.1148103518397 -3.02580671484045 -0.831851482694471 -0.655350912721781 -4.87840525356564 0.975750637831515 -2.04414212261007 2.26706227319395 3.96941201696444 -7.11275872267196 -2.08505455650166 5.94623241972546 -8.70868726859047 10.4530712975249 -0.431231761767359 -8.36363706841619 2.2395607252991 -2.75687001744598 -10.7743961264162 -1.04544795488547 1.43443636596658 1.87163868621465 -2.30123939593249 -1.71260236586151 2.93050100268913 -2.96198708637396 -6.13201858251238 -3.03219521265522 4.85985185019653 4.25363265410087 5.91070737459485 inlier mahaDist=4.20797569622833 cluster1 intDim=8
4.32773836152901 9.79977914380298 -3.76642994217698 -0.118701695256149 -0.324457927593272 -4.26168933834972 -0.0459082818528991 -2.41953600264085 4.31689813214588 4.5172983609153 -8.55699882998793 -2.09216796600557 4.90354925161451 -8.46849944452203 8.7852157396236 -0.137432514001517 -9.40984994808492 1.98397319909315 -3.52551617409927 -9.66785443713861 -0.427733238374085 1.30991703532197 0.857655657306596 -2.6942956796721 -1.98283317284811 2.88123384579413 -4.31600280087276 -5.54654352444832 -3.31237503638726 4.57606129070248 4.72932321266678 4.17913642511271 inlier mahaDist=14.7041514136712 cluster1 intDim=8
2.51481026360385 10.0164055453956 -3.63838351419575 -0.490807931196243 -0.322501278348731 -5.20826997707617 1.09941176797306 -2.12833041034873 3.29590656676844 3.52448308788509 -6.72119547592815 -2.12630773503306 6.12127658433107 -9.05912062523698 9.16759896974626 -0.298934212043679 -9.03076521842714 1.9825809601605 -2.76765960033814 -10.7194288261758 -0.723203303842262 1.09010121709262 1.62312750007319 -2.22718245942657 -1.5220053385232 2.47388432643027 -3.80935242776256 -5.32811950374904 -3.44533870071693 4.93804989235772 3.44004595057375 4.3561797010327 inlier mahaDist=2.85046217925897 cluster1 intDim=8
2.54636326423485 9.95985267756808 -3.60201163444279 -0.880669359288923 0.180102408116426 -5.05495906951375 0.718994113565044 -2.63766165991877 2.54242742025849 3.72105482693745 -6.94796660924004 -1.95957000575708 6.73301150175118 -9.22498955068118 9.50395568202704 -0.283272743018917 -8.93882013023187 1.72381468852298 -2.88752487286117 -10.4789715240067 -1.20758027822428 0.868150583408935 1.98220305125727 -2.31079338257982 -1.83534482067857 2.90194839765222 -3.90761386034234 -5.48986017278403 -3.48104188030781 5.19258129333691 3.83650448905784 5.0606548682502 inlier mahaDist=1.90468152369208 cluster1 intDim=8
3.44155494947883 10.8626777607783 -3.30973107510235 0.20881061147086 -0.401569530169234 -5.04744149012385 0.368150067237374 -2.64530254445221 1.68186533350339 4.59548228245597 -6.93004338559006 -1.70302672876498 6.22242122504653 -9.14232273908339 10.1507510040305 0.0453740816155028 -8.9582177014834 1.21407571722404 -2.67249262827312 -9.91226551989109 -1.29070684490982 0.723378218794106 2.15537395834362 -1.83308298471626 -1.61470333163187 2.99471128562124 -2.37570111703708 -5.87084091261459 -4.23352957762148 5.10470029084802 3.60850455682526 5.60808614079171 inlier mahaDist=8.2036540068279 cluster1 intDim=8
2.15681878215688 9.4592854436422 -3.5866107360194 -1.01874751005477 -0.418792036175895 -5.10668587751187 0.598778928117127 -2.33079566181972 2.75751641273347 3.8548302257755 -7.38928531669708 -1.95958983173441 6.81803477149099 -9.23252066291348 9.94767998097976 -0.451762711160768 -8.62271661549189 2.4397143640246 -3.06414495216244 -11.0831040561786 -1.00132750978791 1.06042354717759 2.07768745940217 -2.4342341704312 -2.20277487001682 3.11488493438229 -3.83481778678799 -5.59071625215561 -2.5685901756714 5.66426985168702 3.96405602701195 5.53988046932485 inlier mahaDist=4.84054818279988 cluster1 intDim=8
2.85307936552257 9.50502091866344 -3.37604637145015 -0.318888482232834 -1.34804491179511 -4.96170928385242 0.344580974123121 -1.80997095630054 3.27581280487438 4.77742726250714 -8.23473633480875 -1.9483366327605 6.10677332682462 -9.38529311066651 9.83982494395467 -0.291038796105348 -8.62198104559497 2.60052993705833 -3.88778924586238 -11.2917225059273 -0.45792731869424 1.486509520033 1.35053578354536 -2.45152006013564 -2.19304164513309 3.03124393026003 -3.15656142988346 -5.29087986062206 -2.40332155354575 4.83930340540995 3.84441431715114 4.75082865453607 inlier mahaDist=8.29830478748623 cluster1 intDim=8
3.8294770828623 9.7715102311 -3.81275141304766 -0.860463659610425 -0.159614506312421 -4.19728976434727 0.74363503155244 -2.4879042992654 4.25738096554826 3.68512520842122 -8.08118613241559 -2.26756583923118 5.03547802826097 -8.12519960188743 8.87429926679594 -0.766604217256044 -9.50510433708107 1.99944091055018 -2.77154769390532 -10.0490900307771 -0.599359467056061 1.44403634724895 1.29815171925167 -2.4721803681847 -1.5319204690075 2.53232159291581 -4.51769700888716 -5.49198154996859 -3.74416469408697 4.97139192586976 4.60893933425544 4.45333170221051 inlier mahaDist=9.86912626365189 cluster1 intDim=8
2.68595098550288 10.1332977283651 -3.86683736323471 0.332309272924997 -1.1327744849778 -5.27697936337857 0.278556572907681 -2.05307313122259 2.83035886964934 4.17604247063511 -7.4027680275872 -1.4933261941244 6.4431086686465 -8.9355788598901 9.58029074770464 0.0836452349709751 -9.3506740095129 2.09448439663862 -2.14784639198556 -10.3089223845928 -0.474493386894787 1.32087846354348 2.11096745734147 -1.71957063191245 -1.69691062118832 2.85092733329622 -3.55848043542492 -5.60737043649678 -3.26965229283581 5.65455018918224 3.37424250476973 4.79791584324048 inlier mahaDist=5.62158568320092 cluster1 intDim=8
3.26374823886233 9.87746772203837 -3.99940294587886 -0.147369749358671 -1.14307706306085 -4.64098793609695 0.392030847379062 -2.20690133770747 3.62973170616526 3.81154370206417 -7.96866721704578 -1.76878704664797 5.48422862921604 -7.94844646481254 9.71872517538359 -0.557768753243576 -9.50117607847363 2.46081412174855 -1.66756628374351 -10.1148285266956 -0.410076551577276 1.49909412231659 2.19087897663871 -1.86565403716407 -1.64952328168243 2.79579115125825 -3.95923460212708 -6.00132945563822 -3.29119882654474 6.28060654526065 4.20290356756393 5.4997248870589 inlier mahaDist=9.76435033257416 cluster1 intDim=8
3.95277429862656 10.9895663704726 -2.80998323225025 -0.242489236624733 -0.152631341811081 -4.64076303755664 0.958243707057973 -2.17694890733799 2.11245347230647 4.03743975686125 -6.68113259568801 -2.13382181299422 5.00532357896991 -8.22847376393146 10.1298583137195 0.0225039421787099 -8.59369164193814 1.47940608577312 -2.45102766136342 -9.56659829029413 -1.12869631355404 1.3989259278307 1.44365403374926 -2.24681154321869 -1.2304454260546 2.71961211215335 -2.75805446306035 -6.54628118342086 -4.00652584947732 3.90589457344394 4.5441501464885 5.57078635100534 inlier mahaDist=11.5480500825785 cluster1 intDim=8
2.61913385503831 10.162475789464 -3.40445151136561 -0.511838383976522 -1.03913155509032 -5.05172025071509 0.974993338659386 -2.25889530367392 2.34075914017451 4.09273776491162 -7.16041840139461 -1.94812937949743 6.28322724217996 -8.99748834327194 10.3894458930318 -0.73847970671778 -8.78479485853604 2.06933558103638 -2.55564233184487 -11.1106196747048 -1.02055613010802 1.07453841255985 2.36468115834285 -1.84787665595343 -1.61436298262262 2.78247034174061 -2.53794089473929 -5.60919666319345 -3.58438473599786 5.77606294283102 3.46480045725162 5.82325649070868 inlier mahaDist=5.10539933021644 cluster1 intDim=8
3.38689680945035 9.99642128221382 -4.05306766359338 0.123433308955298 -1.06836097931053 -4.80298475054978 0.751427152200123 -2.19960449677319 4.29995755596032 3.97803729181085 -7.71802730831388 -2.08194500050383 5.24585193185301 -8.60489639964599 8.94158580708041 -0.665570147287208 -9.67770669183115 2.06505949292964 -2.61066586810766 -10.5461365672192 -0.284224114088744 1.11585257600728 1.61776812262405 -1.94391861355685 -1.43527047257482 2.32447808215187 -3.58274374731248 -5.08458729436228 -3.89909644108655 5.66272319598095 3.38433287318868 4.16913718599043 inlier mahaDist=8.67896738585523 cluster1 intDim=8
3.11418372816421 10.3605048862416 -3.42244377259691 -0.439003086282018 -0.806953390771679 -4.77965829066324 0.9242222958175 -2.1097064126973 2.54636102110241 3.93909984534139 -7.39198529197693 -1.78209013887663 5.9941795691479 -8.54710040743599 9.7432002620497 -0.386379376666899 -9.21666465731469 1.79978673812692 -2.14313845119455 -10.3406200984111 -0.748598479422526 1.72483215485972 1.91155847476924 -1.78924551204002 -1.21736783421858 2.60358053679688 -3.39151532667834 -5.69369516253096 -3.88455043127825 4.82064033263621 3.85650165269237 4.9149140738369 inlier mahaDist=3.02934207981864 cluster1 intDim=8
3.64901282637068 10.0255734073752 -3.13416287786031 -1.62508662618374 0.658071106287068 -4.17797962395174 0.655677964275158 -3.00735315576663 2.27801312255265 4.00586898081362 -7.68884236684636 -2.2076696480075 5.99109399278521 -8.64629714725147 9.95380099147225 -0.65643029254526 -8.68589490358266 1.51190023726059 -3.27765252118983 -10.0417149516978 -1.62423113194719 1.11916551877262 1.71840954621137 -2.70262633231935 -1.86856310569375 3.14301291070697 -3.79259777178657 -5.96686481879764 -3.75316078076702 4.57612386775136 5.10911176089369 5.87340416002423 inlier mahaDist=8.06679350425872 cluster1 intDim=8
2.50243741248912 9.2771095798057 -3.79958665195664 -1.78047800493973 0.15182595361601 -4.57718538489832 1.24249275808352 -2.54419911425859 3.88551251107578 2.89748198068514 -7.31747328062172 -2.46342842739259 5.88609029305647 -8.35346178230207 9.41388207025275 -1.15693877686486 -8.9417418701967 2.50625138848526 -2.57741336692619 -10.9097172340112 -0.979590305592283 1.12993769925586 1.9192570304007 -2.6545219333154 -1.81854721599797 2.65702355986165 -4.71968079277957 -5.62443791490217 -3.03299934885111 5.83592106688962 4.49808417007833 5.41975320614802 inlier mahaDist=10.0090927566848 cluster1 intDim=8
2.77296843264299 9.95077671945268 -4.33713291206356 -0.447626604065688 0.341225386608748 -4.99575772484539 0.296860735945912 -3.0543280582716 3.18521438279746 3.52554393595312 -7.19368478094015 -1.7081114160129 6.76920586403702 -8.95522358985612 8.8017458376417 -0.25001540916277 -9.81366101274092 1.48020147872696 -2.17790329103688 -9.81662784351146 -1.02673866091608 0.594909964744413 2.3015258852663 -1.9993942046316 -1.77720737608553 2.8199513478002 -4.69764058867007 -5.27304119501876 -4.01787411202312 6.13357332118749 3.63990163490305 4.6520821214714 inlier mahaDist=9.48710983492262 cluster1 intDim=8
2.85444058866985 9.89637247610271 -3.32363124293311 -0.293595642633543 -1.1266523889819 -5.03354148910959 0.498748457805904 -2.14251486233443 2.65976372493338 4.60871410890441 -7.63433996960387 -1.98277322694038 6.12446817699061 -9.26286401467138 10.3303784225962 -0.442787620562626 -8.53504313390428 2.31421583141751 -3.40268579851955 -11.124241769975 -0.872727496753403 1.02287116331576 1.89959078149351 -2.2452086414882 -2.08491095912057 3.05623452053172 -2.56003263335412 -5.60576324213776 -2.91972303952345 5.44283162040251 3.72829125434502 5.65177054435975 inlier mahaDist=4.87233249172857 cluster1 intDim=8
3.19468336354197 9.81771000848448 -3.87958614702271 -0.414714098375011 -0.430245178553164 -4.84145151059839 0.762067543446209 -2.72874217884381 3.92989478390111 4.06291399348367 -7.40660035112784 -2.41921100614614 5.53535150847928 -9.11894839172346 9.40248681810757 -0.955630047307763 -9.10922961405748 1.98014432255494 -3.47562505884842 -10.9536214761469 -0.934101135051735 0.265520921066532 1.8156361811174 -2.39231693531919 -1.94894988234847 2.6286388519808 -3.08725516025325 -5.07291132187313 -3.76126375967228 6.07617162301572 3.49633040259192 5.0842611475934 inlier mahaDist=5.1338489677425 cluster1 intDim=8
3.04561991680935 10.6538342780776 -3.16400706950984 -0.616065683017021 0.186364510154407 -5.03002730165245 1.09535706609906 -2.64493469142498 1.98394076893477 3.95863497247019 -6.42343733557625 -2.13808810204668 6.23146955869943 -9.26683557479295 9.81616963461635 -0.310434174585887 -8.73615657999396 1.20731305575559 -3.03269588363054 -10.3912498230078 -1.45689956134666 0.700031963464898 1.86239792584671 -2.17100559426687 -1.44149985819896 2.68337957606024 -2.76465937739034 -5.57720096334378 -4.27790013134469 4.57736948031262 3.61196981825875 5.19709293923669 inlier mahaDist=5.109941211251 cluster1 intDim=8
3.59805973587988 10.4995985735512 -3.49661483770476 -0.831237368628037 0.483639268250908 -4.55865369060216 1.18657708203152 -2.85616910689462 3.11039317256726 3.23922911280448 -6.49973427427664 -2.47163047266363 5.06719178259407 -8.11295845661997 9.64681835585254 -0.7323244904824 -9.00251337035859 1.54286632598321 -2.22626352960827 -9.80460275947925 -1.34341450192196 0.593540551040603 1.92904645492725 -2.37107188409973 -1.38472552064415 2.54322843279073 -3.51370699472958 -6.1426631344507 -4.3226748097887 5.4191128260133 4.38483771463253 5.78965517736837 inlier mahaDist=8.83966387697304 cluster1 intDim=8
4.0488738881965 10.2550930767412 -3.46956332856318 -0.148177449944977 -1.0074129835179 -4.41686786619332 0.553295380593304 -2.57208407512661 3.267331856392 4.72417065173804 -8.05679341574305 -2.20066637348978 5.03574217034049 -8.67111883702841 10.0537268676894 -0.918835752725037 -9.07094014183886 1.83450995848521 -3.25397681778002 -10.5817509991187 -0.911685150713667 0.844831790558517 1.79979641802295 -2.12097978321941 -1.71623649858404 2.77059271085092 -2.30540989526645 -5.51854525139231 -4.07020098959111 5.59509036826789 3.96890908321799 5.60596195913001 inlier mahaDist=7.38022103643698 cluster1 intDim=8
2.48457249548023 9.97189941939904 -3.58399946831786 0.269034809591809 -0.549262282927275 -5.59747729151791 0.270039117010391 -2.07446709505463 2.93887191744858 4.44043087076077 -6.94467019243749 -1.86177128408612 6.59161167870501 -9.86259396797483 9.3144074494014 0.404579714627283 -8.7348411049575 2.01427590257123 -3.68714864414884 -10.7000956348214 -0.688112330122273 0.716870651138144 1.43887308283113 -2.40110372933495 -2.16833178956231 2.95935672561715 -3.3338558209721 -5.26726060500513 -2.78633403413561 4.82042090796587 3.19426574483309 4.28981226402767 inlier mahaDist=7.17071774971593 cluster1 intDim=8
3.21721591047671 10.4132287198573 -3.09338621770584 -0.358165917730863 -0.354394646403406 -4.91161259333371 0.194645436433571 -2.50911827734409 1.44912189494526 4.82215914623388 -7.52350206375589 -1.61716148773505 6.73050651487571 -9.40332429647577 10.2344550728803 0.118209812377654 -8.67388647083813 1.45954533784322 -3.26635898724719 -10.2135181267517 -1.30177884882676 1.18556810786925 1.8972936091375 -2.13429107824914 -1.90982582369252 3.28152746463126 -2.81096003270088 -5.79389610927083 -3.54451327596011 4.50113560212846 4.05576653013791 5.4889680345516 inlier mahaDist=6.79165520991923 cluster1 intDim=8
2.54132336944394 9.73918734016032 -3.35327921173954 -0.396128612292789 -0.280908878597194 -5.34301438268591 0.649599813147503 -2.05758239739957 3.20450977572713 4.32201732240188 -7.09062238617586 -2.19346014756938 6.39775914770694 -9.9223090751819 9.18869951813736 0.0643003266534772 -8.51202115146123 2.05929620965062 -4.29970587646429 -11.0888862496106 -0.778542390901634 0.869154602509381 1.04575864700911 -2.74732294291507 -2.13363614158823 2.83528479343198 -3.46959048110333 -5.04237549227602 -2.73749852812457 4.20805570566497 3.47074388240249 4.04085993539144 inlier mahaDist=8.50418223683688 cluster1 intDim=8
3.13866663675215 10.3714329453965 -3.11562256018569 -0.668843520022148 0.0369178295971949 -4.93811211870575 1.41928620069178 -2.13563611875096 3.18081998434414 3.34979154927648 -6.19836278325667 -2.60200896530578 5.00932511228491 -8.46663983691595 9.75844066995837 -0.405294463712709 -8.418880729859 2.02011609529858 -2.80954498122114 -10.393825762225 -1.03210002981123 0.89659366687911 1.39581367696817 -2.62112178318063 -1.47986531608 2.48512975678396 -3.20412976885469 -6.14910852567649 -3.45729781149662 4.58448867052757 4.16859262295547 5.36648506613401 inlier mahaDist=6.08361668433863 cluster1 intDim=8
2.53491443552104 10.4523747368449 -3.51480343646223 -0.665097050866751 0.209578534937117 -5.29698346921518 1.78840499276351 -2.5307403965795 3.20737280846794 2.87935090199278 -5.44107674059206 -2.6957405932427 5.44226952961566 -8.75748910200659 9.67646939046597 -0.817080204568195 -8.67104721552561 1.79107981985648 -2.41468243442703 -10.7760167408869 -1.28384273753673 0.128749141962021 2.06980416714316 -2.29875821160321 -1.35200933563272 2.23345334296997 -2.9282864540408 -5.73962577994132 -4.08856385945976 5.75536529668286 3.29299384817385 5.55752479041687 inlier mahaDist=11.6489954794505 cluster1 intDim=8
3.46643574282657 10.3940490956279 -3.33836453571626 -0.745226517920472 -0.827488395598919 -4.51007417333519 1.5536543946461 -2.25847984394065 3.19586119204329 3.78497791943747 -7.2741984157969 -2.35430470977544 5.13309787555264 -8.40045170456423 9.79600089129533 -1.18012537630752 -9.13338380919785 1.77298242296028 -2.52867982821002 -10.8692258289903 -0.868431926583347 1.35352279027341 1.80095807441866 -1.91375158706192 -1.00271628078037 2.21768065613675 -2.70773080844078 -5.41279089020789 -4.45253578981061 5.03739279301605 3.72241072831183 5.08401510628124 inlier mahaDist=6.43964588808665 cluster1 intDim=8
2.82206522788969 9.48758739157286 -3.55201115193513 -2.00970095951782 0.316812678190008 -4.32984387185055 0.704152342655828 -3.22163391287324 2.40917876512536 3.68340862127068 -7.79798123962773 -2.17781098846394 6.5836810951272 -8.68229256195737 10.4043469073229 -1.28809207160614 -8.72240587366982 2.02991180917299 -2.84947512697436 -10.7896727839287 -1.71799168620617 0.776412493379268 2.59675458738277 -2.5093832421415 -2.16748079460809 3.27198133212116 -3.80916299951591 -5.83596755623533 -3.40865645343842 6.30692734135598 4.80594874049618 6.80736090782607 inlier mahaDist=13.3638734814592 cluster1 intDim=8
3.60747247414781 10.2259266415273 -2.81564283547693 -1.32554934617078 0.861225482942105 -4.49819331659137 0.599588459859714 -2.92086553326638 1.94170560183208 4.33274658634606 -7.18259866306022 -2.33317939020537 6.04054194632334 -9.22005005098368 10.0342689404905 -0.236561459481032 -8.21096392919201 1.35756021871921 -4.06742572887609 -10.1203503971139 -1.77904547994627 0.746276674499649 1.36665596274492 -2.9805381634846 -2.08288265768948 3.24497219853014 -3.22371664928776 -5.96835359930864 -3.54270733871409 3.94328363004342 4.89305608978384 5.7427339498573 inlier mahaDist=11.2911493804941 cluster1 intDim=8
2.84164668667721 9.41330653035389 -3.90607314846774 -0.503771834975969 -1.41640788388173 -4.80796313388498 0.968246381452571 -2.12872422648797 4.40890441534216 3.95818770927668 -7.90060036566961 -2.38754433383657 5.32614233981974 -8.74534320604117 9.69918887783792 -1.28094898490921 -9.0596043885412 2.7769784307046 -3.09970668037824 -11.5942173835045 -0.428857404619043 0.928750192792805 1.88235097630594 -2.23602115524285 -1.88424665603749 2.52367162645974 -3.11691557975303 -5.12559379841302 -3.09355902603999 6.41961800064527 3.50675410420909 5.20140222345194 inlier mahaDist=10.9731026087203 cluster1 intDim=8
3.15746052662628 10.4102422319398 -3.31193668105808 -0.661096932104298 0.340567258141991 -4.92136640726103 0.947698519236257 -2.5427976262701 2.55962474499268 3.91752117056622 -6.78596544747633 -2.11312931759459 6.1845119559055 -9.25724935234826 9.17663665406162 -0.126222970769263 -8.97033454677445 1.25584263282927 -3.26046587304971 -10.2082905111053 -1.18316199588441 0.98412110974521 1.41097831917261 -2.35599524408374 -1.46628740389399 2.62454801924211 -3.56768014789644 -5.35037954549047 -4.07893907745407 4.0775570370835 3.7924402844481 4.34208126662323 inlier mahaDist=4.19672618569527 cluster1 intDim=8
-1.38789958256683 6.65212056605369 3.76728656207994 -6.39210580869796 16.4118568392241 -1.36719365847883 1.37133278393743 -0.125406634998976 0.741291318229196 -5.52225254765478 1.09132009140912 -6.68061831944041 5.64885223562335 -0.171763818884669 -3.67686544102615 13.6788574234078 4.86495863046697 1.40789874359294 2.08642449138631 -2.18791390723833 11.4563693928593 3.65502903679354 -2.48629609300617 4.51434272897617 1.58114533771321 -7.3497258365324 -0.503384187239309 6.92511351691506 3.64140933489858 -2.19556878830475 -8.89678479978346 -0.15166504918342 inlier mahaDist=31.9617189753039 cluster2 intDim=28
-0.558485166101412 6.12224313845419 3.34462073365227 -5.89681504923383 13.8759864305095 -0.852640692937349 1.95377431819223 -3.03711051654799 -1.16886676119339 -6.57042952555138 2.65241639555625 -6.60074978513315 2.82273938780009 0.227749930009094 -2.45400444190245 13.9080343133359 4.8511116277581 0.655329848310266 3.46757780897341 -2.79421240283266 12.45529877475 4.18571347300222 -2.70415105682187 5.37587949116115 3.89153122884267 -6.51442550494906 1.28244413033685 3.59614133904434 3.35341722426483 -3.43220538900754 -9.81469239962116 0.502708950729013 inlier mahaDist=35.1119248178423 cluster2 intDim=28
-1.71732711709768 5.69402306992121 3.94107136153697 -5.94159180764006 15.4116219943508 -2.15880709119486 1.61312064361558 -3.70763669250298 1.0801065991562 -5.4305182953029 1.58178609896868 -6.74687968069228 2.85203817847651 1.82223703700312 -5.18837329640757 13.7265313763094 3.87378109707714 0.745878889387822 1.50596420681548 -0.908639201145937 11.4042920995112 2.96618368719992 -2.9006657092701 6.74754261711388 3.8071302425087 -7.88396160678506 0.171062497020753 4.40744047996384 2.35519242474606 -1.26969345313165 -9.87873211953623 2.28487843946506 inlier mahaDist=21.6685654570096 cluster2 intDim=28
-2.87119955986552 5.70145490513786 4.25393486289095 -6.95869468049445 16.4022629196776 -0.711920363960512 1.84041767171593 -2.71446049731981 -0.918260688355831 -4.09727007185207 -0.40915200485237 -6.41067516580807 3.42263275598281 1.97094924680671 -3.80837638304237 11.8487521552149 6.0040145223112 0.469751104790958 0.277393152739883 -2.06528999680088 11.5680804994798 3.39093951427891 -3.00615477955351 5.42848061659699 4.42984716366482 -8.38920726229477 1.11141854277538 4.76937660381472 0.288108459843606 -2.73030490679005 -12.1914886346431 1.35172852723749 outlier mahaDist=45.3328077449111 cluster2 intDim=28
-2.39573194107445 4.97728768094371 4.98602597681309 -8.43954371384012 15.595169636099 -2.15495291174065 1.08504027518354 -1.57775626629084 1.95269985547474 -5.78680815200206 1.57420919462151 -5.53945027064791 4.87809902019077 -0.529054062601653 -5.80452096914579 13.4047349576281 4.06918332145577 0.0557368957990494 2.06863209702659 -1.8978177211192 11.7414785614615 3.45502857744571 -1.85683477545916 4.30268404230977 3.56742472791939 -5.95212987310232 1.35657409666208 5.14982605163375 3.39724888638624 -3.77660576604797 -10.8667746313309 0.744508771850381 inlier mahaDist=34.6868731818287 cluster2 intDim=28
-2.67127331685559 6.93118150898966 3.60036053324686 -5.92375626861567 16.5298980564607 -1.87545445887478 1.57281166362662 -2.9607746284564 0.123523102267332 -4.7558828912098 1.63966726147484 -5.73752069879357 2.43585353833884 -0.800038119657818 -4.25990982367463 15.0440290474171 2.2373241562654 -0.699575139545687 2.51984305335425 -2.20545640526885 10.7505198482241 3.46087467396336 -0.728708721245225 5.64822355062634 5.50817441845875 -8.48250929734481 0.567186882491946 3.87980288115808 4.35375575895757 -2.23707936677175 -9.62394516086741 -0.77043256920864 inlier mahaDist=19.4640241626065 cluster2 intDim=28
-1.74928235481114 7.24315294638209 3.51137625652556 -7.30474101400085 16.1184575781373 -0.24649682867951 0.352699360025629 -2.98433587816791 0.813802558881224 -5.35466545074254 2.93343612714113 -4.49034616211073 4.31446558360916 0.82587708410294 -5.24088987367684 12.9752867629242 5.58176452885199 -0.873066204155123 3.0609172033242 -2.78186460154525 10.3342359736695 2.06009499064006 -1.20904763599749 5.78340298215545 3.68958613996013 -8.17925360361388 -0.258438124353712 4.54713199867044 3.99801256563816 -2.36702121005701 -9.93510369422732 1.084147995796 inlier mahaDist=28.0260379349636 cluster2 intDim=28
-1.76512310669076 4.17807101511335 3.20772373046887 -6.52348061457042 16.6284402159949 -0.848097839458718 1.71327253317703 -0.87679066518451 0.390454876728045 -4.70068557905212 1.046145951566 -5.3345699917781 3.14272257871231 0.859440910243348 -3.09888533130741 15.7398312753631 3.5409029882464 0.0666901088813658 0.990671301866016 -1.03182890542456 10.4614098744065 1.58199278135636 -2.20976716306066 5.72100143791182 3.18280478639011 -6.19461246411616 -0.970825739703918 6.70280312817291 4.10558340210979 -1.88993255526774 -9.76545663888006 -0.547425009202965 inlier mahaDist=29.3202035353176 cluster2 intDim=28
-0.521137550233729 5.64406182752954 4.53081249047255 -6.91834438275271 16.3202794288071 -2.88658259456721 1.01498827283058 -1.71220982942423 -0.638884974335043 -4.32447279006896 1.53782964716435 -6.4508332906522 5.4370624906775 -0.166202736535496 -4.0844483952668 14.5118292610885 4.09891407035516 -0.553098749396683 1.77970594915617 -2.2948841907644 9.94708322724848 4.31622339492219 -1.82660238900889 4.78424534677309 5.6021329779152 -8.83531607888325 0.620080567044176 3.08918639344832 3.08017401697418 -2.35869703516363 -9.49073727754476 0.103564066104659 inlier mahaDist=22.5654823098166 cluster2 intDim=28
-2.10841980340608 7.11285395471549 4.96936601417957 -5.61254174944107 14.8997598006508 -3.37895813517195 0.768903187417859 -3.13163611449388 1.580178889024 -4.88825534299538 0.208726543837468 -5.67948026180402 3.89299217618269 0.179629538889348 -3.09491727196411 14.2369101445994 3.65771297565991 -0.326209312326616 2.15758248355847 -1.30395634030399 12.157942855558 3.62977142945265 -3.04951371271285 6.85112398020287 3.27404609674961 -8.93456879162281 0.126065286771088 4.0063231618417 2.63397593442047 0.00287127753221071 -11.5622957012719 2.50176545648929 inlier mahaDist=28.9226962664079 cluster2 intDim=28
-2.23793382013049 8.19211328655668 4.19674444945384 -6.00868805928071 17.1844267792341 -2.07875510919395 0.325620983213276 -3.63369150283999 1.15495048173909 -6.61310037125775 1.5513419925983 -6.20339387576381 3.6932578192197 1.87066314361129 -4.6724799960239 15.1846224438022 6.04327705462485 0.862105154161155 1.3370750561188 -3.15923894526405 10.9962154019499 4.57856624954927 -1.91844319783446 4.9812978875612 4.05575101221442 -7.40105025004349 -1.99176884718748 4.15408031460623 4.57712522353871 -1.70320897351482 -10.4960303148996 0.249571423968883 inlier mahaDist=28.6378630348555 cluster2 intDim=28
-2.98230502939773 6.34322934792938 4.78399417734005 -7.14962693138792 16.9406267876156 -2.83547301775939 0.741594675947468 -3.61742696134895 -1.31876594015811 -4.23905802501679 0.706978227977251 -5.89563899034852 3.61855645680158 2.23327492827297 -5.68158417664827 14.6470525547646 4.69761758158988 -2.09281892572348 0.670048986917951 -1.79952932553314 11.4940308871527 1.61051876906329 -1.1818739905235 6.12893504248776 4.68124495862389 -8.35225918550486 0.18914897590584 4.40384076097785 4.83786176054919 -1.11717409341299 -10.4011885450977 -2.32235945523634 inlier mahaDist=37.6623183486552 cluster2 intDim=28
-4.15039196219248 6.33441238371809 4.71233773556672 -6.86567233007529 15.2606600139388 -1.66376257937373 1.13771266893215 -3.02929113842953 0.569191744521921 -5.61235200820208 1.11286262169116 -7.36056121940395 5.1928150992729 -0.108721429110472 -4.31519687062908 15.2253993488631 4.04071223755699 1.61074501159653 0.0860258937444109 -2.0079607268332 10.6669021546394 4.44522490789684 -1.91403240282684 5.18368984511007 4.56764957360796 -7.15000157424426 0.422386090108516 3.28790678089559 3.83345292157196 -4.53651632372593 -9.2346078798955 -3.47754825013216 outlier mahaDist=41.3778708769287 cluster2 intDim=28
-0.406220702618933 5.4684073983053 3.83746160804384 -5.64821623656784 17.1039657161021 -0.447827260362072 1.32008087999711 -1.90501876099036 1.43542582025616 -5.13260231263456 0.360152358331406 -6.25748115536678 3.6515016092051 -0.566678095350113 -4.1271105591777 13.8900843201119 5.59883161544861 0.82476244198111 1.119154450651 -3.8605953877989 10.7735920555894 2.91848245086018 -2.27460808144783 6.55317643987574 2.74504534446253 -7.22567533481797 1.39801940859233 5.75459067299675 2.38085280939068 -2.70180682716704 -9.68766657934535 1.1637851773655 inlier mahaDist=25.9998777399507 cluster2 intDim=28
-2.11535181149222 5.89624680434979 3.67707218426406 -6.42309760414207 14.9408380549053 -1.04267227194686 1.46470181306962 -1.96254238897425 1.83873645345736 -5.5268414452188 0.951914271720914 -4.56288063483378 3.7116092201404 0.0934893987018729 -4.30198335670611 14.9788904163228 3.6179722711613 1.31403819513122 1.90185143596206 -0.366244180460989 9.93861437365921 0.62235810907981 -3.46777777273158 5.30317983802217 3.33294880393914 -7.83278293776579 -0.818290345336191 4.08311992190401 2.97944880130992 -2.33862655127518 -11.1034336367786 -0.355957352367788 inlier mahaDist=23.5793368309987 cluster2 intDim=28
-1.54921948808787 7.06962189835213 5.59914021243803 -6.04470669423096 15.8558400028747 -2.04334389379163 1.56134009598733 -2.42869000364575 0.554051047559327 -4.96875919821372 1.4394118414086 -5.10840417978536 2.98104443605738 0.494805235374195 -5.34762943555873 13.6948086022793 4.4325995287317 0.93702008048393 0.36123042166653 -1.54100016512286 11.1488394553337 2.28447408009394 -1.38324053149173 4.98516491498465 4.0702942804968 -7.22675228984056 -0.171100206359333 4.78526295461981 3.2569416257685 -0.907901172843492 -11.6236435005679 1.45168898077616 inlier mahaDist=17.6873512190598 cluster2 intDim=28
-2.62337529503292 5.4991870132355 6.00062584003556 -6.8693643117473 17.9030713100664 -0.999250717062535 0.231618570644475 -2.19562947019417 0.124087741166781 -6.51284202305753 -0.574577434934269 -5.78177021277659 3.78696859795239 0.67805329748003 -3.42973357776667 14.0113848604567 4.41398730686547 -1.19951976822568 0.759882355864898 -2.25644471984467 10.1723388401859 3.25594949814715 -1.42503441512574 6.31428390267448 3.89811679312813 -9.25930009499947 0.864143750761278 4.53156793036842 3.91170127404358 -0.50694723544055 -9.02576857543655 -0.368488640778186 inlier mahaDist=29.2196294231283 cluster2 intDim=28
-2.69613427961151 4.7701851328318 4.97589141719945 -4.72567857150833 15.1924999630535 -0.841926987571498 0.875841935764586 -2.41720757447654 -0.050864810986052 -5.77336523949162 -0.1351580761368 -4.75400467285953 3.68907833709329 0.51371945508588 -4.49241358228296 14.5855742238364 5.20177075465118 0.250319867970787 2.73750028554031 -2.0129790605872 10.3215767455022 2.61271734969331 -2.098395133438 5.05200571972591 4.33370604241392 -6.6015570328618 -0.721657004373394 2.87396421125699 2.57648298728355 -1.23993970046283 -9.44870461739348 -1.42307590431675 inlier mahaDist=22.0744240860084 cluster2 intDim=28
-1.69827069975377 5.84829141068006 2.83221326423394 -6.73427293363645 16.6359167416261 -1.4195717433448 2.50026851724483 -2.09551364572783 -0.636590938413185 -4.41267257788867 1.08923827968935 -6.14040619824758 3.17525838244254 0.141224351774398 -5.41384549943619 13.1573847056297 5.39947570186134 0.904432439472231 1.24269816575536 -2.91197550560979 12.8626531214615 2.45661778814276 -1.90207797125787 4.59161863049592 3.49636332012741 -7.06779694962736 1.26098413152772 2.27736714981429 3.48274517327209 -1.44256618286062 -11.0462103081019 0.337926706070605 inlier mahaDist=26.2978241019946 cluster2 intDim=28
-0.803123161133093 8.36018330700005 3.6862443879808 -7.22522501396921 15.7053292608348 -3.15569085580395 1.92348407957486 -1.78643701777538 1.55348150233517 -5.8712230044055 1.28180664700155 -6.32837993567813 6.06178681786901 -0.982083076277581 -4.14643737705189 15.1056936312292 3.36351687886377 2.28261730610257 2.55789027475712 -2.37500436889923 11.4970541567093 2.90779791250355 -3.12618689420656 6.76832628787265 3.34665527447901 -8.03719919153178 0.914535468041384 6.18333633038505 2.25687986207222 -1.50598958503143 -12.2034189455955 1.07875763867278 inlier mahaDist=39.6000080349477 cluster2 intDim=28
-1.69082374817702 5.98745557213707 4.41449826203986 -6.98552933539236 16.807337615971 -1.17082150773723 0.685531222151324 -2.19034460557589 1.97159473925394 -6.35357413234563 -0.102630786513952 -6.39977474965533 3.89787152755559 1.10461706000669 -2.30699152027085 13.5256129583679 4.04970218279647 -0.59256880503024 0.990178726509816 -2.90006786787835 11.5252200996347 4.26216384618012 -3.50735594064952 5.77075474625365 4.16727049138608 -7.77203226875139 1.62863746783711 7.15138557930055 2.56216083638097 -0.624400683656407 -11.0629709264088 0.958857050643549 inlier mahaDist=32.2011737380979 cluster2 intDim=28
-1.43470561258281 6.11193881343381 4.06641687524984 -5.64264348183825 15.3524608466425 -3.43597296181429 1.40105022628762 -3.96599089100329 1.59540510883882 -4.58765016840789 1.47163085475929 -5.40556966451883 5.17957917681068 0.465904464995105 -4.5967558756975 14.0922016696157 3.28668831251875 -1.18973003476992 1.8754009914905 -3.26210339387664 11.6598310276508 2.47182089344315 -0.683126984046512 5.55283076131559 3.7719939125576 -7.02299885973239 -1.18241140904292 4.43912460141287 3.94996444347528 -0.165708047669757 -10.2538726575226 0.622903887223377 inlier mahaDist=21.2804752437384 cluster2 intDim=28
-0.724260472509666 6.12262891505669 3.44729900800399 -6.91859426098527 16.3624683579777 -1.63338294953726 1.40610892971544 -5.01217481791599 -0.339703557604373 -5.49710355043641 0.0847385169624137 -6.47400706431711 4.11007558297299 -1.17261267209379 -2.76604426048255 14.7605936643914 4.08596224917212 -1.11349936343076 2.2154539888475 -3.84397475443584 11.8611647337583 4.2261981530126 -1.36145192086929 4.18402002158033 4.21971192287645 -5.74395469087371 2.02978839876136 6.03432988841938 2.47445921404868 -1.09703214812834 -10.8627604623484 1.62177363394779 inlier mahaDist=37.5479407884982 cluster2 intDim=28
-1.48112616301018 6.65979984503138 3.89207404028091 -5.61574110953321 14.9737241818019 -2.21654206190944 0.148762537597488 -0.863986075830205 3.01428677005518 -5.73939435080278 -1.34415966737281 -5.36127259640338 4.23785941468648 -0.129328145941996 -3.13932661892377 15.172265561944 3.91239943621236 -0.0276299158648758 0.870967225306569 -3.14006170064491 10.7498111642373 1.54442450811872 -2.89946679781698 6.43070496400116 2.73499341831837 -8.83452146260434 -0.91037988567303 4.45695456185755 4.79344003896148 -1.95069496313373 -9.47490737601713 0.91780117409525 inlier mahaDist=33.2320830007277 cluster2 intDim=28
-0.799665096428539 6.09020421816817 1.39276635261994 -5.75195385346755 15.7936606178046 -2.79303887136248 1.516345566472 -1.96179731350271 1.30526478667057 -4.66875221864318 1.66375403876843 -6.6517499251561 5.13648157523867 0.914775459331163 -3.92071105627098 12.9308976342262 5.31027066193116 1.65833646923025 1.7994582650712 -2.46904766222065 11.2364450006394 3.56662883879657 -3.24998333719978 5.72748876271524 5.31064567447045 -8.74687552314753 0.857268340807115 3.67341084694555 2.79327686583428 -1.62405504779694 -10.8699934229134 -0.0173431655241863 inlier mahaDist=27.7688768653066 cluster2 intDim=28
-1.23596135328607 4.52792546202705 5.7699267071843 -5.93423825371763 17.2471242972511 -1.63635295004329 2.55873664516319 -2.24313205157041 -0.376537259672974 -4.41684035687116 1.77983972128246 -5.24554045889762 2.40949415688463 0.660106286320441 -4.23161994190434 14.8449865967186 5.42380232846723 -0.630229951129184 3.62180084167149 -1.49381873440342 11.5093376155618 1.93788114426978 -1.9903745371173 6.24752965838873 4.83366264103581 -7.51526334650035 0.249869773872906 5.52924887202114 2.23030256420658 -1.92172706635739 -9.22717748813092 0.815147074107193 inlier mahaDist=29.7991682784061 cluster2 intDim=28
-4.14254303206778 5.9929443849204 4.49987274649241 -6.37955234710779 17.1097233000287 -0.667137009578218 2.34541336144309 -2.72229331331923 0.572294391542056 -5.66181333866374 0.799993036569749 -6.17844580237335 4.44516185249263 -0.27581617844517 -2.95722302648821 13.2630017041979 3.62878544756212 1.38331838859087 1.43546174474314 -2.911952302443 11.3616829629756 3.49141436769912 -2.35773442075574 5.75132327221418 6.57404288986535 -8.27707837502227 1.51045787860143 3.16603386997787 2.41026848716718 -0.751666148975857 -9.35941974237664 0.707676059231853 inlier mahaDist=27.9261566939767 cluster2 intDim=28
0.311299030335322 7.55134380705768 4.01025754162627 -5.9947860226188 14.5277409567541 -0.535332780103952 1.10479791234865 -3.42611408224287 0.967774819433904 -4.44488915330377 2.84225525410835 -4.39914489040173 4.78413036278259 -0.143174298122611 -2.08491064429552 14.168175703248 4.31075930149652 -1.86650602950573 1.38720211767141 -4.71144407896409 10.3325193660006 2.71665023603593 -1.46817992108014 4.53875955226049 5.14705892821583 -7.92724639265922 0.295689441185203 3.50096324874873 4.60429402378624 -1.12798313067845 -9.94334514719021 -0.0649329514500483 inlier mahaDist=35.2826141557998 cluster2 intDim=28
-2.73986704166508 6.1225793583522 3.90506516376254 -6.07870549241388 16.1076081089523 -1.94056379897691 -0.459008417585748 -2.96828301538956 0.978881418285127 -5.63727486875528 1.67053482336786 -4.70602372839498 4.41418680149489 0.204778088759473 -4.53732745121369 14.0847791843157 7.10819889480904 0.61912176609749 2.58529964449861 -2.05442318396881 10.6789510556474 3.04404141098722 -1.28018734478223 5.88751481363194 5.44363624374577 -7.66186781013962 -0.0457302222347088 3.57826333620717 4.34290577442736 -1.89726515162542 -9.80370719403683 0.368319210181657 inlier mahaDist=23.8711679387301 cluster2 intDim=28
-1.91049969240693 6.80545423280797 4.38232508504456 -5.37717302867179 17.0503827380786 -1.27378590527989 1.29820735865545 -3.19250300944367 -1.12825954397781 -7.46720395955338 1.24281313694925 -4.09866919400945 3.8402347452535 -0.239589338807974 -4.52866814783557 13.8409225129398 4.61092151467637 1.06216835471619 2.52170172667735 -2.79016497544375 10.0211421964253 1.74825496620296 -1.65389197782539 5.07158558516647 3.36985597973076 -8.20087985008136 -0.0539134594770899 3.6861419187008 4.57227608401552 -2.86729177376733 -10.6559295817874 -0.651773268810412 inlier mahaDist=25.8542461588974 cluster2 intDim=28
-1.94562406584942 5.25097432573914 3.46229346524258 -4.64224640914338 14.8648945291914 -2.26453990517065 1.29932942400457 -2.75270313776711 0.526511919218152 -4.58553883964596 0.815048433135234 -4.29564498276154 4.64358019535291 0.223698970553793 -4.19173604145296 13.8185779766016 4.54337652594267 0.891732842465278 0.522858386112353 -0.63814100829379 9.52199392120416 4.01757871948195 -0.626570664234849 5.89202974609062 4.33631623067621 -7.30416172604741 1.77572429946406 5.6833454035341 4.35984563062055 -1.4078571387863 -8.68145549655416 0.193147455826382 inlier mahaDist=28.0383565502004 cluster2 intDim=28
-0.759739452522782 7.42194498712562 1.87696627170535 -6.09824997916739 15.0572245269678 -2.27798981632912 2.02476738777486 -1.15494797893146 1.69575231967379 -3.76969914982328 2.52630295663104 -6.14446910844381 5.96086312963245 -0.0822725446589875 -4.56483013685171 13.6156088240446 2.40806758587315 0.714526947600602 1.9974581600615 -2.43640766482438 9.83654408817429 1.98744413989551 -2.29810726138283 5.96312966556367 5.18315440155387 -6.3657651262091 0.194761031030848 5.66130671054594 3.40491920628116 -1.85864080249498 -11.1781349776101 0.366037552041487 inlier mahaDist=33.9553183288267 cluster2 intDim=28
-2.83126742104422 8.28959796677238 4.26634197831433 -4.95411832209368 16.7744701184088 -1.43012138663925 1.50954040478128 -3.29487330336964 1.81870815485616 -3.59482304686027 1.6604030189347 -6.30342699264305 4.00916135977991 -0.23301080940997 -6.99483283696762 15.0569843711322 5.54321974679247 2.38889481884337 0.972964713127759 -0.952722293378564 10.1797373852382 3.57647379399343 -3.32557770969546 3.91873029468785 3.33123491592433 -6.25724800871033 -0.491598771716149 3.32466539503502 2.73896739857789 -2.2764489472841 -10.8288500433831 -0.750303375127248 inlier mahaDist=39.8949410930575 cluster2 intDim=28
-1.01504529915058 8.64612338902937 4.44959050485114 -6.3578173467891 15.7044130435228 -0.258487025271141 0.8582234205372 -1.80286963419221 2.32347430050068 -5.67804016730343 -0.721879628908022 -6.3084834305032 2.08274960374561 -0.660207527989574 -4.23749787020576 15.4625139630404 4.06757917076974 0.365282237948813 0.724198772736755 -1.17274548356208 8.61549562837171 2.66947016988517 -1.51867446515535 5.71194337740779 3.86733142888468 -9.8780016792885 0.580165930961951 2.85354094650086 3.6513315871882 -1.57295131406029 -9.72211236111302 -1.23729879507284 inlier mahaDist=39.7955550774549 cluster2 intDim=28
0.00679332302572266 7.4215300326941 4.58371077958105 -6.93740309183993 14.7471928476474 -0.39381388093767 2.63457816591209 -3.23186458876805 0.835259410331995 -6.3529609949474 1.48903072448948 -4.39357524792745 4.23646423937623 0.403764231261001 -2.21466881221343 15.6898054679058 2.26671854978557 -0.702772294226236 1.2219033251098 -2.64770664356932 10.1486187544784 3.4359442398013 -1.58407967086311 3.641507443084 3.49243465059299 -8.01167138183484 0.287464490748596 5.5553730626527 3.99906047900571 0.130798684083541 -9.51726657684785 -0.735816592399859 inlier mahaDist=34.1467192154562 cluster2 intDim=28
-3.92930620168568 7.91626844514189 5.32030187641406 -7.32952472715951 15.0378135573368 -1.6044792275476 1.91470798868265 -3.39409732543738 -0.64473781616288 -5.37829997055326 0.742212506033127 -5.6100587099439 4.86890894602201 -0.158152505481754 -3.21669277268094 14.8503582575752 4.83609019156913 0.829807484202773 1.86686364269793 -0.530089036564417 11.4383673273919 2.24605722896992 -3.16437639078416 4.1195500454234 4.01976496527095 -7.08000084285836 0.0283259222757736 2.04946111176686 3.90146810936264 -2.23417440621335 -11.0268974469128 0.184777539561414 inlier mahaDist=27.8986063577556 cluster2 intDim=28
-1.25962004766264 7.03494760754731 2.09469898596503 -5.13785060215994 15.7705308708195 -2.01412244333753 1.17979497012013 -1.66735760054554 1.00081756898572 -3.58526474891037 0.235657239693443 -6.61045077948081 4.75646877851635 0.255878968577577 -3.84433368560138 12.4125973427425 4.3970659291955 -0.26079424961547 1.95186908639887 -1.29980045887484 10.3317431850562 3.68591606589737 -2.65479496484491 4.65007273828925 4.70212954556448 -7.09239829639159 1.73191255644033 6.36961320105254 3.32344397802134 -0.746143747706651 -9.69787864971271 1.21920493361347 inlier mahaDist=29.1046924606202 cluster2 intDim=28
-1.36330866499679 6.39757349997314 3.77856085829217 -5.75188595551986 17.2718587892273 -0.844928278200645 2.64271858048603 -3.87700491789585 0.0917500344953363 -3.88614816469573 1.66963557114516 -6.12819417334209 3.31668062010336 0.318137611951671 -2.60713548419607 14.370858756945 4.44562093058602 -0.422460148134001 1.53720249589195 -1.8132906525618 10.3120996359358 3.69648574578815 -3.50418662582716 5.20377778977708 3.65448115872572 -8.02623847425418 1.28203035310456 4.66558698765795 2.31551383826688 -3.45801494209315 -11.3149252585242 -0.999661273124237 inlier mahaDist=21.0998672202821 cluster2 intDim=28
-1.05366073906836 8.00232386521837 4.06057388809312 -5.59998252441203 16.4614266827336 -1.49012807948736 2.5170628006571 -0.263692224008907 -0.44625564256918 -4.7549517838708 2.27116334666411 -6.83547476521321 4.98238952835164 0.375378556862428 -2.41080453884836 13.7101252747638 3.56317233400341 1.01725513555878 2.34273627920419 -2.12994348990159 11.3000217536926 1.38877063107466 -3.8827845646545 4.87507100945699 3.78560935680288 -8.31507363718709 -1.43443302197854 4.60258567178075 3.88519810600937 -0.990746335660304 -9.83298092754053 0.0594610019626007 inlier mahaDist=28.8003383405178 cluster2 intDim=28
-1.48468447502037 7.86493662941098 5.73567026214481 -6.24630065617905 15.0168852872481 -2.2040295169878 2.74698864851721 -3.53960690758613 -0.861150542492374 -4.80566404872736 2.50165808751032 -7.31436293506341 2.89473845066225 -1.13431231764722 -2.52174554855943 16.4067829825604 3.75031196008348 1.00661962034068 1.56902972048362 -2.04549168215796 12.9676201756078 2.31945052006411 -2.48773459075323 5.23952915130866 2.95985111711415 -8.26535542329004 -0.628997163052744 3.5226004430597 4.05967872354523 -3.68121921176038 -9.51014469921464 -0.587498055228527 inlier mahaDist=35.6189255577387 cluster2 intDim=28
-1.48126455419119 5.96381130184874 2.82922726397343 -4.80725644761586 17.1597820973445 -0.744414148205896 0.347904548646924 -2.9972118758839 0.881955817624473 -5.19872256056593 2.24365340922196 -6.40379763947219 1.81253859444477 -0.0561160218585622 -2.94220769607794 14.0693264804937 3.06736800078543 -0.677286419789431 1.7559431168497 -0.653056910800381 10.3585400781942 4.75576713252626 -2.93759592963148 5.40158721090578 3.44014816929967 -8.16574565788689 1.61569076609074 5.74208771596012 4.26100089971512 -0.975017608045157 -9.96084680266898 -1.71024877781074 inlier mahaDist=32.327429181091 cluster2 intDim=28
-2.25798482068202 6.01010224608372 3.99937266257691 -7.48249754401934 15.9668377972612 -0.237947060939304 2.56016114304845 -3.5909181247787 0.425141224590121 -4.16461662132347 0.82024699278911 -5.84096315172167 3.06133678320863 -0.0464253882524658 -4.07357253057445 16.8439062782884 3.0282732076834 -0.474490987643316 0.794086711277372 -2.29072867228857 9.65246783287716 2.64080373692812 -1.6262351292114 4.64613366962406 4.76931208552803 -6.65612299568325 -0.12988260204988 3.82355137775128 3.08583562879644 -3.91223816147146 -9.35843798713566 -0.336785050128309 inlier mahaDist=25.8421215756612 cluster2 intDim=28
-2.46307238830946 5.49219985442047 4.14946726153451 -4.90603678875908 17.2403699796925 -0.644567222855155 -0.143954587777351 -3.82299360168459 0.127616645952833 -5.69523960945828 1.33641799721284 -5.47693078697177 3.29362510561985 -0.144880166671116 -4.13266355513384 15.1914339018944 3.67678013600318 -0.795566453393685 1.99475572647683 -3.17609893660213 10.7069579414081 2.17672352585954 -3.67913427207815 6.11810811657992 3.82468556474723 -6.61473195057363 0.719008239485956 5.54817586756002 4.57126162190376 -2.05750313088837 -8.38207168007072 1.11680101980196 inlier mahaDist=24.3610848528805 cluster2 intDim=28
-2.95093703480503 7.39876827358613 4.67211791086471 -5.66812102161808 16.0284314002812 -2.29392347268142 0.246723957861467 -1.62402811120807 0.239485475240351 -4.24668526437886 -0.118883327811589 -6.7236258249489 4.11847594964185 -0.136465471799819 -3.91826538032767 14.2815363661494 5.59699774785516 0.443118593626822 2.33999626763352 -0.334441796540389 10.6300115795468 4.28565406305548 -3.13134332598287 5.37474914253597 3.23350016221759 -8.02855015647248 -0.144660530657519 4.2790130698429 2.91160044360493 -3.04330134291814 -10.4042589969905 0.586980614716259 inlier mahaDist=21.3784742605047 cluster2 intDim=28
-2.45359756032477 7.64917039469538 3.64618209985619 -7.42628807359847 16.2281709461281 -1.31670873773885 0.653127163914156 -2.85532816735779 0.627317802242108 -4.08152813754765 1.2919016796705 -4.09722746078796 3.48929364205826 -1.07276997218666 -4.26239466450599 15.7955958769795 5.28983037091195 0.563670204015571 2.83438576482843 -0.357768036757989 10.7972695675581 4.44885886176516 -0.90663212560896 5.14695008071041 3.6127549775226 -9.36680861932466 0.278100968308666 4.41229556807851 2.48421778364485 -0.360750333445044 -11.2240329802692 0.655220542560283 inlier mahaDist=31.6225586695361 cluster2 intDim=28
-1.21148549459481 6.250740553201 4.15340466963948 -6.66668123602949 14.8369540767702 -2.13264178524528 1.69382714576443 -3.34525844016422 0.821237454754859 -4.23083682082372 1.19354764760512 -5.73256462431243 5.41641987439511 0.906376737286727 -2.52348130093345 13.2185147752722 5.9072354062835 0.268511293944685 -0.176289544719199 -0.80256709052066 10.1717359593851 4.01513635562883 -0.959690856159435 4.58247245229069 4.54772538728363 -9.32865031250009 1.01876691851604 4.83521726825946 3.87742736617145 -1.72663846719367 -8.31860881737503 0.809928372838769 inlier mahaDist=31.2650079655605 cluster2 intDim=28
-2.51779973503704 5.11012663276195 1.58226271514406 -5.64195059736426 17.378247186403 -2.30889439845808 2.45094705729667 -3.32405593814704 0.479340565170682 -4.3202342201915 1.77864472648295 -6.60524371307747 3.67003673804949 -0.125708643060528 -3.9609610307695 16.4722448801945 3.04184987744686 1.13857402436192 1.92735199637314 -2.10254369504095 11.7332403107099 3.16147655425064 -3.12578303994208 5.47936173976426 5.78928394970097 -6.98452557247019 0.684461748737526 3.16349876029221 4.02756409072093 -0.321968118853261 -9.22541547708816 -1.0703945710425 inlier mahaDist=30.7293012876729 cluster2 intDim=28
-1.94656425913495 5.26325764939261 3.93647934598897 -6.76037964329515 16.4846717164321 -2.03665365162087 0.699343907704162 -3.44309566994363 2.93709333157749 -4.92595589673759 1.06724306199646 -6.11455571341416 4.63131913754106 -0.246034115324299 -3.26324886320039 13.4208451037774 4.02891195764673 -1.42855442712557 0.742444543302041 -2.5322337971158 10.4070870104613 3.69961659379488 -0.877752946343024 5.55915260558329 3.01312065161813 -7.35136035228453 0.0344916087546642 4.34271281630835 4.25767774023921 -2.90105095685572 -10.2949433627054 0.410488546422323 inlier mahaDist=21.4026421167004 cluster2 intDim=28
-1.27424421192776 6.53750358700637 5.93610308576388 -6.45165953321461 16.6354510234179 -1.10802597388399 1.95764772678976 -1.09766499464376 1.02609455518487 -5.1941154388353 1.03172002829052 -6.36090681360995 3.34804881760123 -0.280298616555186 -4.90543197556931 14.5958091467276 4.4840589939269 -0.219177460911709 3.24097899044445 -2.13521566317884 11.6496525046884 2.66553732657379 -2.65839929030905 5.55446566059037 2.42817181608946 -7.1462586390964 -0.0898419835813841 4.32946566352848 2.55016743818054 -1.71618954825525 -9.87604492062952 0.371112328770731 inlier mahaDist=17.7548848020606 cluster2 intDim=28
-2.06255447838907 4.89759305227297 4.19195461648125 -5.83135805217978 16.5174894167218 -0.304945469938899 1.39583418242251 -1.92866464902178 -0.719077771522186 -4.66468677920802 1.95621102637831 -5.81215342687504 3.76273446037829 -0.459027098406012 -2.91386282309214 13.5129512179823 3.47941318522195 0.863044151433526 0.375002693663316 -1.59069200952014 10.9302116218245 2.32736665457988 -2.27288461523774 7.24726501224577 3.36653001187096 -7.93620963647709 1.30815170072336 3.48009073516055 2.90870755613752 -0.0940026904361443 -10.5972644900454 -0.199132491918501 inlier mahaDist=21.9689566444071 cluster2 intDim=28
-2.64453832379437 7.4408471472445 4.2450907737163 -6.04398392159165 15.87021557722 -0.784616599447672 1.25334538543665 -2.92302752986295 0.687483183798778 -4.57576651516655 1.65970467956157 -4.07003236848923 3.31417383980769 -0.705307119702669 -5.09730047108177 14.369434170448 4.42590252198604 0.205867087958036 2.35727449259791 -1.92528338222435 9.2277915435236 2.67744541259835 -0.890991438102435 5.23298102748884 3.80905649547857 -5.66666896827733 -0.924272945052537 3.55118889931475 3.32528707477159 -4.20454435562966 -12.2996677206847 1.72547477534299 inlier mahaDist=34.5625722801715 cluster2 intDim=28
-2.03443091794093 6.67570351474922 4.5840531255192 -4.9195905143648 14.198170372484 -1.50923169577112 1.06067859955552 -1.89167599286401 0.0306070005245813 -6.25884433878588 -0.364702939500185 -4.56205269492082 4.53042290575507 -0.423457166309678 -3.26509469060598 15.7706150403036 3.61302686646116 0.580975945227389 0.612885996843266 -3.2476544359849 11.7727380110686 3.20573089081558 -2.17076024311116 6.34182987526427 1.20418013237163 -6.77127139883294 0.901722126582824 4.65175785983444 5.62711779073086 -1.26067131632353 -8.98766494502032 -0.678336505145025 inlier mahaDist=33.1714391796935 cluster2 intDim=28
-1.84397087265522 4.88428202164611 2.07411556613513 -6.78359362247376 15.6958118913902 -1.3201042098661 2.19457833413256 -4.36055336252378 0.860694160917965 -3.72568206857195 2.28865373515327 -4.41170616584788 3.31209588633731 0.133969024292913 -4.35529755321664 13.8356572651563 4.01699405444361 0.120357186231917 1.82396587847583 -1.8774709734756 11.7149725146334 3.96970213474456 -2.08992433924742 4.48872131767891 5.28901531035184 -7.70916814241786 2.21899050191426 5.06396560841291 2.02969188048177 -1.43257098707108 -10.9200319360414 1.2465124154119 inlier mahaDist=30.9040430676467 cluster2 intDim=28
-1.52527964059009 5.59007639358251 3.38384237454489 -5.70331422376846 14.5124484067286 -1.88695870254759 -0.187298790088681 -3.44538608431762 0.551876417212762 -4.38688629667968 1.72133409346552 -5.8413877644426 3.82586273943135 0.508060842354966 -3.35806165181425 14.0944012006175 5.70303328014985 -0.180693236807568 2.22341864091274 -2.21729184171007 11.9356237069269 2.01341497916831 -2.72966978426661 5.35825163093465 5.4472324161029 -6.21427992664965 -0.0698275878168751 6.17665361861882 2.49658154860104 -1.26084982632612 -11.4165732483822 -0.39353702464378 inlier mahaDist=23.4761341101216 cluster2 intDim=28
-1.61772170778969 6.49295085659789 4.74906608735824 -4.40308024724496 15.2849886194538 -1.5860929862168 0.190679738269954 -2.9560203280027 1.00474671427785 -6.27260900091865 0.856247751872135 -3.56945346140968 4.37858216798345 -0.455109149135079 -2.7040885537233 13.3528696233653 4.18815285073553 -0.481006360676027 2.46633082792916 -1.90484066766694 10.453417992009 4.21107502353263 -1.68933948229417 5.87040628996995 3.29054291618066 -7.75692901413631 1.29862786196541 4.8046995250974 4.17991294826799 0.953133800578214 -10.3402907706809 1.04733307003585 inlier mahaDist=30.1957784980242 cluster2 intDim=28
-1.91975831892339 4.95435512063299 4.61648779691659 -7.08390883144717 14.8551304488878 -2.38603134359902 1.68226175493268 -2.27508504309479 0.415580599250532 -6.78251437738368 0.526739234565395 -4.84087219958337 3.87834373838369 0.932723416336353 -3.69297321407475 15.8555980297903 5.09961028036467 0.932069525569782 2.55072471857802 -3.71592039339683 11.7973822483941 4.09486635714074 -1.0140804527587 6.56656211122915 6.04193134950424 -8.01841007097839 -0.120362309266242 3.17098535442691 2.88844156293836 -2.28828753353218 -9.36268295894197 1.36930848156021 inlier mahaDist=31.3363080021022 cluster2 intDim=28
-2.12273026541919 5.15196629309842 4.57927605230719 -6.20030252771566 15.8109669170619 -1.30918027646522 1.73010009056283 -1.9328477220606 0.510775272007513 -4.3462421487262 1.43964397448439 -6.49646631018208 5.37583909588377 -1.06477676607708 -3.59943224774466 14.144427935192 4.20690251804684 1.02713004391427 1.53015826574998 -3.18204191546673 10.9956699009267 4.8833439630071 -0.290264494434195 6.08670095926042 4.0262340024989 -7.25197207234517 0.25972870826331 5.00436260134343 1.93980887021413 -2.45856655187327 -8.48172814040382 0.54489657060805 inlier mahaDist=23.7003422425675 cluster2 intDim=28
-2.41460240572662 6.69734365699911 4.77208234927464 -5.19569854026282 15.5537669424932 -0.561179216516971 1.67147301448882 -1.78707600875774 0.0380864632038607 -4.75627098867722 2.23307170671232 -6.29152923410269 2.80468379392606 -0.340554393675542 -3.51412429673693 14.1982919096388 3.28677007527082 0.260420951586449 1.72074719047327 -2.5139634447747 11.7882902835959 2.24542491818525 -1.15429959557837 4.87899347155947 4.22252873721599 -6.24573291657946 -1.40427419312359 4.2057415347746 4.4077805826489 -0.691364201952814 -8.46122154380387 0.826757511692773 inlier mahaDist=19.9298096256886 cluster2 intDim=28
-2.6142308703272 4.64373192460612 3.99842782646618 -4.23719447891903 17.1431558053789 -3.07882900221516 0.519121491932659 -5.19824384657857 0.840679456058477 -5.40780626360738 -0.658873360296886 -4.53283747274751 4.81132657577246 -0.395972096939867 -3.34965140472851 15.1808066655433 4.29179747594417 -0.643546137365237 0.958733623237739 -2.73796363438853 10.9254528454773 2.54119961113054 -1.58159377110126 6.40096410858663 3.01049881212757 -7.61384282518165 0.279447910158965 4.00050870934019 4.57375917103541 0.281953101365378 -9.69010302436531 -0.0929009433114203 inlier mahaDist=33.1300332619378 cluster2 intDim=28
-2.28860253035888 7.65138678062775 5.09554094768863 -6.65110037333881 16.4026912128815 -0.339514696118051 2.50237514420777 -3.42748686414786 0.882490600353167 -3.63828277203168 1.54310418089311 -6.92946240126669 4.51867657573324 0.39993623079522 -2.79966654452847 15.1523837884115 3.86649908765721 -0.324978578929402 -0.554996028109692 -2.2216834610958 9.84429752063773 3.29621842577717 -2.37405906493884 5.00219358833585 4.89209004862083 -7.53986871859335 0.721871708811933 3.95327366975998 3.59957178833999 -2.06296521023513 -9.25017771875923 -1.49404701387304 inlier mahaDist=21.817764807686 cluster2 intDim=28
-2.09313156657355 5.9229449550821 2.66121552981575 -7.08386006825752 16.1252347675727 0.134822854476395 2.02773075432789 -3.39068840461933 -2.13994355782484 -5.5826285882586 0.920708328391864 -4.95612709966403 3.64198614869034 2.41562884016599 -4.27297806875177 14.7880799820327 4.02820804268826 0.587643189339743 0.00419992542755776 -2.8428280630275 10.1702939744992 1.96737748458614 -2.16288228632421 5.11784599898081 5.75903994121129 -6.89308088467444 0.70162171379968 4.73887969190358 2.97179720610218 -0.60305322449342 -10.9705941439132 -1.20322624500842 inlier mahaDist=33.3440816713693 cluster2 intDim=28
-2.23402415743915 8.56541351668093 6.23554914082681 -6.12001488605331 13.5014126419288 -1.58639121442239 1.24451404226001 -3.15684380843164 1.49679891600065 -6.03830728886399 1.82822970631506 -4.95673594316699 3.94223124960134 0.649355337147948 -5.64755286277106 14.2147261201108 2.76393035620822 0.260853813678037 2.47787214944021 -2.73224564758738 11.8833542457644 4.63072936687608 -3.39724208128064 5.62428153558136 3.464074243114 -8.14976569678055 0.74857930618114 3.54818643988335 2.10824206794112 -1.34183308230345 -11.2182973187773 0.896603256307583 inlier mahaDist=35.3460650145224 cluster2 intDim=28
-2.25812257348264 6.21906207191253 4.12703598897255 -6.76739761241008 16.7403041019217 -2.2168060321678 1.71747356264333 -2.97910019114205 1.96253526912322 -6.52766842138128 0.60864840298876 -4.51372974953519 5.63699635562237 -1.19660438119296 -2.20739587044999 15.196754395372 2.59095537463919 -0.116321817203896 1.51163149956656 -2.64167695279296 10.2943512645103 3.0013241701012 -1.01168697534033 5.76710227657956 2.79251866133549 -6.35022175110779 -0.152921869556396 4.61260993668892 5.10833299115777 -1.10290731110123 -11.0156086706861 1.27581547987862 inlier mahaDist=29.6753935590895 cluster2 intDim=28
-1.01891621023427 7.00892920772169 3.31437205461321 -5.84054212317523 16.5260457683104 -0.997191118688521 0.555074942481226 -4.37848601215747 -0.0942526438689384 -3.77318449415682 -0.311098799311908 -7.0323177333942 2.46143278213273 -0.563448960857364 -3.2372225876184 15.4476121011103 3.58511299617624 -1.75534084495276 1.15449342625596 -2.8249026926465 10.4204221710947 2.43173098804336 -2.12673940575756 3.62279178364247 3.43905844141716 -8.2240034657334 -1.04030627012435 5.12019713932461 2.90273717372166 -2.52880709735805 -9.747613875031 0.18033017001241 inlier mahaDist=27.0759308199848 cluster2 intDim=28
-2.1010406355512 7.36253128385526 3.34262779598204 -5.8418297663425 13.748506408305 -1.29088895819001 2.25792372024898 -3.72831146163304 1.39818918618163 -5.8012996380775 1.23961121828948 -4.8182413602355 3.71727989988725 0.672858968664089 -5.09587486274501 14.564917180938 4.41604584836499 2.18053435545172 1.70844235137019 -1.1718189033675 10.9669286475025 2.69237537191767 -1.864447456726 5.46815188601757 4.39920184670708 -6.74958209010501 1.15330329084487 5.87274026246377 2.76747903143944 -1.27025780466508 -10.391407158891 -0.286869331036039 inlier mahaDist=23.7131070217379 cluster2 intDim=28
-1.58025331131166 7.0139451117633 4.20224059085678 -6.25398150949958 16.4093884417063 -1.44396143178928 2.28022115668669 -3.0134192049496 -0.0451509020156509 -4.70097021725469 1.94419711881224 -6.80028264030156 3.80256108396917 0.148248035749806 -3.086476262424 14.4904516986225 3.68525175988067 -0.195831405478061 2.32003908004719 -1.38958812205604 10.6475711623429 3.73540611164588 -2.29878696307305 6.43092508644957 4.55999709469309 -7.27981919696608 1.35070590289698 4.68901499309415 3.33409561629345 -1.53859271059418 -9.44324825246602 1.4677632146874 inlier mahaDist=12.3469116508628 cluster2 intDim=28
-1.99373582631224 4.50399695359595 2.8148618241705 -6.31646807841729 16.1726889366106 -1.31394994348175 2.00155216323655 -5.33154297915566 0.858119586796581 -5.8178561857384 0.822559949803077 -4.98479785354846 3.24608882060473 0.564057645783795 -3.14940123927346 14.4095984951859 4.13979568186036 0.999202317013505 0.136343155829753 -3.35649426187899 10.4055809683051 3.7556949926867 -0.117811451339524 4.57709543274935 5.39561061658627 -8.24460573023763 -0.803660212108262 3.70368967800708 2.43134518813102 -2.23238555189085 -9.91699740108786 1.73145014674561 inlier mahaDist=33.8589394223306 cluster2 intDim=28
-3.95387137132278 8.45593102572603 5.37515453152747 -5.02577766932254 16.0514520145484 -0.402487984356991 1.22883525134604 -3.40970018391657 1.14830479570644 -4.08136064803254 1.04048568844057 -4.5411095631769 5.65849500436032 -0.552097884844565 -3.2866986395347 15.1471273565284 5.4658535874159 1.12643751828358 1.51707214537335 -2.90869318284672 10.4370044577596 4.05708800363502 -2.11447124558291 4.73694542955255 3.99075191889386 -7.1362967497895 -0.829079969539149 5.44794445885077 2.82242213340862 -1.5353109772963 -9.43889261761397 -0.187344551462255 inlier mahaDist=27.5752514906231 cluster2 intDim=28
-3.69994735686419 6.51779221315095 4.00418262829746 -5.8989630136286 16.4473113550562 -0.711528489751923 0.473929764699088 -2.68515911853708 -0.123548286318027 -5.8138883112105 0.801498382794466 -6.45786803381094 4.18229680564054 0.425388354095282 -3.7305080734486 14.6136102036324 3.51008462582959 0.197104342382491 1.64743751324277 -2.73300407908655 11.2363460793974 3.00027680028887 -3.71916827211948 4.0108445421517 4.23588661230741 -6.80162426737611 -0.687372378182941 4.82350669116199 4.25623800560611 -2.33895513070152 -8.5616625088563 0.181981550730466 inlier mahaDist=16.4297940670998 cluster2 intDim=28
-1.63012088287699 5.12683037263717 2.92541876005035 -5.76943700245884 16.8003216336619 -1.17305915486792 0.68052012812568 -3.92494627694648 1.76788530098274 -3.14584771795848 1.51676067748484 -5.20889813287195 4.46664742472695 -0.484628402845995 -5.00951418735523 16.5994620976949 3.96082731518285 0.0264621086384043 0.598168673304752 -1.45794004704261 9.44660420572498 1.63616810443948 -2.97539470347056 4.24453466925554 4.67138121723533 -7.21483594630451 -0.411483117215398 4.08847679207268 3.65756307387222 -0.326777993095659 -8.45616026923747 -0.185896340603728 inlier mahaDist=31.025538043639 cluster2 intDim=28
-1.5430226542033 5.84105883482791 4.38389990443819 -5.76832699778735 16.8588255506009 -1.88781494808781 0.668925062968674 -2.66854954055857 0.317417985071751 -3.78138165598231 1.27238378320816 -5.95260059970488 4.31036722065144 0.513428542043511 -3.58557565377203 14.5167102806923 4.72692334342549 -0.562938957953336 0.713007736365299 -1.94546863012958 10.9949059250825 2.75546064162733 -3.00497595250589 4.66379627394157 3.55602846783776 -6.37054253835786 -0.523737052121259 5.87287890034914 3.41366178579667 -1.19913957220501 -10.8664826695334 0.613935436555723 inlier mahaDist=12.2301966824594 cluster2 intDim=28
-1.4094652778334 6.85940413033209 4.12648360039764 -4.56015115729469 16.2428085413827 -1.77177870859053 3.01483876914423 -3.00187204806392 -0.533154033530032 -4.76131586054571 1.22459862577777 -4.97280093670928 4.38257587785266 1.23666673976932 -2.41650986090196 14.946029754862 5.12330024312508 -0.501228584797438 3.12575811626208 -3.05096365960841 10.9715151363185 3.0496369894137 -3.35365151368632 5.70384202526941 3.70371641473646 -8.79542979986598 -0.465626411497205 2.42670082895235 3.93548511017622 -2.29730695376925 -9.27254808579723 -0.705547427688492 inlier mahaDist=23.2792268632256 cluster2 intDim=28
-2.5975986208964 7.4296388451654 4.47177530165146 -5.61253773213309 16.6686961052553 -0.367792791363913 1.33377389046366 -2.259287332587 -1.37486170294311 -5.90316527852834 -0.0839747154441318 -5.39846556349241 2.53772010160488 0.50864074278314 -3.38385179658703 14.7566446243232 5.23644277085267 1.49665419490375 1.19403088650956 -1.49337573736416 10.9443075591934 3.88541715772466 -0.608992542307996 6.08973900412001 2.51292185910535 -7.95541941257559 -1.04646934947916 3.50194998677749 2.95375761937704 0.803491190207166 -10.8456528793351 0.653135679276675 inlier mahaDist=32.0667516182888 cluster2 intDim=28
-0.32881899238732 5.16659212976326 5.95726799122687 -3.70277474130557 14.7694961164164 -1.85351682849693 1.58893738291106 -2.55103628662156 1.06125419134129 -3.50186381166467 1.87795081083566 -6.00896295293409 3.3012321236011 0.658840782580746 -3.70402120800371 14.0935712739697 5.37518608431381 0.729252312144552 0.44820917858538 -1.63369595027199 11.4786765492291 1.97785923028412 -2.51704645142477 4.76997785842438 4.46725907696578 -6.76761504433004 -0.857374480427824 6.15745376941769 2.60524548959857 -0.257056414386643 -8.16448611629953 1.1763139695888 inlier mahaDist=36.3479668009479 cluster2 intDim=28
-1.42286303672563 5.89861849638806 5.04478028676148 -5.67146365277406 15.4404268913126 -2.34589569934544 1.80911221453843 -4.47666268809408 0.211830849707677 -6.50734016636649 0.264397701186587 -4.8771670354004 2.06262893495129 1.07135747954286 -4.14157245487307 15.7039284304965 3.80823592475178 1.15719752055739 0.294948593327327 -1.13910452042188 10.4336682601337 1.63618647881016 -4.46958961367179 4.1029483302007 5.9762583275054 -8.05591249914126 0.853563307263057 2.94004313392979 2.95119977747979 -2.13106471413615 -12.2431692231305 -0.618948304914849 inlier mahaDist=39.8148090972599 cluster2 intDim=28
-3.08821335870124 7.51198238419412 3.48351244150222 -6.13026975939691 14.3813412764365 -2.26244542124794 1.74478143886101 -1.49207006083031 0.502567497281272 -4.65488087034893 1.83989346200827 -5.37171388779375 4.15802728351031 1.45371654858257 -3.59898795361029 14.1827087630292 2.26389992386964 -0.393815344135984 2.10008436003554 -1.28434290697961 10.8400701858712 4.06462537237446 -1.22800906246204 4.84617208576117 5.7333748822936 -7.06551974772823 -0.854310691963315 5.71892519908732 4.70425110571588 -1.26134420440364 -9.42337228838488 0.463157521599945 inlier mahaDist=26.3216780104385 cluster2 intDim=28
-3.05469678085231 8.04569781526034 3.94728620026676 -5.40615839762309 15.0388822464955 -0.783417062586693 0.909255687881927 -2.56095124215204 0.960791446157942 -4.55937904783957 -0.233428064995864 -7.94741388125168 3.61257931741238 1.20460914485985 -2.8684179296752 13.4567877468198 5.21366073668527 -0.413090298268593 1.95840520082418 -1.42052612400146 11.6037114097219 3.1529284796624 -3.72071822302058 5.14960964671388 3.79955249640381 -7.32021270198925 0.394599174389787 6.35184287154064 3.23131275540645 -2.09338267823073 -8.74215853815014 -0.714713755888963 inlier mahaDist=27.557383029906 cluster2 intDim=28
-2.95098450908153 7.17852253974926 3.56822822567806 -5.16978204303647 14.7555318330034 -0.913463201659524 -0.380041906261492 -1.14228072502368 1.13947368412898 -3.97831041966371 -0.240613430761559 -6.24680886550159 3.48351525670669 0.737735528779098 -1.67075463803503 13.6377508463487 4.07825629786603 -0.888564125241275 0.461659326124571 -2.15526704215815 11.3964671453546 2.81068115554264 -3.96270557643861 4.77027301299976 5.23484547353001 -9.52275773195765 6.82856801000886e-05 4.54452162525344 4.14053466724051 -0.486104054491162 -9.43683193054913 -1.31780436680135 inlier mahaDist=34.350094094105 cluster2 intDim=28
-1.52877922697325 5.09514428304953 4.95536369466477 -4.73416067736359 15.851613440581 -3.71783138143605 0.943518804039788 -2.09307498089861 -1.06746542652484 -3.68282540422136 0.271913192899329 -7.11817700542977 5.00388887803974 -1.9090222929458 -4.32364671673463 13.3308652203896 4.17649841357567 0.498134176467778 1.26376013568679 -0.826198406717428 10.3522811789279 1.93011439524684 -0.976980355305352 5.48674643509953 4.36212968124034 -5.54548353414072 0.507146263952176 4.02708460349445 3.25062629541175 -2.1807289507304 -10.5926791933726 0.912386575298521 inlier mahaDist=34.4130912589318 cluster2 intDim=28
-2.64667627584762 5.84132300147235 5.01752047079003 -7.47969426597031 16.078117190692 -1.37585042720113 2.31257476407582 -4.23872824115959 0.333695743623306 -5.47934988390788 0.56636410551588 -6.00300376537367 5.00096365938368 -0.559851926564614 -5.00943171251318 14.5271912736021 3.73693742570267 0.701500677448476 0.707331886039526 -2.677086776872 12.4332442645607 2.79259540826832 -2.02071067117226 3.19038370610558 1.61303345722502 -7.58992451368518 -0.339998068823015 2.78909982075165 2.97951848841609 -1.39580884313389 -9.21256467322071 0.897318722277787 inlier mahaDist=29.1878039228744 cluster2 intDim=28
-0.715536894010929 5.75803815733794 4.24514787078123 -4.84203598921994 14.0206791206397 -2.01818269547141 0.833321639402912 -3.10040237716423 -0.368730127891903 -5.22530289553669 0.544670422556548 -6.45416795417418 4.82937227700784 -0.583886876960348 -4.33799053909369 14.2767542882388 3.54961415523009 -0.506391571300069 3.48594914915701 -3.25109722349325 11.5425952382649 2.26732454879713 -2.4288704159612 5.36792705144476 3.8405941422158 -7.07320306483853 0.345992689023933 5.19617690598013 2.28541915858185 -1.33784593374429 -8.44347787280732 -0.178793722640031 inlier mahaDist=22.3287216896493 cluster2 intDim=28
-2.08147540253231 6.158197345224 3.3800362293051 -4.19942468150389 14.9174019990137 -1.65149660122112 1.70381790267994 -2.50636416079777 1.33283991160757 -4.23206104807967 2.05531165777409 -4.93004222414714 2.93523943196257 -0.223575919636196 -1.79842167078546 14.7105462161644 4.2665465641779 -0.0101401490433475 3.02020900314125 -2.81056281559067 11.4983599931309 2.38053654990558 -1.26101271848357 5.78702742920257 6.51436502074028 -7.29739563714765 -1.24588015618047 4.13943136367504 3.87473184265746 -0.718129837888638 -9.50553903361111 -0.0233487813084024 inlier mahaDist=27.0958007381492 cluster2 intDim=28
-2.55789392131156 5.63122013045474 5.1688301084173 -5.80950284848149 16.8747141725189 -3.21588846218461 1.30331167448674 -3.07244392527152 1.68913132756247 -4.31201576977404 0.223193609607999 -6.72909087114635 5.38924236029275 0.176462393036411 -2.50652780054879 13.2605028131676 4.09355799050497 -0.734457196531406 -0.327900461756572 -2.00977631977683 11.4210708786724 3.47107965809148 -2.09977624933503 6.22565565664324 4.24470409500205 -7.67876816596927 1.55873613649634 5.39363550080799 3.77357486454538 -0.701126667020939 -10.9852191639403 -1.32537496956636 inlier mahaDist=26.7290843421527 cluster2 intDim=28
-3.71354380265577 5.83204329073371 5.45846800980796 -5.33936619651554 15.4215844726184 -1.88302032338395 -1.29029544830148 -3.44487805384796 -0.607000751479722 -6.75201944376879 -0.881982626787614 -6.03887623245198 4.65250379669208 0.458998763931601 -3.97067190017271 14.1126225998033 3.89694924136864 -0.476387380539161 0.125632152530296 -1.64112360768597 9.7403612988483 2.24407564917829 -2.83206767100027 5.68794265029703 3.76939956681228 -7.12936921296331 0.119886568133766 3.465763537942 4.88558380737437 -2.15195370800955 -9.8167704692773 -1.1387759757906 inlier mahaDist=32.9866490113745 cluster2 intDim=28
-0.48800410904144 5.88166146025052 4.09711405527057 -5.68446360500045 16.5079000181564 -2.13360413984369 0.392480086285106 -3.13588399663755 0.622498708472733 -5.11635891157399 0.123138013654844 -7.09612609654657 3.93629708385449 -0.496793353697207 -3.75143678394326 14.6842588386019 4.72350212679921 -0.688276590061713 1.02175953371602 -2.37816152251401 10.0462224897325 2.14437265459937 -2.73753207392137 4.00310136725441 3.62382538107076 -6.39334381850733 -0.440948946235093 3.3932545598652 4.07785820664087 -2.63918955217638 -10.355752269836 0.148754374866333 inlier mahaDist=16.6673534458431 cluster2 intDim=28
-1.41716221344752 5.24288971439433 3.44373127986278 -4.76795910173623 16.6167830855741 -2.29581549192434 1.13740722702032 -4.00252481080859 0.00363363093109581 -5.51442818844728 3.16743558092486 -6.92582959505291 4.27989768064806 0.682382472915371 -4.18168082536982 14.0041849200396 2.10872868086434 0.457293921625946 0.703581374274789 -2.17247428182698 9.51181402052118 2.21034647903933 -2.31234762549174 5.2352077979103 5.47410118047764 -7.98886126302394 -0.870601709647802 4.56888120835251 4.43749855084363 -2.57375455673888 -8.38448698884934 -0.827778823451403 inlier mahaDist=29.4498102653953 cluster2 intDim=28
-0.722390697702717 6.77949353352354 4.3935733802934 -5.98328172214394 17.2094180353605 -0.903334327047854 1.42209926127325 -1.22912031541367 -0.965859340040678 -4.08185801343366 1.22333847124024 -6.4815622950773 3.65070908697058 0.996303518196842 -3.69875675194083 13.344663959331 4.47103319495742 -2.10604227645039 2.04690555030732 -2.35845559103924 9.71767246416702 3.17604324105489 -1.62889507176308 5.08334117898827 3.83142797050118 -7.95104545089594 0.10463995407338 5.06166474262671 4.1640461568213 -2.53952020475934 -8.92079037957009 -0.0560643478638657 inlier mahaDist=23.0454520881354 cluster2 intDim=28
-2.8426413367931 4.58833185318776 3.3724058984414 -6.8983674924107 14.9737295719629 -0.913753514565247 0.985539904841818 -2.69523959304997 2.35565363961436 -5.18969335768988 2.44204466905976 -5.03556256786651 4.02957744751538 -0.291941934283062 -4.67512033104426 13.6161119810256 4.55348311874269 1.62265416148265 1.17640930793774 -0.670269949729395 11.2794728909249 2.48126832542425 -1.41857147527542 4.86165263170555 4.67233559914683 -7.58697790409739 0.646241272168004 4.33147348796097 3.13525561816427 -0.757838874184496 -9.77045024325673 -1.32337747072843 inlier mahaDist=25.4985559924613 cluster2 intDim=28
-1.65745300436349 8.40783069552108 4.69792720129396 -6.08818887160556 16.3151894991709 -0.80097867938411 1.72973203456318 -2.91058575166336 1.83182277026925 -4.1360204168612 1.77105600678674 -5.56536177994751 2.31989358951532 0.92562356219411 -2.42297635344095 15.3099552283894 6.09812044514164 -0.144484988630479 2.69584554503671 -1.14354422378002 11.0852663808172 1.90186425583736 -2.85193408573247 5.66633732807964 3.37568746122871 -8.54151301335481 -2.02788463616622 5.80234273532527 2.69955010346968 -2.2744354771786 -11.3865258535722 -0.0329416401294354 inlier mahaDist=32.7504108140747 cluster2 intDim=28
-2.20499810914076 5.79954932859932 4.76205974830765 -6.19894313669675 16.2862843072223 -1.87432284948529 3.22234436125696 -3.02545662185387 0.742601907248488 -3.70729822662584 0.0824961075196518 -6.05927420022419 4.5174966827077 0.600786591575671 -4.02064805493138 15.0022803969663 3.61999673479596 -0.0238016690094021 1.19018044411407 -2.17048684345443 11.1940094608696 3.4665091518361 -3.11548566522388 5.14889546481297 3.83493888377238 -7.33263758405329 0.699316182100143 4.55012170887964 1.67092274840397 -2.01104341600536 -10.2626767306297 0.0879667933984542 inlier mahaDist=12.6651634336837 cluster2 intDim=28
-0.282420783875028 5.71216159343624 4.15020374470554 -6.97506225905839 16.8350821182142 -2.43399749898205 1.59778670503093 -2.5032053620971 2.02712252420522 -3.62364215731101 0.8922991436887 -5.60745472452627 3.42632741629496 0.00189884813786334 -4.18324092852493 15.2980594828427 5.541429807146 -0.375945784670518 1.51040857857047 -1.63044798187758 11.5948049613352 3.1269333943793 -2.53861459066062 4.59893047851819 3.24094372047473 -8.15587846342943 -0.0618897109568687 4.16996916447184 2.46137012344176 -0.905939719571505 -11.4571811774039 0.894940968855698 inlier mahaDist=20.2536286850493 cluster2 intDim=28
-1.98441536410694 6.38135744055241 4.70877612077411 -5.85631602776091 16.838080231923 -2.09992577824494 2.87835410347907 -3.9161955839021 0.730547188787263 -5.62857451507963 -0.0418705808909685 -5.88921633445557 3.09757137039883 1.05445405643071 -4.15457754996081 16.0635824609982 4.03706871136702 -0.230985112200382 2.09044790484783 -3.14925713623651 11.5755603916956 1.84518005021864 -2.89294324893685 6.38365191441653 4.03473446338576 -7.59907632341186 0.228922222636536 4.98064819985839 3.20029979130347 -2.47509474262308 -9.96398743793612 -0.668913853009784 inlier mahaDist=16.2382318268159 cluster2 intDim=28
-3.48324025687326 7.16704333779195 6.27981750171779 -5.8323399307987 15.9396495189621 -2.2835358396213 0.882838848276403 -1.94113518500822 0.438703007934234 -4.13912952953689 0.304462884346827 -5.46857847821389 4.03258182367322 0.510401998550594 -3.2568109055152 15.4209798020342 4.62980219571285 -0.103340655278283 -0.3798733575834 -0.0698075074260702 9.66417630056169 2.57897237116415 -2.5710165876428 5.80964004270586 4.31393502532838 -6.94362366439112 -0.28880507901757 3.73182716424397 5.42711272248369 -2.66382199972861 -9.93959262331175 0.837566856940038 inlier mahaDist=29.23073093582 cluster2 intDim=28
-2.82915603696641 5.72230777338501 4.7009933536849 -5.28889476959606 15.466923877827 -0.450711904716673 1.79507416167698 -3.43975480717028 0.158337727867173 -5.08282813626801 1.01137130574224 -6.18083030040195 5.17414176846787 -0.0364206296970945 -1.62789299607185 12.5981248669917 4.5109688518039 0.387170984658351 2.76009432163707 -1.84321637640428 10.8343786671705 1.67104137121694 -2.25109784150569 6.39354269650837 2.49133400016864 -8.78491644638091 -1.56120411987944 4.22910686647117 1.01553433326103 -1.91970543022377 -10.3059253386806 -1.06462354203784 inlier mahaDist=32.3867232495571 cluster2 intDim=28
-0.723366046103526 5.05816218056993 4.78614485913911 -7.26603301798765 15.4304023166049 -2.10835480730025 1.93690588106477 -2.37800757616822 0.366169270212867 -5.20285222626998 0.271512587304909 -6.38496850447176 3.27358311513554 0.613932965127695 -4.19989079538952 15.9822651960864 4.80840137049097 -0.258026102362431 1.17963816203799 -2.55845972515291 12.4591608169824 3.97791532750287 -1.95918462126786 4.75053587117835 3.21423767074262 -6.7169543999719 0.499181085141896 4.2332003469355 3.44823480872399 -1.57246188016784 -8.93538094368259 1.35671425044991 inlier mahaDist=19.8624117077926 cluster2 intDim=28
-1.91601975566684 6.31646894702642 5.6671258690586 -6.34576962579765 16.4259094817873 -0.480295278304563 3.25713668685219 -4.8529202032844 2.02075741288357 -6.31328686371981 2.33989978291658 -4.87086611504355 3.88834870709065 0.365965878203004 -3.30982355132875 15.5731803133668 3.29699679954519 0.0456323201057793 1.67704786380876 -2.45558078100254 10.0268234584547 2.41338642758003 -2.56363724677786 5.11106543050707 4.44100784137584 -6.19175661751806 0.608453950935478 5.42532852011669 3.74486915674672 -2.76554617237553 -9.02016567853033 0.64029101361032 inlier mahaDist=28.363511451853 cluster2 intDim=28
-3.18914287575581 6.35267734065876 5.91696166395847 -6.66383391387184 16.5861057438265 -1.72920467407998 2.25838821891161 -5.05287325885224 1.81174779266528 -3.74355285170444 0.708097398802105 -6.89572858194164 2.76771710049275 -0.921444191824633 -2.98726337492738 15.0045416072242 4.54616962066556 0.153319783024874 0.0889468021595869 -2.0254094784392 12.2493570345634 1.98308115342276 -1.89865915947278 3.36843002795036 4.96421031942987 -7.7301777523799 -0.763657290653616 4.7509185695299 2.42368898455476 -2.88974281205261 -9.99655596667209 0.39389749399864 inlier mahaDist=33.3493572514278 cluster2 intDim=28
-1.32139186460295 6.41230985823319 3.87613069607628 -3.45025385936792 16.2635737196755 -1.00784221450347 0.0482421368116872 -1.93513962121143 1.43856587332344 -5.50067215303452 0.533650501721965 -7.63417146734864 3.47245344573978 0.147710603853601 -2.04868393544395 14.3357765945637 4.49824454771193 0.122291180316982 1.79437496706654 -2.53785658681665 8.44099058506869 3.18477082110859 -2.17121733305853 7.35173105118973 5.06078108649731 -7.48023729326115 -1.64651304898208 2.30053532957533 3.20181981639732 -1.69240507662662 -10.0363797422614 -1.98398657205066 inlier mahaDist=40.3350297945171 cluster2 intDim=28
-0.781497395300014 6.05960843128822 3.56066219602955 -6.81133171710144 15.6419600731256 -1.86263341368412 2.28041700274495 -2.52006161204531 2.3428136108857 -3.90484806423636 0.877367018705835 -6.33686375328708 4.86311310398544 -1.10678355577379 -4.36030012509001 16.4131488134826 4.4406039081465 0.387589003927359 1.43487205488413 -3.00979461004836 10.9920412897708 2.84787086196663 -1.23348408812334 6.85814473947312 2.70448592159708 -6.48300236141409 0.0806304698199295 2.47173279756977 3.28429031294525 -1.59814423571183 -9.78273352675439 0.661352488007455 inlier mahaDist=25.1293098103775 cluster2 intDim=28
-1.90711177484577 7.68235931484019 2.96393424367237 -7.65857209287407 14.90360094167 -0.589638541274686 0.92515811794847 -3.83711114293273 1.54462446963209 -6.15140946189834 0.56081576152884 -7.54156665945732 4.94929402638587 0.767335630187552 -2.74058756893188 15.4997543125441 3.8371789962644 1.04934893258406 1.42233047933299 -1.99506794897316 9.7323857379734 3.44621771988955 -2.3869723347764 5.79417108836922 4.92011542243276 -8.24944629184125 -0.696893971347781 4.96718926528386 2.02541208704251 -1.3554667939345 -9.19162145869643 0.777626257533897 inlier mahaDist=27.0019690174064 cluster2 intDim=28
-0.558078454799734 6.01057612851873 4.61168648679002 -5.75940458399251 17.2657715590511 -0.982170349809896 0.788357553523962 -3.96306213516541 2.4479832469196 -4.21803471790515 1.11905144138609 -6.85020188559961 3.86139912374584 -1.18695074927481 -3.78621550304414 16.0533506347537 2.89022057652544 0.252275635822144 -0.303481456127675 -3.06503186824099 9.13742384881301 2.83181262651504 -2.56344207835168 3.32199291273535 4.34644362597411 -7.85351754109227 -2.02077507912666 3.78427434266232 2.10129612617635 -1.49214988297448 -9.65574157110191 0.620749141263478 inlier mahaDist=36.3489019555399 cluster2 intDim=28
-1.70586664603542 6.07863080891799 3.79377478934693 -5.61644236158241 15.1399077208277 -0.744028186347137 1.50288604205184 -2.5718683432839 -0.81938897799624 -3.30743254406775 3.21820074312429 -6.72215351072316 3.16397537455976 -1.56475672201994 -3.35012158138997 14.4974509979987 2.71774909935938 -0.162142432616701 2.18240398172099 -2.0378452757058 11.4069677732918 2.5916718812716 -0.740516996804058 5.78666629311262 4.91870072721412 -6.30815947206996 0.380323231513937 4.96369436295785 2.67518847763223 -1.34906473714294 -10.4460409920559 -2.21943369988067 inlier mahaDist=29.3959378371055 cluster2 intDim=28
-2.01535251942362 5.46811502927898 3.93163147219467 -5.35237692438079 15.9523237656885 -2.43876713113263 2.7443465299046 -1.97039884097687 0.0188960442676176 -4.97195772864148 0.878692634130903 -6.84588660018969 4.0623631746395 0.417943559051232 -3.06819167197341 15.0867528543047 2.83636854750684 1.19636049401381 0.263120161283108 -1.36908409535744 11.4505748118626 2.63933666933969 -3.06444720584526 5.83159680499503 2.74042387431746 -7.79794485719929 -0.0696248919683299 3.74636820179063 4.22769903700915 -2.11938468003681 -9.64117345139124 -1.72963601420229 inlier mahaDist=18.6887272827672 cluster2 intDim=28
-1.52715825547839 6.78232689832803 3.48219815089668 -5.35970587218674 15.7672714423401 -1.30092504840597 0.0879673660799143 -4.23012129244772 0.883393974912505 -4.85630845625123 2.36030456326933 -5.92532465409667 3.77388951797706 0.11193685089525 -5.36832852119739 14.4488198339016 3.92264510114343 -0.719638344130578 1.68349601873866 -2.78457685370212 9.65977862595867 1.88634247991504 -1.47023851557977 6.00291070307369 4.31242824667384 -6.43298179185609 -0.536453694839993 4.10340100047026 4.38008662941304 -2.43250136444644 -9.75608551257221 0.0763422805299473 inlier mahaDist=17.9909713379162 cluster2 intDim=28
-2.48006457388822 6.1090064828659 5.42177351595013 -5.45990938475094 14.969833738311 -1.36803126730476 2.39791973586216 -3.63826417690704 2.4036620815248 -4.64188387159021 0.563079340428429 -4.78573199393682 4.14189174764725 0.170897135679205 -3.31898928965456 14.4365050396236 4.28258119323934 -0.449711117710952 1.87072561097763 -0.703882227027546 9.48852136355531 2.40671356538246 -1.40911445935714 4.68800865959998 4.41679070720276 -6.24448286854219 -0.464988338545394 4.21457042242784 2.67706585003502 -1.76977940096233 -10.8855531598316 -1.61445477814801 inlier mahaDist=23.1202393566677 cluster2 intDim=28
-1.92602002413954 6.59408556900806 4.75576959584217 -6.95422761586878 15.9050352236677 -1.72126649370822 2.36371716215048 -2.79791830544831 2.02640824069619 -4.06154102229265 -0.0952607924281387 -4.6645644969701 4.6389020894016 -0.786690454855063 -4.34888180285174 15.9547524808387 3.31275440269306 -0.566558546294652 1.13484773587228 -1.8910821856505 10.5473575727166 3.10214407886381 -1.90880996673754 5.30796390214665 1.32474949761358 -7.98346838228609 0.165407603758469 3.67788022346173 3.06103132279348 -2.25271503570262 -11.1133413043186 -0.78582593699503 inlier mahaDist=23.4056491355163 cluster2 intDim=28
-2.3721074414306 4.59288583493834 3.34801279432265 -6.47653914215907 16.7704786098247 -1.2442571237091 2.60003461942643 -1.81274455436954 0.956580218577034 -3.23841247534944 2.76232514633322 -5.88296727792657 4.37376281119207 1.15296074901202 -2.60487274497274 14.1056548321905 5.21636164456583 0.912926813600334 -0.273486367043931 -0.109067235789506 10.7607048621683 4.70730081618047 -2.15935629931778 5.8002578065469 2.3349594224714 -8.09289119914333 0.0142647031548543 3.13304466767418 3.57392489024946 -2.31664236082229 -10.7851606565092 -2.35670895905177 inlier mahaDist=40.1800420248175 cluster2 intDim=28
-2.31761245139448 6.45480772766454 3.88496729255579 -7.3924596733679 17.5731059103618 -1.17597412620765 0.747315070907997 -2.23247310622853 -0.0111785330739125 -6.31950403711489 0.279197918489026 -6.82478825449537 5.2401047710504 0.699352457257287 -4.18487188306821 14.1450947127937 3.86570436147868 0.49256188371315 1.04269481917399 -3.31692074737897 10.0636806316622 2.04578489018252 -3.91470688043586 5.10110527310007 5.79945092452067 -7.97161769540776 0.532846363035461 3.70484755249864 3.44625953944964 -1.91407956837145 -9.6153453637471 1.43163109613697 inlier mahaDist=24.0534107062606 cluster2 intDim=28
-2.05625341754501 6.15237711882033 4.73072751249975 -6.27722925795725 15.6813058371858 -2.68591545642251 1.8022137296478 -1.7627349628816 0.530312760467537 -6.08166351305344 1.5495252969369 -7.15157412796595 4.52777889731213 0.785502861876557 -3.75008000141623 13.4174552174852 1.62876271451386 -0.821151248154061 2.69208097614776 -0.65961735234039 11.6519873249219 3.6600704561023 -2.79094270250771 4.76194697796101 3.25512005253504 -6.82452133549245 0.239706440131812 5.486020806713 4.08708489449764 -0.344297306948152 -9.75048950881991 -0.722319147929129 inlier mahaDist=25.893484768468 cluster2 intDim=28
-3.22494706792118 5.91078897421455 4.87864057695309 -6.73142255807118 16.3498993738723 -2.27878628598808 1.08923798763343 -2.81130230762621 1.0736994568007 -5.0453320059699 0.0965371042068857 -5.45522868941438 5.59944052016171 -0.858911138166241 -2.74114365464975 14.4065811867859 2.88319759466669 -1.41100886366056 2.08654120772928 -2.26734806523931 10.941090352124 3.54743386849708 -2.02563029131737 5.69966572985136 2.97115183991532 -7.18332814417214 0.252345859695637 3.86863395296094 3.69510365610607 -1.79752939234722 -10.9688147241339 0.156028285838229 inlier mahaDist=16.9594693483636 cluster2 intDim=28
-0.835904052875822 6.47319125516505 3.38797149395101 -5.26599749814414 15.6993446219992 -2.44110444135366 2.80978360073931 -3.96110365284967 -1.68247298112147 -5.76987932916285 0.182622020505579 -6.7000272287341 3.18270908870374 2.02343752586077 -3.08506100469233 15.770883752597 2.10853357314965 -1.3668351219166 1.26334506761037 -2.30718739762858 11.3917791460222 3.58641095773943 -2.24936829257655 4.82653977704725 1.96534293163285 -5.90811265474964 -0.372590368069364 6.44581980671849 4.73295843726217 -1.77037329475244 -9.84779559806652 -1.05877025550401 inlier mahaDist=40.9962611562805 cluster2 intDim=28
-2.35591778407708 8.4014844321817 4.60324421032266 -6.01573872632709 14.4289335804411 -1.74338560480222 2.38266706567197 -1.60892085878147 0.525551988424583 -4.53540684417149 1.51115501721626 -6.60725443376496 2.63057468962547 0.301836330860234 -3.50134404977261 15.3367846012474 2.95858088613155 -0.0137606243788919 1.37433877387851 -1.89067342458056 12.2242084843649 5.08572445682588 -2.54661062130848 5.26899523735478 3.7967509914324 -7.41914445165312 0.889765663669256 2.9889726576347 4.64491319327746 -2.20645344280098 -10.1061031104084 -0.819746188528889 inlier mahaDist=24.4831501164905 cluster2 intDim=28
-1.55639142567448 6.29132901687335 4.01001651737357 -6.12225537817615 16.2526161226 -2.58306653024839 2.05078619213334 -3.73248451499196 3.52418567382494 -4.89028144293777 0.989460665653795 -5.82261910267041 4.35352302078045 0.441947021902912 -5.06317955072911 14.7750861606874 3.78344872163017 -0.325255886750958 2.91942921823433 -3.15784144077101 10.7657555374816 3.17657978658801 -1.6065139590752 6.33445182375815 4.84834568162079 -8.88261895405935 -0.55461546114526 4.09502852584918 2.07697479836432 -1.46261328641273 -9.45172235342256 0.758069263148705 inlier mahaDist=23.7277184400008 cluster2 intDim=28
-1.82292501753002 6.49446235704671 4.32020069065834 -6.80451872538539 16.0219158003857 -1.32837721929798 1.7122419122738 -4.87079650435197 1.10846461995586 -5.35905308582572 1.07734011669897 -6.49932152029889 3.79306119491349 -1.06962933408794 -2.4306620766911 15.236135112992 4.06350986319785 0.5507072568458 0.596390408794141 -1.97474899877873 10.2884680310076 4.18670651308509 -0.883297210427677 6.02125729780536 4.10111524173805 -8.44920677115007 0.668333999130535 2.10382201672589 2.98060621471061 -1.69522596112185 -9.99555680034885 1.17278494831087 inlier mahaDist=23.4004547188243 cluster2 intDim=28
-2.65305583729196 5.43794132622504 3.25364932402539 -6.12362910203764 14.9953228197277 -1.49706374943975 0.880393890033749 -3.0579980171482 3.6342415025504 -4.88006768871194 0.852601440829162 -6.05686636334494 2.73583525404238 0.149358511574298 -2.55821553701375 14.5068204926952 4.76704679055114 -0.167148655119126 1.46550444176826 -3.25050389346399 12.5464796559759 2.51071066860037 -3.32769244738093 4.64485179025139 5.60549446051663 -7.0271113860489 -0.702953825738138 2.6301025120842 3.6815459648551 -1.96550601989214 -10.414691182557 1.04321807942922 inlier mahaDist=29.8108577218719 cluster2 intDim=28
-0.394629797409702 6.17242866416699 2.2597874911777 -5.32347231414547 15.0723174786788 -0.485834087554545 2.25306519932101 -1.02542238395029 -0.50884306253377 -4.2274408148802 1.4157350519654 -5.50131206199837 5.57319842062412 -0.366834885903632 -3.70766559256559 13.9905635869729 3.31418144215057 0.811842458789151 2.48821338815097 -2.94270880166524 9.51481989738621 1.56986708502946 -2.2333692001836 5.47649194656723 4.11764511197011 -6.80290628784697 0.207382331757202 5.96678916841996 2.68761826498346 -2.12972871904616 -8.9617655968321 -0.0113449819179202 inlier mahaDist=29.0514931809519 cluster2 intDim=28
-1.68035005454723 5.92701127755414 4.11968005112765 -8.21009385865468 14.8795970320374 -3.56247487640027 0.567420226671378 -4.28625338141752 0.218314921336071 -6.71945901375497 1.20341211029502 -5.25999143155167 5.89869492703453 -0.246457429835823 -2.55947883992798 15.0588713681731 3.70383402588721 0.00728929354378338 1.87308122414608 -1.18596480047175 11.0401823138182 3.04759087449415 -2.81057110385275 5.21552437263759 3.45811508769391 -8.51236650393721 0.701065637788965 4.48728980608591 3.5561779724227 -3.28356838440462 -12.5833210117777 -0.592272560579906 inlier mahaDist=35.362570328909 cluster2 intDim=28
-2.68442295152218 7.44948150876225 3.30876849249999 -6.19372766904763 16.0967630037716 -2.11505815197317 0.964201406935465 -2.85674742058628 1.48387566317016 -5.95144116587444 1.8862332987363 -6.26289287769106 4.93414950539502 0.675932857868136 -4.60504952274599 13.8872292281376 1.99594426448543 2.11739758317875 -1.09449232642484 -1.90778895072752 9.53911431205833 3.07824358617471 -2.43203480732334 5.44374122459503 5.99620993430008 -8.55122719138212 0.446676441509632 4.62275095264432 4.33015853237909 -1.10388709497583 -10.4347843054397 -0.384173747820796 inlier mahaDist=31.8932157615303 cluster2 intDim=28
-1.99470530658282 7.91122315108929 4.50397207886776 -4.90511610718808 14.0528810084321 -2.80496423656186 1.27108699785739 -2.81170825237858 1.285618286919 -4.15626585974885 1.26995531723241 -5.67313387354218 4.7493814429845 -0.280311903062531 -5.04544271587407 14.9096964674019 4.24462977815583 0.617979723662307 2.20857402121565 -1.83525239076566 10.7894233785059 3.36885526666784 -1.56990901005249 6.28193481942665 4.1058166050394 -8.1988883250727 0.0355246150975811 3.78040285726564 3.65406042942139 -1.89960006706494 -9.0650343694486 -0.26332807490591 inlier mahaDist=16.5580898555279 cluster2 intDim=28
-2.83307430960344 7.37256479655293 4.49764296071627 -4.67095310153932 14.4331211524407 -1.87797530095453 2.70846698451449 -3.57284272497544 2.97064721870058 -4.33149145205124 1.98357491278749 -5.98392762623372 4.00970069181989 -0.223308989870518 -0.966846962168702 13.2405345976596 2.79724980018459 -0.765929196792775 2.43257587098196 -3.42886351022804 13.4330291918911 2.36783701448504 -3.76609572873201 7.06237913660449 2.34443723625628 -8.26588103543796 -0.02717786226889 5.20023805504531 3.58490332172734 -3.12608513402401 -10.563625750398 0.308403427702731 outlier mahaDist=47.1649382578205 cluster2 intDim=28
-3.30526109901375 6.7140241624553 2.90584005955308 -6.60449647821238 15.7879805658498 -1.52644633306503 0.914086312808322 -2.00387349130302 1.37783262551845 -5.02707876821671 1.15119302042946 -5.99608843796026 5.7008010507279 -1.47475884872244 -4.20879347174029 14.6417839761234 3.53301776323242 0.635563569587683 2.76961768751536 -3.65742968722879 11.2827420067506 4.70697448342545 -2.26037221621412 5.68322446015567 3.56845517969179 -7.92618242261763 0.581127830748286 2.81936582968541 3.68631905388945 -3.51881794062273 -9.21815341569239 0.0936651709062834 inlier mahaDist=25.6740126115246 cluster2 intDim=28
-1.95515388278103 6.97174207073841 5.92393233234649 -7.28149101768246 17.0513199989429 -0.489768110992955 1.79252302140113 -2.67903216970849 -0.418529542844204 -4.74324923702985 0.980197754438185 -6.59869216586884 3.51527695280092 -0.560917281333737 -3.07813123038861 14.6830230535275 3.82775016814556 -0.966056268050486 0.37214527355112 -2.52055365967988 11.4120959383727 2.40593889937866 -1.91293192064356 6.80223540624567 1.95738675181772 -9.00459593445308 0.913598919626983 2.14405954797886 3.89870401787698 -1.37193303997375 -10.0500477317728 -0.186395396798934 inlier mahaDist=27.8168687867568 cluster2 intDim=28
-1.22101358427321 8.40157294765319 5.24459816815147 -5.49605267568455 15.3197063551163 -2.10759440308532 0.492656852963673 -2.7507352755208 0.693586202846175 -3.47062772283786 1.97478777750479 -7.58729859604938 2.34729145194157 0.899190867188396 -3.93671964746167 14.85585066083 3.41773126318318 -1.23462583599382 0.602152339322195 -3.06596473533325 11.4233472441804 5.58372908531793 -1.24041734645648 6.25024527679736 5.16436790277715 -6.84913469659061 -0.378126946659299 5.66594686653407 2.84832994434585 -1.25877320704033 -11.0771355031274 0.807856875185726 inlier mahaDist=35.0459556893186 cluster2 intDim=28
-3.12024115848145 6.59820867350118 5.42148613874277 -6.53861145190114 16.307785005985 -1.44170755608377 2.57673970543197 -1.55618323905528 -1.4484884125699 -4.50741566334304 1.54415989751363 -5.35726775315601 3.99584809932523 -1.43849361746131 -2.38866049989468 14.5838321313008 3.31923327908549 0.687435182871911 2.02101302536332 -1.04161583610644 10.4129644057334 2.76802659712905 -1.78298131827362 4.21082641517735 6.13501760786392 -7.29434571204562 0.708996802374256 4.24505491489254 3.88101416232934 -3.41396618214324 -9.48985551026222 1.26890217561273 inlier mahaDist=30.6255217232946 cluster2 intDim=28
-2.47510274322763 6.94335762074877 4.84591572754901 -7.12256513826435 17.0317874144157 -0.822812760419061 1.69039963900891 -0.793083543363579 2.64704854128679 -4.65946545699049 0.656645517137136 -4.88236866305313 2.35099827230029 -0.135650071869583 -4.48156016044813 14.5870532136339 6.20203304518965 -0.110953665897977 3.37039449749226 -2.45021934603964 12.0916017489987 3.06657514124985 -2.98742822945821 4.58371877137889 5.34514403456428 -7.43737690103974 0.839708389570774 4.7360393147232 3.62561901785856 -2.26751317530692 -9.0200523350676 3.8148187943501 outlier mahaDist=46.5140636456114 cluster2 intDim=28
-0.0277699739825652 7.26642170330333 5.11972113914065 -5.16500219368069 13.7713245865397 -2.63095816320108 2.09934221387224 -3.1167446827596 -0.399643534640705 -4.45155444758494 2.68048510281771 -4.32387122992336 5.18662589979846 -0.29365109964799 -4.71817013034655 14.7291472876287 3.17655967409128 0.728280053002639 1.50726093722825 -2.16714188991825 10.0417164496101 1.89997721186212 -0.743452399205244 5.3560486449251 3.43608411299895 -7.73842267406437 -1.23906613232194 3.95150457670199 3.1738545286209 -1.54471808867908 -10.7702526313495 0.0683764114187681 inlier mahaDist=29.1518639115318 cluster2 intDim=28
-2.34834432931334 6.80284147515059 4.44373316836774 -5.8821695333784 15.9546399844983 -0.791874206096668 1.73290498638423 -3.06540468384047 2.25491045517739 -3.70405330005199 1.7542414730789 -5.33238960158057 3.56041172991644 1.03209548954861 -5.73112060164597 15.0831438620977 4.05793998962313 -0.935324880275576 1.45402182409602 -1.86241380503248 11.3689961996616 2.98391490047682 -3.53417964454115 4.00008393496341 2.40154142653619 -6.82432657441577 -0.103975432477952 5.13672969847069 4.23681483817447 -1.85505361134351 -8.38336864271235 -0.0353228920386575 inlier mahaDist=23.949411820745 cluster2 intDim=28
-2.45434337804671 5.57958345051784 3.88381404352513 -4.98802898368086 17.4769643295119 -1.59696578945621 -1.21890796658274 -5.17851198645736 -1.90858308397008 -6.80462110350155 -0.840987164872929 -4.42457820254277 2.82384732100329 -1.10072828179139 -4.37424039999169 14.5781716259924 3.8355927379342 -0.52300861741385 1.24376621932633 -3.11379529514792 10.6389112703941 2.54889273113201 -2.73253514345462 4.83677203481976 3.37621207328241 -8.79837630365256 1.43979815907602 3.86447013193924 3.92977939349517 -1.42733188877271 -11.1315346947754 0.118244396679752 outlier mahaDist=43.3429828807474 cluster2 intDim=28
-2.82988466596644 6.93434029916829 4.0894797084924 -6.93479949105216 15.5552671663562 -3.05676424857309 0.753838825778107 -3.19756154315486 -0.0538544331022515 -4.50068660620407 0.750801023419219 -5.96422525356449 5.20469012901025 0.438760693737205 -3.84812847043867 14.1251399765222 5.37406629009752 0.482787083660306 1.75561529707938 -1.77135690141421 11.5589011108998 2.52234205766977 -1.78115437283784 6.47999210630344 4.89393036990333 -8.23182303175853 -0.0339430938823874 4.89350415525562 2.93961441377541 -2.00064599638589 -10.9788026769213 1.31085747123203 inlier mahaDist=15.7852940314872 cluster2 intDim=28
-1.89290894648938 7.41418966615241 4.05601445719116 -6.55229231129709 16.7048080187561 -1.70852023900493 3.85582912781782 -2.84732074706403 0.339241603009688 -3.58314567044285 2.02420266834508 -5.62434141440699 3.6841791111887 1.55074811873751 -4.21107366885512 14.3963936272855 4.56917045692536 0.195154342852169 0.484721676545089 -0.879893216122718 10.5939152504923 3.83962344376058 -1.43328924148757 5.98748488958672 3.2360799923688 -7.26596051884314 0.929022594340488 4.22733268779189 4.09857153841574 -2.24700078957408 -10.7185373978663 0.139880222657466 inlier mahaDist=20.6499812236509 cluster2 intDim=28
-1.02374406492159 5.30248422737499 2.52887411313543 -5.45235206963333 15.2074967753399 -1.07727620776862 1.66117308764269 -3.85575145351306 2.07504356752566 -4.51077308396257 1.20718697796547 -5.35849913793821 3.29742207479589 0.027919641222316 -3.07761289514293 15.8968315146632 4.53356244659936 0.111062117731721 1.40099356342014 -3.24012165807452 12.0354983756238 3.53306848602564 -2.76787338873432 4.52844766700186 2.87036898042789 -5.94180950365011 0.0400314692561278 5.86032858341014 2.97588791336614 -1.82947763597736 -10.789261593661 -1.49980133338175 inlier mahaDist=25.5107229103803 cluster2 intDim=28
-2.67161846546314 7.5857991781244 4.23957684375659 -5.89815182637303 17.5958463261237 0.06913417104214 0.713067228973181 -2.89329340637399 -1.83407805297204 -6.53984373356386 0.576489160117681 -6.00393592917824 3.4519787251802 0.833463912972415 -2.50872533798804 15.4860550790115 5.17033371103946 -0.0754559505084182 1.00365213183268 -3.77195965413429 11.0012503596131 2.99744120753284 -1.12063548013664 6.54101227864125 2.73984124608528 -6.41346905180479 -0.688493823635672 5.47489807064625 5.19854625954472 -1.09222993853414 -9.81575576050758 -1.08593867352897 inlier mahaDist=35.5422828760509 cluster2 intDim=28
-1.2306670952142 6.01550985177317 4.24213552951107 -7.67045412566807 17.3489292809134 -1.93721848429351 0.639725394779267 -2.12513435474596 -0.800623866493907 -5.12546160482192 0.215768371907843 -6.7393770173591 3.73420212822117 1.21356892264221 -4.60844903266358 15.3568903769931 3.89042871153769 -1.13408011651865 0.308636710545153 -2.77338119694297 10.5860703486795 3.96379966594152 -1.133800546871 5.66329946321634 4.24657327845658 -8.72589752865327 0.422038856234393 5.18076415685461 3.931954215972 -1.36356246648855 -9.11633426372427 0.0217447769306076 inlier mahaDist=22.3110108065006 cluster2 intDim=28
-2.44979139673688 4.92699684689426 5.61440884999262 -5.4360868194202 15.0484252249479 -1.77815166011647 1.18539199849786 -2.83538386081905 0.661649793437693 -4.74689283519566 0.854749903163433 -4.44896078208896 4.81051234817545 -0.273135217951663 -2.30953653677145 16.4032957248086 3.72595682665701 0.92501001489289 0.118176197808748 -2.20835419828492 10.0022018554749 3.50090092907934 -1.62949010727087 6.78812699368854 5.63583237277239 -8.15317788165436 0.23629972415487 4.91136712224291 3.04383316675359 -1.28260910080092 -8.64010712366712 0.166321261415012 inlier mahaDist=26.6856563810136 cluster2 intDim=28
-2.25571662588652 5.66305953776791 3.24327331501778 -5.94784006810952 15.9629006549074 -0.465653405068746 0.0614864383155895 -2.05390932607699 1.43676151464485 -4.06159163879158 0.621814729574166 -5.47595182807938 1.98687863241213 0.216839593408686 -4.25221572852437 15.1861430857333 5.20272957236847 0.340997374067612 1.20642075608694 -1.45297582486267 11.2341200297149 4.73436092117644 -3.21364215520913 5.11988059875877 3.27608581880302 -7.62942304110275 0.407490347376317 4.54853482987872 2.65583391225469 -1.9013544507214 -10.1945547464308 1.3149903888136 inlier mahaDist=21.104027228209 cluster2 intDim=28
-1.9223766072213 7.66145076436003 3.08300539127224 -7.0185966120628 16.9938802902291 -0.934750554281796 0.979193428812301 -1.97447364999874 -0.665818930288533 -5.93351639785013 1.27487191906044 -7.38985109557478 3.44213100521065 0.259306086798495 -2.90782338535183 14.3851107355077 3.89606296377678 0.00993981265843646 2.48257492735339 -2.21353992368036 10.5488880941307 4.6969355342958 -1.57001085641051 5.46813116776366 4.17792659101129 -7.46453211777807 -0.244744671960344 4.4542630508861 3.70458880724411 -2.00668490792849 -10.2808297914739 0.809966502262662 inlier mahaDist=17.8320032931041 cluster2 intDim=28
-2.83961150397038 6.33528898415846 4.48058367327046 -4.74201697320021 15.5730829409054 -2.04299917029984 0.844792134815986 -3.40624412606728 -0.966144440057361 -3.17542652614628 2.46398804065921 -5.97936749805834 4.87981652447827 1.19121363392361 -3.87078012629326 12.8340725559536 4.64294264533222 -0.238106093823752 -0.0791475856183574 -1.28864510723805 10.8260921703906 4.50181734315933 -2.18870820131106 6.28749162103768 4.84179856785064 -6.74319567266703 1.70107304643444 4.56743904523351 3.98625027852642 -0.874984652055615 -10.0567706368119 -0.00624760829384147 inlier mahaDist=27.5709671887927 cluster2 intDim=28
-2.63405894428442 7.28973235242294 4.74620657150589 -7.27286389779109 16.6131607278942 -0.792293342088291 2.29268486924398 -2.42451183108818 1.69377801060628 -4.73574580057831 -0.0829079158633216 -6.09074013824019 4.44920781658084 0.797195931773888 -3.00763847723932 15.3008865585199 3.29885594026618 -1.16255748863881 1.4842659243586 -1.80650266800124 10.0931301933186 3.16172569800274 -2.97002857047815 4.63250669498418 3.94589071357379 -7.31360182201369 0.0182341654584125 5.26948353051493 3.16849008977522 -1.78077694857951 -10.1285719313904 -0.70536505888302 inlier mahaDist=15.783276720189 cluster2 intDim=28
-2.90555386032677 6.09348613642206 4.36319372849907 -6.62673587173115 17.881867542683 -0.922192073743829 1.35925763479658 -3.40984228983671 0.360693364630251 -4.88003785789617 2.93191393007646 -5.51134448188671 3.05526589677698 0.345409698577181 -3.69970127146521 13.8841542213934 3.45602546606434 -0.750984820151137 0.354156609854197 -2.84477740009339 12.5747921906143 2.40174737947182 -3.30148464913016 3.97544306285568 3.63240641733011 -7.32284271564189 0.269606818158806 3.6596980611629 5.38351589232124 -1.09566798502517 -10.6091247075406 0.020846130663958 inlier mahaDist=24.9766512096749 cluster2 intDim=28
-1.52458862489411 6.89550849325853 3.9479135471571 -7.11612068986245 14.9896072221182 -1.5853725190952 1.37662334540407 -2.23484090897384 0.634059402759195 -5.12236017351448 0.792592641819573 -5.75896349220041 2.2558250312221 0.283479391052123 -3.6842580454231 13.7707674225863 5.07631521174827 -0.420866043568255 2.05584554676598 0.864727503279256 11.1778968126872 1.82941631189935 -2.82794487682005 6.11158073251807 3.45023071821838 -8.06119288022585 2.86772301828369 5.22238538378791 4.13714377415334 -2.25229102531153 -11.4523926857437 -0.833420874199878 inlier mahaDist=33.0888175665354 cluster2 intDim=28
-1.73797067983665 7.02385604556896 3.61826530465855 -6.15483586979645 14.8561778381852 -1.49620612588122 2.62879170974829 -3.35002347447027 1.16537742683807 -3.13154550497478 2.85705332744718 -6.33692931612023 5.19328409046995 0.251798121256987 -3.92524854835534 14.7654547958762 2.10357361934712 -0.531806868352409 1.24103490148703 -2.88922535403042 10.5837236097307 4.60670148276986 -1.14533754101111 6.06451639054537 4.68288404699222 -6.69754588330567 0.278474049518315 4.08872314040419 2.56820071352012 -1.12482658920326 -10.2703377181251 -0.93563967907214 inlier mahaDist=24.5673287549451 cluster2 intDim=28
-2.65517017763213 5.75056228664156 4.94607616877224 -5.25401630317286 16.9969672849633 -1.83876953241327 2.33857581092689 -1.15366161719496 0.766129018216113 -5.74990324905216 0.860384710673041 -4.42456610647426 5.36491012145439 2.11839384377659 -3.05203790014423 13.7883298704443 4.1398690368897 1.00378672309144 -0.0769652994804408 -2.7206430084401 10.0283886811 2.67140598970173 -2.23011471527373 6.24074567159991 4.75128693874634 -8.98836736437579 -0.590446224466469 5.02014331413536 4.72553491361281 -1.13536458792745 -8.57904117434194 -0.0873099659950536 inlier mahaDist=29.4503002864241 cluster2 intDim=28
-1.69101831536357 5.93059625919934 4.08043954844306 -6.32323014153352 16.237960638483 -0.783484884355679 1.99822576199423 -3.69008814379738 1.43224941714252 -4.82667490651048 1.5319313087077 -5.48821596687561 4.14360889710079 -0.812310538015836 -3.5272034364437 13.3365818805806 6.03252175072171 -0.970666039736437 3.45199234637798 -2.85413830708599 10.729647130967 1.92834352431573 -0.693278844432903 5.76377681949638 5.7086190236031 -7.67895321798631 2.06915011542126 4.30014790023312 3.25430967745928 -2.3761875546281 -9.11168434474017 -1.72013723144758 inlier mahaDist=30.7320381232864 cluster2 intDim=28
-2.08889198587233 6.73189639761616 4.49118878706721 -7.40994935360495 15.2560659941233 -1.91124917277814 2.11196075627068 -3.44560842603434 1.33980984538654 -5.16118035703044 0.269889006979116 -5.10400272724805 4.45724998405511 1.5676878050773 -4.36059337716167 13.8376956962654 3.88659024364253 -0.64084237807146 0.991989456044612 -1.89497333121074 10.964021154621 0.989578982307477 -2.22075799533334 5.764135431644 3.96983869536801 -9.48518364972262 0.314344992652931 4.93163895183009 3.15164359051699 -1.65488279413086 -10.3248906014141 -0.219174349195082 inlier mahaDist=18.2415348624807 cluster2 intDim=28
-3.03507071454213 6.56734446397137 3.39452685562495 -7.14616444681995 17.2417214514076 -0.804541828260378 1.22061474139486 -2.6695227746504 1.54346912096863 -5.11865346047804 0.472775595167738 -7.39585784067718 3.97682659152014 0.800907673179292 -4.37820585911193 13.4021777332626 4.47258262456162 -0.206550292550107 2.43738741664193 -0.884742228575228 10.1571177172286 2.90649016135335 -2.28459742671167 4.4306279906122 4.81084140183791 -7.03610933354029 -0.67474389245631 3.82272789690886 2.63947834702353 -0.751290386459962 -9.76570043093925 0.805375780300711 inlier mahaDist=20.1546400458485 cluster2 intDim=28
-0.517704783743775 5.35932162427704 4.03573959290022 -4.98153187813486 16.070850449775 -3.03660531726099 2.62697364275951 -3.57019900861268 -0.125110939860323 -3.77692240222171 0.81671971510404 -6.20201783861317 3.08603158944379 0.945448802605174 -4.42831211296896 15.5026206096807 4.72543528795168 -0.89528126602848 2.86455004803033 -1.5909983891255 12.251795248022 2.76613919385056 -3.15248231668134 4.51561039725302 3.10241304775858 -6.23298333017612 -0.186950508046306 5.19185877297981 3.21616246983641 -1.45500661679729 -9.23125875299994 1.3759807755064 inlier mahaDist=26.0542924500018 cluster2 intDim=28
-1.24535951174904 5.69293496343527 3.41471465333514 -4.90252073206282 14.7659876492616 -2.03360132309701 1.46343408905733 -0.648121238804597 -0.448459526534947 -5.23388116740579 0.512808385436762 -5.31554327740043 4.01955203124691 1.69446077187436 -5.77712523038657 14.4192379425745 3.5789005937109 0.645897123833482 2.26170440704418 -2.08515556864253 10.7418422941147 3.30441207290068 -3.76870458426418 4.83267204854216 4.3828535142502 -8.29216202063822 0.533615254278157 4.59956535860106 3.26485282616967 -1.82322674178921 -8.75881029330969 -1.39015633748044 inlier mahaDist=25.0731547479176 cluster2 intDim=28
-1.81177625045974 6.74722116520351 3.24518634159086 -4.90222723199086 16.3498270352278 -2.34802792629551 2.63236933708127 -2.68034477901735 1.02703704433659 -5.65806282898453 1.39159506598643 -5.45980807356571 4.18560401894341 0.141483385293894 -3.84229785500092 13.6997821658547 4.97144359412202 1.57829942511201 2.75591899131485 -2.03350611387212 11.8607374967674 3.52534852564101 -1.30108326582312 6.81942755260646 4.3050925572278 -6.8834859815648 1.33433317817911 4.16623708645467 3.32068590496502 1.06651065363381 -11.3494887987897 -0.944544592510463 inlier mahaDist=26.4971415437048 cluster2 intDim=28
-1.92938372034136 7.55880858071018 3.47902926146063 -7.05853849438043 14.8259705350113 -1.93641323796329 0.701996056547152 -3.50458429158116 0.79154084912231 -6.35044316368723 2.47989394181736 -6.38246645322353 5.17684962617283 1.19089358643129 -4.11207472418339 13.9343125502105 5.45904858494628 0.921390384016687 1.83822290999782 -1.57943046453646 10.8057692648361 2.6228154675663 -2.79792384226962 5.76805827706278 3.11017518444209 -8.30137860009585 -0.217536032782782 4.39790804169753 4.63294452629371 -4.116705494455 -9.90344083594321 -0.769537661079006 inlier mahaDist=25.9096372482504 cluster2 intDim=28
-2.93015345462649 5.90426276932913 4.90111021239643 -6.28779507601581 15.6335984327819 -1.94802937751047 0.962910361993097 -3.21298652018105 0.360166727822445 -3.38864003087685 2.35732645650796 -6.2847883198586 3.85925556195301 -0.340663657968053 -5.09546826429752 13.9661760936215 1.88519319132143 -0.396065817390398 -0.0741994988007477 -2.00786197512074 12.264227821883 2.98231369386231 -1.63970267406848 5.63756665522828 3.36530257541147 -8.87307995868675 0.166386721699813 3.90045478010144 3.13084659424356 -0.410513823438333 -10.0482384466376 -1.13779333122418 inlier mahaDist=24.1515093727468 cluster2 intDim=28
-0.68724933772668 6.82944877776064 4.42904344183924 -4.12646721359706 16.5804196499363 0.427965480868328 -0.216674271099382 -3.59849383075508 0.477484686824421 -4.62921964606461 2.17900688774942 -5.41085440906439 2.99296634539916 0.1228175018845 -4.98995889712605 14.4550407100227 6.2250213369767 0.912632532113564 0.514356148750389 -0.715078086902908 7.67069043038818 3.49935417633615 -2.02345195723864 5.32027591251392 3.08006648653153 -7.86439873726773 0.155154985771489 4.84471597790328 3.46092863059191 -2.38014989227703 -8.49628337390716 -0.36768585798505 outlier mahaDist=41.9395679619872 cluster2 intDim=28
-2.49211867989135 5.27030281577743 3.59046706581496 -5.50810166648116 18.1417604488733 -1.86827577704569 1.23901653503738 -2.99242039734855 0.654378687497694 -3.84197429383367 2.29027126827447 -4.61017273415091 3.78985221986118 -0.158057703184071 -3.24073171762676 15.1218963438383 6.09809169055649 1.08907645309326 1.19330068957492 -1.8010606853207 12.1221973790057 2.94218656224743 -2.50927069189046 5.07835601908087 4.52989613630148 -7.63239895487358 0.311244960556392 5.91690372886763 3.97826933644298 -0.215400512591956 -10.2111391252074 -0.192315834942891 inlier mahaDist=24.5559437796909 cluster2 intDim=28
-1.74616281582248 6.54387949696123 3.77627908263697 -5.10250125146839 16.8816961323529 -2.0329820897699 0.401546087070126 -2.18754178838499 1.68247665522692 -4.307962259377 -0.260242470571434 -5.85675173506925 4.91761779084924 -1.2262304409397 -3.69639696716709 14.0530507812401 3.91693438617856 -0.631778493966376 2.18638586468538 -1.94864874152238 10.3382450078354 2.96537434274133 -4.28604936515658 4.6261521842979 3.60980148689886 -8.03747619382334 1.21776242603862 3.51283308378048 3.36966878277837 -0.803510634877667 -10.5655061608062 0.177058371117912 inlier mahaDist=19.523183868301 cluster2 intDim=28
-2.73973336607095 7.34296034050587 4.51263807624309 -5.36766743037813 16.7131497856882 -0.954903223903325 0.120824911590938 -3.9394876631219 0.413398038526739 -5.6128510021433 3.59440690866881 -6.48267697223676 3.08193206766911 0.856222217139844 -5.25362717460668 13.9188329613219 3.03414877692206 -0.596835909753006 2.90276396849503 -2.47633102375608 11.6731559079247 1.83385595048006 -3.82824568157357 5.30637024288724 4.1348701031096 -8.49344823295162 -1.19652841225485 4.02394862518438 4.20599140312787 -1.04065238724102 -8.81063037323268 -0.128992499663539 inlier mahaDist=29.8888561779592 cluster2 intDim=28
-3.42018696097274 5.3024594987885 3.915543241504 -5.93545558175774 14.7934329160931 -1.87808707837166 1.15375951382037 -2.28928291857855 -0.0423001839238892 -3.72099001329429 0.493070471340504 -6.05753309505873 5.23575851186088 -0.0949216932982327 -3.96476847706442 15.6212221207593 4.13741568742177 1.20325729479619 0.682644540837537 -2.60021029842219 12.0078660581145 2.78201835177638 -3.21222105074539 6.09517579056242 4.38188767266392 -6.93542014055432 -0.130027754731816 2.60216906855856 2.64787238261677 -1.31114666847417 -9.97830319197402 -0.575468430661433 inlier mahaDist=18.7606952448259 cluster2 intDim=28
-1.23922312234793 5.34950155100169 4.97779961075341 -6.94408352944407 15.3497097786431 -2.13420941054058 1.67803120394575 -0.431575183516417 1.07661341079703 -2.58191113898809 2.11965212241166 -6.03299385334203 3.81860687306385 1.3376936908419 -4.46398708764034 15.9346457989766 5.27557636560024 0.417796787313757 1.21713589037479 -0.13844878123193 9.97181724124479 4.27273290005668 -1.18199735768532 7.06587951698858 4.85869800046563 -8.00555444476113 -0.763815518344617 5.35673983650256 1.64008799612186 -2.43076221687593 -10.2871187778151 -1.18190517838107 inlier mahaDist=41.0291131339056 cluster2 intDim=28
-1.89567739641481 6.48896788660921 4.52320411560065 -6.26381369032174 16.7085956348083 -0.159015555682463 2.94370639369926 -4.28989548233111 1.15054750011999 -3.47202761030126 1.09870882822322 -3.65273503770122 4.31267129805365 0.954117177915131 -3.86128636665731 15.6330822190787 5.024496691771 -0.304275858236113 0.821991769130557 -2.95020940254709 9.46260974824078 3.65722003259546 -1.63410990594966 6.11602567953597 4.12972151474162 -8.4975018357156 0.538602321953282 4.17560584624605 1.81581365063546 -1.71709884992696 -10.1961366128856 0.22822195615134 inlier mahaDist=26.2605962895831 cluster2 intDim=28
-2.78537542320093 6.74243519140142 3.31342081822861 -5.04118424061718 16.6616211060433 -1.65684943555761 1.38745775672251 -4.61962765707517 0.124314395809241 -5.45883461778884 1.75133094848126 -5.35963385993715 5.32736602767759 0.928122785879955 -3.74116502362306 15.7195801251105 4.31970397828992 1.18197315393242 1.08583801340906 -2.86112769831196 9.8591025691526 2.87844128893353 -1.78844989211007 6.98919634424535 4.10728235952573 -6.90222770373904 -1.35953683695898 3.32831155050695 4.04645659695934 -0.803670913463545 -9.89847015285379 -0.107972344546409 inlier mahaDist=21.3123470098648 cluster2 intDim=28
-2.81664769114799 7.23332617835353 4.7089720984283 -4.99224578177355 15.0056832804353 -2.13878178186646 2.05672417709933 -2.58341032723211 0.982425342741732 -5.92979943279931 -1.16928068498381 -5.11222549683523 3.544673981792 1.31982511947709 -3.79985832223318 13.8257269730226 3.19636013000405 0.102375767033537 1.70938985893333 -0.767655654393477 9.51558368380725 3.42462712609267 -2.760761957072 5.30498856090027 4.21073850009241 -7.13234244321555 0.273036218117221 4.67211306447296 2.97726165493209 -2.24740696517999 -11.4586491947828 0.362391866368766 inlier mahaDist=21.5473985823495 cluster2 intDim=28
-1.19205888747726 5.87013624702314 3.81907528070867 -6.86322785037925 15.5832871493442 -2.16000310065121 1.588140890688 -1.51183269640772 -0.919276132246858 -5.69759245287072 2.43066564710549 -6.64642493477639 4.91033734075887 1.54217632922916 -4.30522248692644 14.627795778348 3.89968272099046 0.68395463208402 1.55382862171355 -2.56022489278962 10.9880776161842 2.22537351739726 -2.0334475323399 8.25368292537551 4.95404444233019 -6.57787699186859 0.170159906133854 3.00999708152415 4.07186721802772 -0.820998941236536 -10.1214287494633 1.09264506132786 inlier mahaDist=26.711295824514 cluster2 intDim=28
-2.12860600021853 7.56458941223395 3.90539897388564 -5.5776558993153 15.0404625333864 -2.01137422648136 0.943421371647735 -0.698971346674467 -0.215879457307533 -5.5734030126042 -0.860359551711002 -5.18338473597977 3.2972297188401 1.13703309170242 -3.95753423706837 15.7695657556107 5.72269298503895 0.609786711521061 2.98564891084563 -1.7823264717073 10.6992407907876 3.70705580972648 -1.91483883688629 5.44790122022067 5.31647692271593 -6.97136985266092 -0.334107272951432 5.50137511762305 3.59403287254087 -1.48291073102699 -10.2010894548742 -0.530298007048551 inlier mahaDist=25.1521480795858 cluster2 intDim=28
-1.99503777543309 5.74128857014253 3.98397448740633 -4.92121394098549 16.4687795917329 -3.03898422247708 -1.02023769138317 -3.81980803672875 -0.414591279945853 -5.36616014837219 1.4367001467914 -6.03053338837429 4.91207525920303 -0.799764099545326 -3.02352259770377 13.5246781178077 4.84655633518458 0.265250772973579 1.29383679110148 -2.27542312763295 11.8036218484629 2.76681119769441 -2.94691720899995 5.47348232747179 2.88515561307042 -8.75147163371093 -0.404131532772909 4.05455301744458 4.35651892549787 -1.27985603121253 -10.2436896637444 1.12800577006936 inlier mahaDist=22.9728678619875 cluster2 intDim=28
-2.96923398434415 5.7959179928981 5.49886795480738 -5.36995007837034 14.6384693744001 -1.59930788170245 0.0309682697115343 -2.86944238654413 1.23745087281339 -6.26496553978172 2.53066303954673 -6.15959722644896 4.53086348312965 0.732160440040392 -2.6256999046164 14.6920298712056 5.4713276475108 1.89682133264247 1.35681963968406 -1.53641069181517 11.9882577952784 4.87770073288992 -2.44905269805295 6.39211152470068 2.88584441303592 -5.96782169422226 -1.73509535399546 4.45912148822332 2.93243315847525 -1.00630113965695 -10.7865511285776 -0.113547291803951 inlier mahaDist=33.0759219634414 cluster2 intDim=28
-2.44946241900114 7.34091553050901 3.33564248756847 -6.20062755536531 15.811241141047 -0.216790298994079 0.65062634085415 -3.60626027812734 2.25406234930189 -4.43367530493051 1.07299270608707 -7.1057848472459 3.53684117557556 -0.0634797681960241 -4.83716236697778 15.7743128669394 3.67296261484322 0.496830378628183 1.37011178425259 -2.54839691483959 11.1888743345849 2.78638747104415 -3.42446556792291 5.61329059638382 3.26585717686547 -7.02317668850384 -0.635937599710071 3.96556033306451 2.25725424250865 -0.518439441257786 -10.0323569464585 -0.494965923281738 inlier mahaDist=18.6360539991978 cluster2 intDim=28
-1.28889358794103 6.14256126778003 5.16576130228573 -7.37218678376669 16.4317138486399 -2.0403408719452 2.79353622211746 -2.39106604544366 1.08220771265937 -4.6754063426118 0.8311890424815 -6.43543427507613 4.23522616421911 0.279927128007811 -4.19248647167019 16.1819716364655 3.18661495463151 -0.0715255747314203 1.44101823061579 -1.1228905682012 10.0976655705699 0.96047901520009 -3.23425889387312 4.87972018983429 4.72028907545498 -7.01024775248993 -0.146151220677277 4.74735095196302 2.93408080775299 -2.52196820386375 -10.4523370135201 -0.999838357567264 inlier mahaDist=21.0012199607674 cluster2 intDim=28
-2.56875327664817 5.94392662282872 3.56219369563086 -5.53628876083222 18.8584658769363 -1.23049457107447 1.33075543402525 -3.73962227979216 0.374681256160797 -5.17739047073811 0.358923606628741 -5.57257866939409 3.68348094048833 -0.134017680212418 -2.82810330400727 15.035525108023 3.51411298445392 -0.575149400538671 1.41855782296905 -3.18440189392297 10.5968981012358 3.10986045920827 -3.56141085855427 6.08498921280969 4.13515167040999 -7.47374112167318 0.907121437384367 4.22721244345781 3.84481115960272 -1.09516575622307 -10.3862906151797 1.87491958533902 inlier mahaDist=21.4682989220607 cluster2 intDim=28
-2.52765960861393 6.97338520673096 5.36253706287352 -7.20271265036704 15.3458000171013 -1.14713260109162 0.310288761840358 -4.97091083359138 -0.749868850842495 -5.88305047379012 3.10394452499757 -5.91314242544194 3.16186121515251 0.3884118747704 -4.27691571842967 15.5171622229371 3.37499969529632 -0.8137094941944 2.75275035879737 -0.20932358112228 10.3134306930004 3.61637313983763 -1.73234097316022 5.90359230963413 3.33208395604097 -7.59938306875068 -0.211415866370867 5.29249044265902 3.28990858688015 -2.92182571159935 -10.1783656810581 -0.483348184844658 inlier mahaDist=30.8954470275193 cluster2 intDim=28
-1.82776023959768 5.7872422943636 4.43315642534555 -5.523513776306 15.7977866594138 -1.12904345171337 1.99743617531307 -1.46502371236626 3.49823829117773 -4.95258969938103 2.25943184058623 -5.33577611590116 4.51528735015871 -0.0105212712731636 -3.29783214539867 12.0090863466018 2.39283278542221 0.542809846319724 -0.0651075926069316 -2.13158562945494 10.108809403507 3.6293431071383 -2.54283039105299 3.88513589690385 4.56852083546281 -6.75690919997142 0.155876000928027 3.91782945655287 3.51302552543294 -1.10608182861769 -11.3131046726965 0.402031057195544 inlier mahaDist=32.7628032154547 cluster2 intDim=28
-4.52706238670215 6.08436466316984 4.06102672925815 -5.95385644063609 16.007890672958 -2.45819832694593 2.24028614084142 -2.81309090199636 -1.66496096114989 -4.53545207241179 -0.13442110017524 -6.42353635361641 3.84215669352152 -0.400758239394143 -4.20111479698574 15.1617424071803 1.67968826465721 0.809472187620422 1.30753373653092 -1.93777553956153 11.6393450320205 2.87557547703139 -2.97984873055504 4.95891030386635 4.95720721506819 -7.00904236801072 -0.123277096537935 2.30239559812384 2.85871215353436 -2.76512520921573 -11.2910577633414 -0.479492852091448 inlier mahaDist=31.3961085189896 cluster2 intDim=28
-2.16500843765681 5.84557604522988 5.01604676923912 -5.37167922792305 15.1326681750003 -1.86997122807749 0.413612862257886 -1.22853294269868 0.866677237783633 -5.26604015842613 1.95128505585158 -4.33390766896475 2.92391109322056 0.906273657331306 -4.51190459358605 14.602197119108 3.24823724480938 0.533915899926502 1.82978464302235 -2.38782012292415 12.3342654167826 2.81242316479434 -4.61441938280077 5.8524139889459 3.77503387176444 -8.43498918288788 -0.295950518575424 5.31976407822146 3.17637889291621 -1.75743906045469 -10.7703379380127 1.36595846214194 inlier mahaDist=23.6548126151474 cluster2 intDim=28
-0.419060738903583 7.20825234771219 3.13432877438755 -4.33370760401966 16.1146320898815 -2.58649258498402 2.21928233556575 -3.24567747862643 -0.800649859954393 -5.08450699507386 1.10631755588973 -6.58767213936368 3.85420505610714 1.06778134029368 -2.53389563932232 15.4028339328785 5.72448608716792 0.231067641214807 3.03738662348715 -3.47145197203358 11.4893079083065 4.02183110652511 -2.05389220632552 5.6947749951492 3.74556985679942 -8.60671766578187 -0.888704473584264 5.28362591577941 3.74970422974298 -2.91383039420155 -8.74537612278546 -1.28145397456912 inlier mahaDist=29.9725130181074 cluster2 intDim=28
-1.1773673864436 7.47430137728019 4.59576991762808 -5.1255898328096 14.0243567374548 -1.17313161123242 0.443729902389734 -2.30128343621012 0.839651436152499 -3.40346283748043 -0.78157254411756 -5.0013050883286 3.44915437576908 0.510136944673315 -4.44904283533698 15.9683438046103 5.09939103280809 -0.826131015924296 1.06865612014293 -3.00300362352399 11.3986618700701 3.31102667565735 -2.58926103680198 4.30426691756637 3.07960211007038 -7.5610385076053 -0.715033121805033 4.99398115517847 2.96099824906943 -0.477851023559021 -9.10134891751447 0.689789624720602 inlier mahaDist=26.3517766050598 cluster2 intDim=28
-3.45567741494118 7.60061280115217 4.44299329661256 -6.62231819968924 17.65004142309 -0.927198112999769 1.93392350315593 -2.79885296577972 0.541464165322907 -4.44596890330606 1.06148437163737 -5.45360284919562 3.78410809613016 -0.756516123969753 -3.61314678829251 15.4856586082383 3.7690613558459 -0.892231043056754 2.706851464594 -2.77533516996457 10.9440135976499 3.36858064685997 -2.33176978867855 6.68055621709701 4.56699516497642 -6.87120838838347 1.68282230897601 4.20052975930914 3.66490436543147 -2.18601987086898 -11.4141318293307 -1.25774649616006 inlier mahaDist=21.476823918049 cluster2 intDim=28
-1.93116379926122 5.70353869586464 3.96998791902286 -7.17034475289842 16.3098440780722 -1.86542548827889 1.92228227558777 -3.77399750779937 0.821411968343378 -6.27019191822259 1.54984464803655 -5.42786486300946 5.00520069227078 0.32938172418592 -3.07785817242115 13.6515129407663 3.48171299781933 -0.223069640855114 2.93340025644898 -2.9687901643566 11.4180378761489 0.756461119247464 -2.00961239617255 5.15813553764086 3.65952844710187 -7.97338569589277 -1.97488897238106 4.07126175419591 2.74763706601215 -1.70307128717925 -11.142966054935 1.09204096992629 inlier mahaDist=23.5980013869215 cluster2 intDim=28
-2.02330008009262 6.55165294135127 3.76748609729797 -5.88782502868786 16.2780696920797 -1.89574335625975 2.47053000912675 -2.11395207267947 0.388948260533604 -4.45747888067775 1.02683030674509 -6.65523459077792 4.9510087510192 0.669599553971909 -4.54242913613093 14.0098805383047 3.91184443172093 0.827492619376513 2.26414208421138 -2.0613081336195 11.4060770426389 2.38081948176275 -3.14531408782383 5.20901364093533 4.80741163455718 -6.21395972645037 0.620129561915271 6.73668385398017 2.53364620601296 -1.15176640846751 -9.45031491353176 0.86756633695466 inlier mahaDist=18.0300068274276 cluster2 intDim=28
-0.771378360810461 6.67969109047845 4.78089495527126 -5.46674559047745 15.288819577087 -2.31759536164049 1.71363820208023 -4.41210115544854 -0.829906337611749 -4.85562762207215 1.50258712927431 -5.69015020411119 4.16430640903447 -0.526733675254926 -6.52229023436005 13.8316019868397 4.91797294043751 -0.277017938875938 3.46783961243371 -3.3301605998527 11.6639049847178 2.30168658541638 -1.3297040884565 7.37858593651591 5.01248490666935 -7.157699518789 3.3749797518841 4.47349435092103 2.05203076291075 -1.21700083098501 -10.2532115629822 -0.36944396447281 outlier mahaDist=42.1421159577742 cluster2 intDim=28
-1.73738098737926 6.33526106391305 4.64671203171301 -6.05732768655239 15.3448777108087 -2.07484445083209 0.427210428433451 -3.10291822779622 0.917882437526306 -4.47973570941273 2.15024276931687 -4.81091208479059 5.1532286192146 1.33743490257656 -3.65810407785972 14.086417117623 5.61556041117593 -1.79522374671046 1.63236455025368 -1.77503151099256 10.1258797403348 4.31000367306412 -2.9875700831043 4.61063070175636 3.08797260407869 -7.38101869100245 0.256211274481342 4.24561037117758 5.25184618228218 -4.242424611144 -9.67812161167392 -0.472763876643371 inlier mahaDist=29.0123027321013 cluster2 intDim=28
-1.64266551582262 5.58741489497178 3.59935846853877 -5.72321897648965 16.0086954476071 -0.393047312113116 0.331421920156292 -3.01526609754714 0.867212710769677 -3.0386189965403 1.8636283615885 -3.78756417007022 3.61458948742564 0.153550077224937 -5.25632567276737 15.5780342330383 6.49085283049321 1.00779212748374 1.32546974830499 -2.24334868171027 10.7592645028106 3.29597707441156 -2.70179112533249 5.82413338863499 3.86542837404655 -7.75545628317211 0.0609407066715059 4.38319811624177 1.51246640537226 -0.78602277959086 -10.807879104395 0.873663364536462 inlier mahaDist=28.6856815040637 cluster2 intDim=28
-1.71899061142173 5.51837738175516 3.48751791336509 -5.46714427957371 16.0971395734804 -0.836918564609649 0.169806691728924 -2.56639871436282 2.7487411984023 -5.92842989283197 1.8790599889486 -5.49499020049663 2.77834608610072 0.0545010935087208 -4.4092069339698 16.0002870790504 3.98009330295518 0.196183479990499 1.10925342145836 -3.09284223606369 10.9111717844511 4.43808520521876 -1.14470997545363 5.81070769949332 4.26375577336139 -7.07870811881662 0.0680587538933944 4.56189337931895 5.09525597706291 -0.239716260682198 -7.92886242467456 -1.04063585424416 inlier mahaDist=30.2043200552964 cluster2 intDim=28
-0.209948740368801 6.29725749575262 3.95047266195547 -7.40399126971008 16.3659129541858 -2.21769385824545 1.87932458123848 -1.7786975049164 1.14188024652274 -4.51440459656518 2.32321970022607 -7.31782141545049 3.98272174531342 1.0133986940143 -3.11502132372237 14.2098860871218 5.46933821106579 0.675621430098295 1.87867611590572 -1.96391142365891 11.1476120527402 2.28173921831287 -2.38615153111745 5.43028735276332 5.70558457938403 -8.06435916370773 -1.07884519392279 5.21180191705208 2.12823529558909 -2.22366952493424 -10.8662240027 1.12986400262341 inlier mahaDist=24.6038457411966 cluster2 intDim=28
-1.93586175362635 5.49483500133063 4.22031272123177 -6.52215325028865 15.9745629256337 -0.475495704891606 0.585108346404902 -2.59531762678534 -0.0290548787614394 -6.18277278328766 1.40046802431932 -6.96731209211267 4.56335084201041 1.53644556136916 -3.24177570672977 14.4951222466949 3.17343820651773 -0.983542307299852 1.54171067272251 -3.44164967522849 11.0677364038932 3.78776192225475 -2.89652537957434 5.9243700423063 3.12282016567102 -6.18101544638707 -0.923552506091087 4.00712168724493 3.28723438026428 -0.757201019235271 -9.7187661626084 -0.150861234769005 inlier mahaDist=18.1317640806788 cluster2 intDim=28
-1.1654714806087 6.57590561485138 2.89596358028329 -6.68123742589369 15.0419245068389 -0.998917326397178 0.146045943257341 -2.30173631204266 0.477787615119623 -5.33889278333534 1.7562044594667 -6.68126416619554 3.63158094048682 0.764317983790804 -5.43627537218758 15.2142302181967 3.71411590335649 0.591081138468167 1.79770232326292 -3.87819588653196 12.2038262789321 3.38288117627755 -4.40990110506528 4.75535173305385 4.13196756462332 -8.99831507875476 -0.0598423742613429 3.27791974192375 2.66345609718097 -1.69945671960204 -9.41579434975449 -0.390002352332704 inlier mahaDist=24.3502185336514 cluster2 intDim=28
-1.33035675337194 6.11154838306825 3.88110148674339 -5.58134899942904 14.7716499961369 -2.49031607291291 1.48799179527856 -3.00056297870689 1.49419344938244 -4.50031800738827 1.45494535344371 -5.30266669842184 3.78340272700156 1.18487538261371 -4.44918993684025 14.6212496104512 4.19547245040581 -0.821185628013463 2.28053784918032 -3.01771662177701 11.535417993447 2.64005953711098 -2.98200874781048 6.02660986539159 4.45015629066618 -8.76419403942642 -0.125136128053584 3.42706419697832 3.7696100936332 -2.56051655161028 -9.07069494734331 0.855677018031792 inlier mahaDist=14.3906725324835 cluster2 intDim=28
-2.84790300586895 7.40645162413265 3.35715738945584 -4.37049514487223 15.7977951135663 -1.30298739716342 0.367453803796388 -2.91758729520012 -0.410917603222932 -5.12455871524774 0.503575247350124 -6.32048610309736 3.27971003640437 -0.41193084499116 -3.96550574126096 14.8267695569897 4.48497195793061 1.61352464173141 2.34065305342916 -2.12390133120825 12.3266661022989 5.03828763792959 -2.25464923998467 4.88186106432233 1.88693610918935 -8.93900946383767 -1.16209311836682 4.62683852466126 2.48299597745075 -0.260608188841736 -9.48533269606042 -0.933230501634973 inlier mahaDist=30.0170554600647 cluster2 intDim=28
-4.0171495366516 7.67256781396725 3.96349803194922 -6.41668848586589 17.3178625299909 -1.7924479907178 1.05622652699692 -2.63008617529964 1.31578535245755 -3.58308265875786 2.54389269309555 -5.10104230482683 3.73455272512642 -0.724953323052244 -5.37310504032469 13.6107195342785 4.88750886510457 -0.29472464379087 2.84909089727296 -2.76468865886908 12.7527326730589 2.89019633642484 -1.80697775209833 3.93758898433572 3.98747426111771 -7.47145721595423 -0.711946919828883 4.50524262494278 4.48491861928063 -2.63130158446011 -10.5179438217025 0.402798123990985 inlier mahaDist=29.1779550502082 cluster2 intDim=28
-0.762915375615417 6.29022897699283 3.0619570030038 -5.14033096040255 16.1344543563216 -1.93326597727153 1.63097617582293 -1.79096592367287 -0.25015092699739 -6.60068758625828 -1.40461709280752 -6.05319229216156 2.85853308591293 1.64345168993732 -3.43897246570696 15.9929327163719 3.69003903847293 1.71083224862437 0.88584950292907 -1.84986294861871 10.1707357860107 3.71523591707123 -4.91783557925142 5.64875830102735 3.64498664561434 -7.45517541854747 0.590929630302923 5.77976125340011 2.58004648290073 -2.01747471991165 -11.174850887136 1.08704899008706 inlier mahaDist=36.5629115460567 cluster2 intDim=28
-0.97274211403488 5.3310097568027 3.91050635900124 -6.28707889503882 15.6723028123327 -1.96812193677555 1.01821669987978 -3.01453103926367 0.288077296608743 -6.23383963437702 0.750336300546761 -5.02384666761094 3.68968005941075 0.554682253177655 -4.12281899406999 16.2064030690786 2.21983751488157 -0.586300976582734 0.755628683584109 -4.14604315447018 11.2006236439956 3.65856531633989 -2.45977508441365 4.55446520580001 5.45218734712064 -7.78815915597524 0.808730156864365 4.07906270183831 4.08249832702152 -0.358022803923125 -9.88111136632153 -1.39867061130181 inlier mahaDist=24.5483421191426 cluster2 intDim=28
-1.71676527838256 6.88582492307512 4.95899196597601 -5.34167978018283 16.8879348066625 -1.13957206287047 1.92809299867339 -2.46588298689682 -0.626526132370346 -5.29767658958838 0.850761941651396 -4.54915897055116 3.81353971371304 -0.779693928984808 -3.71834435472851 17.4656811205023 5.44458944556593 0.397914006622105 3.2918139569122 -3.45037940668078 11.1022185349799 3.92262661297929 -2.30616200459264 4.82326779440171 3.33032116762198 -6.08210461754757 -0.56909863095654 3.63612713267987 4.28702885727933 -2.22786021941138 -8.6952422586441 1.02512191330325 inlier mahaDist=30.7338720280785 cluster2 intDim=28
-2.20214648212113 6.58444753861369 4.52538400145744 -6.74947714176227 14.7648320594989 -1.54239120750881 0.881227059766042 -2.99333505302821 1.57712908939725 -5.69412816674569 1.21785808627062 -6.29630626390629 3.89103224145914 0.021523566289417 -3.34005889065571 14.6236960259806 3.11677656537193 -0.223618070199382 1.43069824120594 -1.60267256219047 11.0255996646327 3.49737800867466 -2.23813406414645 6.84897429257131 3.18449466594678 -6.76396706302353 1.0269733766808 5.83741893890567 3.44961954917445 -2.47203196377401 -10.6775691656763 0.331202168733174 inlier mahaDist=14.284505169 cluster2 intDim=28
-3.2990260128026 5.94040284224606 3.56024038674073 -6.49502203432199 16.5274169448185 -1.60398375421372 0.503430612639265 -2.84169947570638 -0.725069233133562 -6.07166153510479 0.157769469739072 -6.29868392562831 3.11099502156328 0.38519968541768 -4.95622728887171 14.4063830262042 3.24232806640481 0.883274235933422 1.40622009686212 -1.93713247213268 11.6219650498048 2.20334630331273 -2.37955581817972 7.3976607401966 2.73332963845753 -7.06770292386657 -0.0230121479370339 4.30395088670574 2.65012751365292 -1.436146052605 -12.3628100301514 0.229631500889371 inlier mahaDist=23.829047317129 cluster2 intDim=28
-1.32898171932677 8.04480937809077 2.58110884282475 -4.82843325273668 15.6360486889474 -1.2017318696548 0.39090642965606 -3.36082641606867 -0.976857404758546 -5.84639162197676 -1.03126283601726 -7.14625887754203 3.09387876660689 0.129192475172081 -4.53910186931108 15.0646360473063 5.09013267494516 1.68291068576491 1.13698125937673 -3.01181897610095 10.2795577280046 3.27798296907588 -2.60968678287935 5.52722497966968 3.70625435969452 -9.07805124905687 0.178717198703932 3.96769729979515 3.17067870947047 -2.49104223215427 -8.50878490956843 0.999646786969122 inlier mahaDist=30.912656503359 cluster2 intDim=28
-0.96207692616459 6.6592535149826 3.31895912443929 -7.35881138899428 15.8355105308785 -2.09652540568253 2.7106655307757 -1.48858424685547 -0.00572053204746492 -5.87701758569699 1.22316685539993 -6.84464428291214 4.07177586357491 2.08757765182198 -5.24699851826796 15.5530604440398 3.21273330340544 0.873036158694587 1.26782961238701 -3.46343338021436 11.7772238000502 2.70564873954582 -2.83454267776136 5.90148560169894 6.18076687150106 -7.32836868688501 0.997468817970367 4.754525024515 3.66287910069069 -0.571680812470989 -9.26889317481848 -0.215206398482154 inlier mahaDist=27.7748059073645 cluster2 intDim=28
-2.81789647984044 7.07075483054335 3.84232698657415 -5.5828798282301 15.9947457733566 -1.63227331445819 1.8326714164209 -0.864337600278957 0.113498320655623 -4.46836145082299 1.28446090042225 -5.43565748756771 4.02090510021695 1.71243044521639 -3.98347950682281 13.8704568886258 4.44859991450358 0.560145682091371 1.54495555064322 -1.20043736898792 11.711359940487 3.54571574458596 -2.44824398921989 6.29575197796875 3.75990204955536 -7.86692951397757 0.176915726450107 4.52294435064071 3.84626903388304 0.726860286782426 -10.7225305255267 -1.53890383978296 inlier mahaDist=20.4032464444288 cluster2 intDim=28
-3.01481447861047 6.3973382050983 3.58309072360188 -6.95768364956268 16.5919762899149 -0.573971825203354 2.02948683185916 -3.48473235958476 0.360028357089804 -5.0913360043328 2.80608006441495 -4.9037504998656 4.09417000324855 1.7998091171926 -2.73583370575693 13.5288692882926 2.74649045003287 -1.53060117983249 2.0420482550328 -2.50713611345385 9.6963455657592 2.65410101694432 -1.21697073806342 5.01336728741644 4.2711301609549 -7.52725281807679 -2.3977559026459 4.85640603425619 3.64206834140465 -3.60622506709067 -11.3954704175664 -0.779087101421806 inlier mahaDist=33.9927276191726 cluster2 intDim=28
-3.15583745969013 6.00998259242153 2.67103104407228 -5.46385747555036 16.4526503814895 -2.91873825864786 2.49080218748345 -4.14147250403252 0.734506522259728 -6.37436182910737 -0.276879739102438 -4.66180448645582 3.57239529863522 1.19320049921751 -5.26354930519398 14.3128626766957 4.56425075490538 1.46230372663759 1.95599166623107 -2.77147969320541 12.0153669915417 4.86844064738645 -2.69565492039351 5.22136620978082 3.78204332027009 -8.51038514653216 1.41201656120815 3.33595754716537 3.69646480043962 -2.68167069798406 -10.0397069863551 1.29942213532332 inlier mahaDist=31.6900955818216 cluster2 intDim=28
-3.02285664651011 7.01531196056305 6.01954086608247 -6.24374876262524 16.1226031628689 -2.13111075117822 1.98994904422534 -1.97919592265814 0.768150396104097 -6.71559235390787 0.809611351251656 -4.84743704073802 3.5687866550487 0.505423882933226 -3.28777378298345 14.661552996365 3.04828856906488 -0.0844850449784593 0.760148606358382 -2.59034013095462 11.0188952586382 2.68681153346004 -1.20811286706287 6.51587216391907 4.4009163476711 -7.24584493331273 0.308595160012892 3.68222146873268 5.53870637904314 -1.80809762840986 -11.0043842062603 -0.770007079616346 inlier mahaDist=22.0711607211408 cluster2 intDim=28
-5.11061072887622 7.02354117063603 4.14247909684145 -6.65565340578017 16.9654459747056 -0.59331629857305 2.65164919044474 -2.1994113997744 0.48463909212354 -4.96798095559937 1.87798761086987 -6.37738385292878 4.33333739071369 0.35616925312809 -3.10639150850178 14.5176778274835 3.87786541063369 1.33956355553538 1.4757663749575 -1.45813273891507 12.2228333541643 4.06547453440752 -2.65035449689309 5.94378225179439 4.25738724716525 -6.23549688904897 0.692821037722509 3.41529475847921 4.17405448055263 -0.656851988472531 -9.95769911740712 -0.74153273588304 inlier mahaDist=26.4767108879846 cluster2 intDim=28
-1.9362676767717 6.60644676908453 3.94951096356486 -6.49705057410658 14.3931134689841 -1.49941976123367 1.4322644683453 -2.30190866944967 1.94987127322828 -5.52300285547218 1.16912234773151 -5.30647110079757 6.0391724279634 -0.091245699994066 -4.51539358199242 13.5193110642153 3.8923564764959 1.56394247480322 0.577279858017052 -2.30662657884376 10.9090136175596 2.86701139233144 -2.70485362232532 4.25467533803661 3.0962761541176 -5.90755292032419 0.00686409633327545 3.6460832121351 3.36758712700971 -0.98979660185355 -10.9206898118884 1.34425587382575 inlier mahaDist=22.9422815633437 cluster2 intDim=28
-2.34508778700258 6.57296241869213 4.14633743466182 -6.69642968352293 15.4320042831901 -1.65293761760631 0.626847882434365 -3.49569171916472 0.129476588669657 -6.08656156235509 -0.280049757714643 -6.23650743469834 4.54790993430341 0.712976744534343 -2.06384254493126 13.4524008087023 4.45156810952549 -1.03063650175448 2.18768898266778 -2.41537480116796 11.2861002441462 2.32195542401747 -2.97749429567653 4.67602788186907 5.34502089937957 -7.2599678615505 0.573412131364624 5.25695287078741 2.76841622930495 -1.03818247451706 -11.722652613112 -0.855783958564085 inlier mahaDist=21.020982261493 cluster2 intDim=28
-2.44831191043363 5.97148376521335 4.64362820614635 -7.62133458779181 14.7372205317847 -0.857324478461608 1.31410980366484 -2.18494236610186 -0.244613176289623 -4.68963269756113 0.649870531215941 -6.17116037875777 3.14838658091126 0.770438146665989 -3.98521914572475 15.1541402096785 4.44562944905559 -0.317857542905309 0.670014556223496 -1.34913026090108 11.0562215018853 2.23564892330716 -0.677910078394763 5.67483007421802 5.61220694173357 -6.99102949882366 0.244389512391804 2.94473080733091 3.52336446622179 -0.148484530275666 -9.74687138284458 -0.760314351402525 inlier mahaDist=21.1710146902768 cluster2 intDim=28
-1.18594558411403 4.70605323960775 5.80058217358734 -5.86702690167284 15.5755822547353 -1.49799936236313 1.33156299157348 -2.78986801001602 -0.765614633695471 -4.69589315954688 2.56395731894947 -6.52619433672853 3.3390694198259 0.957988281148877 -3.7838250470336 15.0186096992119 5.10179295270448 1.35258317392952 -0.579979643086131 -1.94427739338463 11.5502463705429 2.87082420140596 -1.85265634105934 5.41181020892292 4.22291848541211 -5.73838076424115 -0.797730296434962 5.64174983241387 2.89865222568989 -1.94861145228927 -9.8300636725983 0.510522152010115 inlier mahaDist=26.3323075446429 cluster2 intDim=28
-0.675251451161771 6.33668828942659 4.19523037249908 -5.56715058702077 15.3867715663538 -1.51172968517608 2.59157998261752 -2.81975684753391 1.14978777709207 -4.16140166423688 0.943329880566738 -5.24331407837595 3.85445257962698 0.215778305578559 -4.36338164886064 16.336943135392 2.94943920958195 0.331017843583317 1.18598434466837 -3.42963981057934 11.4305198149314 3.20470107255925 -4.10501270180142 5.77350344623324 3.52738868433474 -9.20104900952347 0.969994546899684 3.52390781569789 2.53457844174457 -1.36549935535488 -8.95813768366381 0.416136679745173 inlier mahaDist=21.2558617424458 cluster2 intDim=28
-2.39379826049038 5.40020656145672 3.74206955467931 -6.63706326040688 15.8260022362367 -2.8572435404963 1.36988205747188 -1.78112473900328 -0.659179734217188 -5.90917730769729 1.0599518260866 -6.92569816607101 4.00898091746441 -0.379325324836975 -2.76809815722838 14.4588883642925 3.19090847466967 0.26982909218267 1.02976123583262 -2.82956642260937 11.9320414049415 2.8618306592849 0.621081371320358 5.24895859671893 5.25678069004689 -6.9342697155862 -0.76086290109293 4.91682927479197 5.42300013512242 -1.96924598540973 -8.92125774336391 -0.72042039646781 inlier mahaDist=29.4416672591599 cluster2 intDim=28
-1.11287610200798 5.93084240982575 3.50224135452383 -6.42543559507637 17.380637983604 -1.53258562840336 1.46960815395817 -2.90327829027426 -0.114764158777975 -3.67140140099107 1.74449080540702 -5.81700739005594 2.66644251879575 -1.19147450973146 -4.43674698091457 15.6329962235155 3.56002950486239 0.289228457632726 1.59959981141577 -2.29783550331061 11.2270795527369 2.82816300145879 -1.03562172632214 4.97962132729714 4.71500809195265 -8.06201086806247 -0.0292472784576211 4.98736065812489 2.2717788513307 -0.538257577650458 -10.8983696339173 -0.0923398082485861 inlier mahaDist=18.0998250776415 cluster2 intDim=28
-1.87354391662737 7.42811721197817 5.47198933248029 -5.62087278416855 17.2635616154647 -3.12985668435719 1.04697354657583 -4.12058232670939 0.674448521820608 -5.49410228486706 0.707274615721218 -6.20964268188167 3.13849649530329 0.764726429862023 -4.72972657120513 14.7402711213898 4.72609542208807 -1.90660507190835 2.24572319929168 -2.59706165108806 10.9492490983548 2.5220114499435 -2.08307995009249 5.84849813170129 4.09557844194004 -8.3115550093281 -0.00694394839072421 2.89989415923341 5.1605960031087 -2.57042260738633 -10.1874079498708 -0.599553042287927 inlier mahaDist=24.0055759714699 cluster2 intDim=28
-2.82499858655901 5.78307827644816 3.83833930179775 -8.52309975578687 17.3307625021039 -1.39781186797534 1.59172730780187 -1.47625758909307 -0.422610476115833 -5.70445861663378 0.434492807121557 -7.8216427511331 5.88620972148119 -0.438474704836406 -2.85840775827082 14.8582128982018 4.58397823168079 0.158064557712452 2.22480732995447 -0.92913240604458 10.1760414730206 2.86903089675343 -1.3066197769923 6.38816653975862 3.41697548026801 -7.07937008089148 -0.0271543368376815 2.04399928893014 4.07142809352188 -1.68154117886119 -9.23797947851327 -0.248564966220624 inlier mahaDist=34.501752719988 cluster2 intDim=28
-3.83750576616268 6.62086735487463 3.93634330732766 -5.78562828684593 15.0923415580991 -1.26822639987171 0.228494628576193 -3.39701191670455 -0.290827856159835 -3.84466266560201 0.753250689139878 -6.30780744371433 2.96145241488951 0.861830339056925 -4.88313499804518 15.1650658244905 4.33803569293499 0.0166442342869433 0.86987584181319 -2.38856124412407 11.8276758246375 4.12940440326425 -1.49277949328781 6.37792757068263 4.88600719580476 -6.30337728127519 0.1776382347962 5.73646448636656 2.7917981860606 -1.62677731575816 -10.0284208050677 -0.207175446923951 inlier mahaDist=20.4668806381794 cluster2 intDim=28
-2.7755535505443 6.28854505988732 5.64997545153698 -5.06667015809553 17.4789047614543 -1.24239939792061 1.18370197144784 -2.59865728496551 0.78429665568254 -4.58234856419569 0.364364337568704 -5.73324419234145 4.67795089426559 0.754222188519587 -2.72936903595961 15.2813438144278 6.90389355848141 0.864245251439916 0.274304905331418 -2.72730684129541 10.3743280441402 5.24917685107755 -2.34368049455199 6.69548181932305 4.19406163868889 -7.01293641829086 0.0754282786327555 2.69217654927876 3.1134416616311 -0.848444607673694 -10.1938990300516 0.114077687561575 inlier mahaDist=30.64595395348 cluster2 intDim=28
-1.53544091192307 5.65174855822582 4.61562464353248 -5.55424449885802 17.1385672961841 -0.649399314791783 0.317449268327557 -4.50104526766793 1.28058441714007 -4.01009397575849 2.06779277680142 -6.05563281790383 3.24560672596403 -0.549577297404661 -4.08025260033298 15.6061115434779 4.51307869574257 -0.0245490768713206 1.41962176735265 -1.95142912075149 8.96379466922102 1.35314106260935 -1.07792981224187 6.60781742217206 4.33818474740695 -8.65968113481628 -1.99294705594933 5.2809785647009 1.87825895248096 -2.44528011390943 -9.238816013091 -0.236997801847484 inlier mahaDist=33.0197004433352 cluster2 intDim=28
-1.99100207471057 7.04957747055293 4.27426547714102 -6.20680719436299 14.7413354983227 -0.966115703135872 1.68465839992957 -2.40762433180804 -1.69190646465732 -6.51588189239403 1.52812309360847 -6.30080981504851 2.98878818077039 0.39764811330243 -4.01051621591888 14.34302439561 3.65426374893907 1.89993288381702 1.68260176757373 -1.75276849345932 10.7927348761551 3.92756294761689 -1.54915324304905 5.72720647408831 4.7534097825792 -7.03327678167252 0.26319769474928 2.90600614537632 2.29789104698797 -1.7145942270535 -11.9119469555562 -1.05466707949817 inlier mahaDist=24.8964358760477 cluster2 intDim=28
-3.81391995525017 6.03992431242173 5.00858782943874 -4.67228034068278 14.7612185193782 -2.1305455427993 1.43062819030153 -2.1055548581008 2.13820213347188 -4.53516092404429 0.0847587667808769 -5.01015126836419 4.32140955718812 -0.667802286598959 -4.66105492152819 14.6629013011749 4.14964451530492 0.884887758648433 0.699878354752854 -2.87717243504967 11.3496459830471 1.9147525993402 -2.62052047966411 4.96434422311526 4.52783168831454 -6.49480091691468 -0.00108076725434791 3.21974791893469 4.3790400964567 -3.51306832472145 -9.99263027298601 -2.10787026312399 inlier mahaDist=28.7236732426586 cluster2 intDim=28
-3.35027174686938 5.4434909850233 4.30121519847242 -7.11474577272732 16.6065464860064 -1.25052123051445 0.143508782225355 -2.35538965165858 0.790181650697704 -4.93406577399172 1.61873148867502 -6.31893825187167 4.6090692985475 1.94780302908442 -3.53622489484407 13.6687711934867 2.98820812129825 -0.271380233469591 0.506499105277965 -1.33491993240381 10.2921917891802 2.74907806606152 -4.00250481678542 7.75178389408035 4.37191202576051 -8.08295812661417 -0.211961337843354 5.0803404809227 2.47191975846314 -1.50576684486687 -11.0955065449139 1.8868027924589 inlier mahaDist=30.1942735872905 cluster2 intDim=28
-1.49193467224782 4.76784759607635 4.57806666497629 -6.77337749439113 17.145762470355 -1.54537334607084 2.73309706312588 -2.15671507595292 1.89894219124559 -4.87414575669273 1.67518204613722 -5.01723439372044 4.51871070438983 -0.837315108020846 -4.05442053929273 15.8673851600215 2.89057964370553 -0.215759297099172 0.842152529113747 -2.98022606050409 10.7691112906146 4.05761085526872 -2.47249449739941 4.46493316142856 3.81435892538651 -6.49400160786437 1.49236669197865 2.93445416794508 4.43444958371668 -2.06285991518294 -9.71253140401431 -0.718418132044987 inlier mahaDist=25.121705636239 cluster2 intDim=28
-2.82430557177588 4.82861479360631 4.1098056153569 -6.28056176849873 14.0984875332687 -3.09253065118124 1.75846023538237 -2.34830533002859 0.87199068577244 -4.812246008801 1.60681822297012 -5.76337193672081 5.70860804116988 0.895025389005907 -3.5005982469774 13.0077418548273 4.72760821649788 0.488212215691245 1.08341348070165 -1.39856416595107 11.80340140391 2.59887400431748 -2.42222716322332 4.62743278420493 4.75701585588665 -6.77336097781788 0.668404553464696 5.32162731954899 4.2161896471706 -3.94573626999336 -9.93050047560976 -1.86203913965839 inlier mahaDist=30.6938038571341 cluster2 intDim=28
-1.5997411999405 7.53708775172227 4.00526147297739 -4.89509202276857 16.9146889268102 -1.39723070537014 2.45073115298292 -1.23895592334895 0.476868957757279 -5.38504480942904 -1.14306006764967 -5.41653256759411 3.03380912148236 1.01261868865495 -2.95657630906112 15.5698987142196 4.90988873538786 0.743057494676716 2.29165938485154 -1.59031110607379 10.6514445803381 1.84582472860448 -3.61655995737011 5.32280324097062 1.80429059410333 -8.86041503172821 -1.74010631987204 4.92123173693188 3.44383048903055 -1.80677752826919 -10.1770566160999 -0.354164320272001 inlier mahaDist=31.0640873397122 cluster2 intDim=28
-2.48480242965013 7.77701127463696 4.70698861339941 -5.27672928615516 16.4119494566389 -2.18348916885203 2.72712291154822 -2.87223608409582 1.5984685505906 -4.50166733736065 1.03304653421308 -6.05443648144709 3.82802996626658 -0.977878207890068 -3.32602210710524 14.9160632027603 3.8706764537098 0.26346681910611 3.02634281668812 -3.6826526070462 12.3493432887331 2.40723808026366 -1.85754683829899 4.61408286664212 4.31861831320062 -7.76875537999259 -1.66777366938188 3.24947786049364 3.10246040542486 -1.65622360513892 -10.519695764152 -0.513441323009692 inlier mahaDist=20.2032382760511 cluster2 intDim=28
-3.24299665732494 7.21683716041311 3.55308880849304 -7.01020975590417 16.0372504173778 -2.33528382442131 0.549161356412644 -2.6264548146917 1.29622061090499 -5.12992591670347 -0.271454634983913 -5.62738675765279 5.94244794861162 -0.0695425298480344 -4.02969025130944 14.6042840463648 4.16189590306253 0.231436217726291 1.45276076103094 -1.71396885194558 9.08405749346422 4.10693453595766 -1.62786880081006 5.07898161519197 5.17725273215879 -7.24479509432259 0.0356441706652643 4.04341183566191 3.5299949684055 -2.61971365098293 -10.8316768708493 0.62895657382514 inlier mahaDist=20.8946686707136 cluster2 intDim=28
-2.64485069424483 6.03386376588978 3.67559153615515 -5.4664503949006 15.3714763712435 -3.26534148014948 1.44763986577115 -4.49853723916314 0.528770944634639 -4.18283007111795 2.47848195869924 -7.24006604728513 4.93582461418005 -0.563488612855949 -2.81199511679361 15.6453260472587 3.10281117786018 0.943876786388315 1.10721051263269 -2.09361536351463 11.5715037539574 3.0583855523751 -1.65840447460575 7.23584280929809 5.10162242167362 -6.45095484908503 -0.553020128722569 4.18262206225458 3.63041001548867 -1.74254416705911 -9.93665111169735 0.619524763770552 inlier mahaDist=24.3186065792733 cluster2 intDim=28
-2.82143639075142 4.98197977760289 4.13060951148446 -4.76880143095118 16.1459586122118 -2.15621087302489 1.25088535584356 -3.96394155198881 0.18558289646539 -4.5858103039929 1.01068506943906 -4.06802363558075 3.80690496654763 -1.12429040391763 -5.27598140994497 14.9877424781132 1.7163104160001 1.05583308685726 0.896464929303643 -2.6879213376743 11.4141914424327 3.18294467680003 -2.33121286714101 5.19780142607593 4.94916750122142 -7.54763734545548 1.49562743385614 5.97403607587498 2.30458639506433 -0.231432254341925 -10.2352301116001 0.854825974266802 inlier mahaDist=30.7140881807247 cluster2 intDim=28
-1.90715441060886 5.9905451110389 4.12574267816676 -5.64865884231825 15.923121417652 -3.30562544174221 2.49852558381268 -2.65769134594236 0.520588858287415 -5.06543739565939 1.37995525788258 -5.32793452310446 3.61621778348191 1.50603804693754 -4.10226899704992 15.1101475712435 5.24541959598076 0.37999847867521 2.9249882204075 -2.50490774434645 12.7106377599408 2.55339076061499 -1.73241696732398 5.08984550657044 5.86667903234576 -7.70497838674812 -0.726012053887654 5.54886687815964 3.90641016277679 -0.898642806015058 -9.03091690209316 -0.0782980916669707 inlier mahaDist=21.7423701534243 cluster2 intDim=28
-4.32418365966647 5.20995034988509 4.78540826297221 -6.41179061815431 16.0019023977308 -1.18216636986863 2.37491534091455 -2.49594392777251 -0.5292770537395 -4.80099988951962 0.494656641677916 -4.32982028806205 4.99671171152437 0.197104245226159 -3.73968434076324 14.6040000641305 3.04445507597862 1.54103032056899 1.1954886544118 -0.513212940219143 9.81747186815196 3.05455013405804 -3.24583825538597 5.31835954443651 5.39448622182649 -8.59843089947599 1.23027177313778 4.83280389554841 2.23758404442793 -2.86866194350275 -9.10844231210383 0.818726782966507 inlier mahaDist=31.4768732606916 cluster2 intDim=28
-1.47620605200749 6.61312168875105 3.84939127247839 -5.70599675611373 15.3624151649429 -1.54498858691389 2.46944142579563 -2.36491478796217 1.43090835727154 -4.25715964454203 1.24704526420191 -4.7165938936216 3.80819505870819 0.0747017943841494 -4.72903105400692 16.5414858816822 4.82147988363482 0.548497326055605 3.26493439145677 -1.31283564108596 10.7557608709418 2.94799608252882 -3.99061952317678 3.91079092451783 3.96972604779928 -7.48385759075438 -0.217605996929273 2.52843801463223 3.4181690232191 -2.05773252289302 -9.09245396413396 -0.0779631883600965 inlier mahaDist=23.7062912010745 cluster2 intDim=28
-0.411594840728703 4.57024278273879 4.02865114111104 -7.17029917553976 17.7038026636643 -1.93172200130623 2.91727657310281 -3.02664834085898 1.5177822426433 -4.28267355728996 0.370342685356744 -5.07522949308585 5.70801420402182 0.404922994063712 -3.7869642220525 14.9336365609657 3.46078754358588 -1.43916177451234 0.500955391693758 -4.01273075673153 10.6822982006645 2.86715915797777 -2.27650411857457 4.62501644071906 2.58806960136416 -8.06462176983607 0.451642756300513 4.23508094876827 3.1792642748065 -1.56443143936136 -9.9818624166308 0.0464302225352106 inlier mahaDist=28.746861453992 cluster2 intDim=28
-1.16882618995662 7.07951772391001 4.76064136081094 -5.79065586513718 15.380048118718 -1.50545724080497 0.864999691108235 -1.93496770375817 0.634060716250086 -6.90877725963184 0.746677169538474 -6.58062257843821 4.21459439499993 1.73505202796374 -3.34857388912149 13.8873223206478 3.47853367644665 -0.120907755826119 0.643588178099852 -4.10058630543937 10.684487978546 4.338697129135 -2.63208062095315 5.22674137904907 3.65241711799085 -7.49650566958591 -1.22182488326424 3.15453867946732 4.18896833207092 -1.89720116711411 -9.9155300057816 1.09738244106946 inlier mahaDist=21.9022660788064 cluster2 intDim=28
-3.09675412078459 6.91168368529618 5.64595999477407 -6.27894251198613 15.8337246682656 -1.80185266897365 2.49421576825505 -2.17083331791749 0.240600848589469 -4.96602933314627 0.18058493982208 -6.80566933674735 4.13404717451079 0.594248375230033 -4.83125296708422 14.1695749418079 4.16976290106037 0.979799810367977 1.29344900015191 -1.8719446476467 11.4187410715686 4.66753865342832 -2.1580270088305 4.89734941502727 3.81003165861243 -8.13936495102045 0.310327629496075 3.46538699417336 2.29354560463034 -2.54306166429164 -9.34676990229238 -0.29239092267374 inlier mahaDist=16.7419605359806 cluster2 intDim=28
-2.18981835194364 5.86510932831838 5.16492092036931 -5.17441303717514 17.2326678783901 -1.4344026755316 -0.806496700609724 -3.09798023218984 -0.125048972839999 -4.57679479221999 2.30111348245984 -6.38607486976753 3.53811439063017 -0.173082458370403 -4.5120178562461 15.0367242743758 4.06067670497517 -0.227514243764697 2.22807286383371 -0.907247528167116 9.88107168373025 4.51754569108276 -2.19789402933195 5.73158144729815 4.53697104290106 -7.51547998425471 -0.658481425349049 5.17953441171908 2.41447194488021 -0.225205803174922 -9.66734974208093 -0.00511607489986338 inlier mahaDist=23.441974761598 cluster2 intDim=28
-1.37847171450769 5.39895815343071 3.9175688034394 -5.48280730894356 17.0583875397158 -1.95463716400952 0.760376875057462 -3.32183282288384 -1.43660695411872 -5.98694295813192 -0.0644712061745539 -5.08349272067144 3.72127038207571 0.592727524636835 -4.00895521410809 15.7904811446834 4.65108901379733 0.281039152034051 1.77029803367164 -2.9441188074416 10.3517562435659 3.92966783958235 -1.56623535060735 6.71954824517362 3.13798972027834 -8.13018944550348 -0.366766960192929 3.71020003507536 2.74474307606032 -1.12435511755662 -10.8300681696551 0.0599774202024427 inlier mahaDist=19.7737048614572 cluster2 intDim=28
-3.40300321996826 6.40564949019816 3.49381791387643 -5.65206990570147 15.4817236795079 -1.30954149323079 2.2488160984034 -4.86440832481467 1.16070349042699 -4.3276509681063 1.65071266346063 -4.20732145730989 4.13871080331406 1.80964610498939 -4.28892962289868 13.7100434297487 4.04363308767314 0.765596126592547 0.965005003476095 -2.70886522570372 11.3013332150536 1.36697182878796 -2.96107851852099 4.98045031495992 5.07605739311072 -7.79224816916373 -1.2655609688407 5.25765674502917 2.33959124541316 -1.91823753831181 -10.701812903782 1.79881455590811 inlier mahaDist=28.2102769470945 cluster2 intDim=28
-2.09740015800393 5.05433482165699 2.63919591522575 -7.36015049630465 15.679125723083 -1.84682435938012 1.21781320059574 -3.32747323593524 -0.819413686007305 -7.05879572587713 1.51212816447308 -5.18737097932284 4.57065060257049 -0.176794008234584 -5.10497284756612 14.1705186613528 4.43312208519175 1.55503534578321 2.41553174146947 -2.28267364625863 11.6918135008169 1.52120332158242 -2.37133547446578 6.25526489733139 3.97171534141401 -7.30204244456197 1.482414011988 2.00159975544066 3.99683424846205 -1.66205285737036 -10.755109692546 0.746502672604779 inlier mahaDist=30.9141497208049 cluster2 intDim=28
-1.14244548960839 4.30138850860716 6.42042833476512 -5.66767603344317 17.6808729271426 -1.69981393726399 2.17747098653212 -2.76409383802097 -1.98773693923594 -5.20262274805501 1.63470550445174 -4.78077923840928 3.31357201376582 0.0068585455556186 -3.44470705241511 13.5004836583904 5.99242765167268 1.16618827892579 0.643107778805289 -1.91344566691851 10.001904170225 3.33266044682603 -0.374907135634054 4.18618585017669 4.87701964254856 -8.22246624680931 -0.500785160214887 4.0840864632664 2.16121038254224 -3.31059850021783 -10.6458275462605 0.502254725725295 outlier mahaDist=42.3380825067035 cluster2 intDim=28
-2.85834575798678 5.76307239750924 3.52450229801696 -5.21857444744789 14.2761108680204 -3.39470830111128 0.816457857989717 -3.92831341562769 0.473842025120336 -4.15680665148307 0.603861567103116 -6.27472174162742 4.63516372170297 0.393696501352795 -3.77067669858145 14.2782000335595 4.23700824918671 -0.160031780145564 1.53644227687729 0.215123985930403 10.4123404114555 4.30779202777719 -1.67408461490181 5.92240115537251 3.17017539701923 -8.28484523082723 -0.00315747694701762 3.25133611060021 4.28123309343041 -2.97555959307188 -8.37116863457072 1.03236295645613 inlier mahaDist=29.6063204509791 cluster2 intDim=28
-1.14839440842856 5.44638328229102 2.35493873573976 -6.46400054106337 16.3756133180882 -3.99186538703309 1.81068447326427 -2.10868140172247 -0.565735835571741 -4.96443561172214 0.976649140620386 -5.97559112336879 5.09552005631453 1.12239981639728 -5.34261240413651 14.3746550016955 2.57626736490475 -0.678179514536786 2.60698842106612 -1.75005073530831 10.2802006326734 3.03919162312332 -2.05140293912987 6.41386521202433 3.50835748998511 -7.41154443655251 0.213227037208915 4.85303043282781 4.18165062574291 -3.27500627538979 -10.5675882011033 0.901277633938014 inlier mahaDist=28.1026871457815 cluster2 intDim=28
-1.73049939445919 5.50615743200108 5.37884304095241 -5.26221021943754 15.9656950396701 -2.85196140259051 1.80527879037139 -3.03255841506287 -1.00220776626968 -4.08982062133275 0.348392146432432 -6.36097974922764 4.49578983990103 0.216186076747585 -2.44236532431997 14.5859794461207 3.13926084620979 -1.30621539766397 0.694982359857629 -2.10654502640135 11.4029533223582 2.86181954034749 -2.01696867356291 5.39821172146687 2.45877745479341 -7.21853869082997 -1.08519548411531 3.2852587920203 3.74491099060694 -1.30057383668873 -10.5164441124121 0.125431599998478 inlier mahaDist=19.7028897187873 cluster2 intDim=28
-2.28298233479195 7.30855958727005 2.94790872449345 -5.76261569941541 17.5102179113839 -1.03791491935576 2.5290704957441 -1.4590640953144 0.0921214073492484 -4.40700460417911 0.606463082327144 -4.89151805234131 4.62862191797741 0.569143293381823 -4.01513611568908 14.8353683343106 3.78746557385775 0.959661163512784 1.31219864082422 -2.44684043024258 10.2436547108736 2.10629426267934 -3.11005627601738 5.61357491893499 2.87120257800939 -8.74031656102256 -0.210943233080089 5.35408394213898 3.80346059382111 -2.16370420725487 -10.0802856122496 -0.556788511737288 inlier mahaDist=17.7397277971305 cluster2 intDim=28
-1.71814585351138 6.68667272805593 6.35969037906717 -6.80527726475543 13.8409942223759 -0.816247154881963 0.962464566677224 -3.40850681848469 0.790371899788031 -7.15479297577518 1.39611125115828 -6.65584100308646 2.77718917975061 0.348962943244376 -3.80957041283108 14.1884475408822 3.45117374966787 -0.238974264867828 1.6862830205234 -2.00123047642775 11.2527043708527 3.40070435355994 -1.25241896650237 4.84411865123559 4.20972134670001 -7.27652516133341 0.0762553860115834 4.49371930499091 3.34436642007227 -2.10900543086638 -8.73721343943227 0.282020982086555 inlier mahaDist=23.5138472244968 cluster2 intDim=28
-1.93890683340449 8.12623295670154 5.15251311153963 -6.85134357362532 15.5568228944371 -0.195569150145614 2.41417812750993 -1.5849499964841 0.309819836649256 -5.11024712853813 2.58862798344624 -6.41796112560236 6.09940724552494 -0.368213179887724 -4.57106356218837 15.7302203635748 2.01375976076197 1.36838089886033 0.950822510842474 -3.17307538182107 9.7015037981273 5.03052587751214 -2.36017265459127 3.17896884635432 3.96825407044515 -5.82328209071462 -0.661843260239619 4.85902663281353 2.87273174075426 -2.39879207125367 -9.39410269423644 -1.59686718952776 outlier mahaDist=44.0107222322781 cluster2 intDim=28
-3.84387673593735 5.22223351324088 2.83532150070614 -7.33258142087599 17.1067631042287 -2.42246239258296 1.19675820912087 -1.63073533513052 0.29262067757107 -4.75509219952128 2.00485557075326 -4.91382122430611 3.6271446987451 0.840095526980934 -4.70603051033428 14.0043558278393 2.25778800536262 -0.440571604874251 2.08511231760375 -1.98036967728954 12.301822218215 3.82266217819319 -3.42014765001284 5.39255054652708 5.11442899821769 -6.69127239050937 0.722038452616151 3.74706772481583 4.10880371658459 -1.4135208078987 -12.2719031999169 1.77149490466982 inlier mahaDist=34.2675094737813 cluster2 intDim=28
-2.16770608037181 6.2589093415797 3.99782255780938 -5.85449586723839 16.3805675410985 -0.550696737074942 2.71397856593187 -2.54171956654981 3.17856610265889 -4.83329335579874 0.932501733651157 -6.28284594225912 3.44409005504817 0.119100759337969 -2.91295160951152 14.2785265138238 4.9135208238258 -0.185420948817821 2.38832315585704 -2.91476829376675 11.1320418700582 5.26884072206464 -1.44779719923375 7.58055458036866 3.38574011165419 -7.70053910256384 1.55092663853026 3.77542529032 2.76756355261942 -2.01829940516203 -9.15394972198899 -0.0302313394924819 inlier mahaDist=28.5273813081413 cluster2 intDim=28
-2.59234563923838 7.71056315874955 3.17037158085209 -6.4882450771762 17.0946596409107 -1.02751093852858 1.05902109926751 -1.24006745255211 -0.819454813892969 -5.54443417161397 1.33095786643332 -5.60097088688987 2.88934527948974 -0.287593965525519 -3.49907690815305 15.4655742377164 3.62983331009011 -0.302278717019573 3.48362609272674 -2.67375727048131 12.1139378690085 3.91900434985236 -1.53303103769544 4.07505015743322 3.32280353513977 -7.77603087919038 -0.683143407059187 7.00530916558121 4.52174423545803 -1.91709739558128 -10.0899230765588 -2.35833891721494 inlier mahaDist=36.3116800475774 cluster2 intDim=28
-3.24168965461614 6.45644133016777 3.35701121333011 -6.62341612417656 16.3522730546509 -0.371269297043757 2.22952689845416 -3.48272095220947 0.319678235632514 -5.33580652666691 0.401915900306145 -5.68035760256296 4.05844316822752 1.53044323291276 -4.43449049550126 13.8297176409376 4.92865937195929 0.607515941843399 0.794848525759675 -2.83333299710242 11.7533892045096 2.61254171081052 -2.55667431592113 4.42525439858469 4.05614929336382 -7.7854834834664 0.430103642484899 3.82239637735501 3.46815051756098 -0.834572601559413 -9.16773171945269 -0.397844592848284 inlier mahaDist=14.669151282166 cluster2 intDim=28
-1.24355985450777 3.5564064090351 2.6999064483455 -6.11196579713365 13.9146379522377 -1.68096127237569 -1.01732758958048 -2.72311633739305 1.48795543140152 -3.50466691998138 2.79317409956344 -3.98424437136505 3.91598249615844 0.377551468646621 -4.47096992265612 13.945441905791 6.52058376209926 -0.344223275077902 0.951403111992537 -2.75529767320154 12.5626651836133 1.98690105210021 -2.46406629968757 4.73228360924448 4.5143087908269 -7.20323303643839 0.32727226766099 5.01850163111946 3.52710232656512 -1.83715360576947 -11.2363420155766 -2.20918959763131 outlier mahaDist=49.2654276500216 cluster2 intDim=28
-0.516309005958159 6.4566546296947 5.59646640898824 -7.17282228405638 14.6181641097302 -0.597777702197427 2.12090518926322 -1.4601125427856 -2.0409743951258 -6.46149413221096 1.83389971972127 -5.99271172678817 3.97439855430437 2.48463339702674 -3.41045100787602 14.2876363681055 5.23514866532528 0.616002454628533 1.57756907645836 -2.42375592793902 10.9857169340555 3.42831580041866 -3.65805492725761 6.31085605458924 3.6143990254959 -8.27649799731433 1.00028026579065 4.93094207389277 2.4026466554295 -3.93774597291203 -10.2996254569812 -0.76285470391066 inlier mahaDist=38.6036270087709 cluster2 intDim=28
-1.38167715338039 6.68182092234302 4.09567199906955 -5.28654099907237 13.6555073326293 -2.87186084289034 1.03514753267777 -3.58631509126951 1.41147205822466 -4.24098101969128 1.29963241107381 -6.2877665681554 4.80792263285396 0.65380019809316 -4.01242793876929 14.2518939044917 4.06597153150964 -1.14889627208564 2.50619254044308 -1.28845985346096 10.5160523450039 2.50273482847033 -3.11945451079526 6.23582744993216 4.75668115604902 -7.86085179255785 0.997267908551616 3.80872245882211 3.63547359769074 -2.40428780638645 -9.51634569529702 -1.12610178798442 inlier mahaDist=20.2905192620043 cluster2 intDim=28
-2.44536879019822 7.47443190013944 4.00967592896045 -5.85118845495209 15.7247400571666 -1.10817554450532 0.222528258028219 -1.70438117264655 -0.878268344641915 -3.82997175716262 0.822879103723242 -5.38955481402965 3.67902192762543 -0.885822321802271 -3.47933327892868 15.0387475086206 2.32088238800477 -1.73432489846717 2.53910544719953 -3.67618037451281 11.5413600876629 4.20738437689379 -2.12441686223587 5.16889109448059 3.78997817296194 -7.5533897730772 -0.0529532469718209 4.9495434976519 3.37991393011963 -1.42101633079309 -10.6153963721958 0.301940079003652 inlier mahaDist=21.4685850356022 cluster2 intDim=28
-0.775728822719819 7.06352576325228 4.16788170344225 -4.79117092483264 15.1132851379104 -2.04115631331593 1.31626543289464 -2.15087275754248 -1.73227982194633 -3.49327429186815 0.929948867461409 -6.50108272828435 3.84463080581634 -0.27453632924218 -3.95917156289994 15.8879202670693 1.09330207030115 0.195422304729703 -0.71260154280897 -3.37494186490909 11.3389378727316 3.11256004786508 -1.944070168545 6.02807321572597 2.17452290540253 -9.43612644690662 -0.81910631418269 4.9379335992652 3.18485264394286 -0.810894432366314 -9.71564480476431 -1.58624272363391 inlier mahaDist=41.0845695482645 cluster2 intDim=28
-2.04367915460244 7.79584013259195 4.73790137947667 -5.5709553258413 16.1595059768851 -2.41172960756589 1.73908755626658 0.135835177893796 0.210325498741204 -3.99590355636138 1.31489869236072 -5.08961973350185 4.71461865565315 0.480427987529472 -4.44643344633066 15.1171236322458 4.55805035051852 0.44534068969251 2.77574730729226 -2.30239487619859 9.85690428993385 3.807542062737 -1.35004239954762 5.5467923565225 4.73481243570428 -7.80345055404946 -1.90728072110969 4.72987318326213 3.93344884669843 -3.30645083078626 -9.41831027426078 0.932043401710864 inlier mahaDist=28.4082401763803 cluster2 intDim=28
-1.35122157692636 7.37131739894253 4.92949325604073 -6.23233754904111 16.7915089263252 0.0270992436836885 1.62711228662907 -1.02388288427541 1.43381424464912 -5.15055272576468 1.87017557540123 -5.3307399321251 6.34560228825333 -0.263741911353923 -3.94124107593125 14.0871612596242 2.86958251333556 -0.421335343901833 0.561030450095201 -3.72981691113855 9.8276135858822 3.42293256453412 -2.3866327036886 2.89143494327319 3.69038183164092 -6.2867221195856 -0.088130806680551 3.75096784531903 4.83519378693141 0.983463862576687 -9.00180551972889 -1.34047858930854 outlier mahaDist=42.9397962282733 cluster2 intDim=28
-1.11512574757987 5.76565384781115 3.93469025611591 -6.0322365141063 15.2894348612723 -1.36112045472088 0.978791020931255 -2.82824525463796 1.73618961469881 -4.85832637705661 1.71653728677298 -5.52385800830272 2.71953347073021 0.0987447258530773 -2.63582556453272 15.6492357770699 5.58005199822543 -0.379989498109824 2.03638940543091 -2.72211123200617 11.518304008389 4.71974830277979 -1.73409504470088 5.80474733758889 4.47073064280255 -7.1272989565704 0.395939218967751 4.08375223889464 3.3941573919629 -2.20517174288179 -10.61299662639 -0.900263789442185 inlier mahaDist=16.7733116764103 cluster2 intDim=28
-2.6007785364881 7.81643969220672 4.05187033144936 -6.65206410597986 14.7716899155663 -0.775149922361278 0.845077445723736 -2.77751736854588 0.806690640146614 -5.27323062514172 2.2534358483347 -6.02086256483125 5.23727824176955 0.318355891078513 -3.15518167054092 13.1017172472808 3.99880770477039 0.535628602335916 1.34195240867931 -2.98741934602795 12.2991571719837 3.18953417468791 -2.83088646578097 5.19101158140804 3.64721277886437 -8.05757380002989 0.388042752229211 5.29946856092664 3.17085077519466 -0.711037711722851 -10.6713602168305 -0.812233068747501 inlier mahaDist=16.9796396131415 cluster2 intDim=28
-3.08939508622477 5.56553754599638 3.26540070510136 -6.56207886985677 14.6126644758475 -1.42440099594898 0.895108762074417 -2.8935564036713 0.81985282173542 -5.89462441779367 2.30392728609714 -6.00061246955197 4.47379634187171 0.510734859513953 -4.06082876634913 13.4150724893925 4.59773524558488 1.73319189741947 1.1070361971338 -2.24008517915055 11.4494779861361 3.59120193960561 -1.19027812926048 5.60755401804025 3.84730073256355 -5.82850581260645 -0.720703369632386 4.73819380056136 3.38457268796185 -3.50972922821944 -10.9504863944355 -0.00627398480901725 inlier mahaDist=22.4165816566579 cluster2 intDim=28
-1.17521004050406 6.37858532177004 4.0330366173043 -6.56844185068587 16.3725368169095 -2.14331587708687 0.70614389905214 -2.84064617066365 0.26025156966046 -4.00156509452868 2.46850206396497 -4.33708922291134 4.86128400443492 0.683162479078819 -4.56770185917071 14.6411294968326 5.16448736152652 0.111256310132504 0.664132470034037 -2.39746607615197 9.76391126555095 2.23384135618048 -1.68408560943226 5.90307006060639 4.049876372346 -10.1128738870124 -0.708595728798885 4.57522334551464 3.67753571112367 -3.51554227030652 -10.6013106952863 -0.855820610828897 inlier mahaDist=25.2739284916149 cluster2 intDim=28
-1.33166422892562 6.89139397751715 3.3705435552418 -6.28737844306088 16.519278315401 -1.35765344175465 2.91051929193222 -1.15697597468594 0.691129165049052 -3.07789085121178 1.81024276778917 -6.86664984841518 4.61902816633089 1.31710328772148 -1.90131741345971 15.0649876027374 5.23819969312549 -0.329062493040809 2.42450790644395 -2.41681495089949 12.0343627824153 3.05577925105035 -3.08295239754073 5.94601173199237 4.5815077311008 -6.15838045744817 -0.372183925754365 6.52893245646362 3.05794619994194 -0.667877815268131 -9.86563821641894 0.23528966539773 inlier mahaDist=29.8836021016942 cluster2 intDim=28
-2.58927048608688 7.32033545429926 4.09436983925155 -5.67968585706859 13.3638898788493 -0.867548584244271 1.03260626240279 -3.60854154676285 0.863716340681526 -7.28919232232077 0.0336196250949856 -6.08343102758803 3.55409844323887 0.629186616453756 -4.1900029569462 13.3494587148224 4.01293101307946 0.106309590323589 3.41868729841325 -1.22195112619279 10.4086977122352 4.22486594007766 -1.23218595794864 5.4899975036188 3.45336080478978 -5.79765767400431 0.454153601108192 3.95717918676966 3.03323371815393 -1.53630305994828 -9.86970983697293 0.667452637506185 inlier mahaDist=30.1899378299991 cluster2 intDim=28
-1.35053770304264 5.95002051768099 4.44871263491096 -5.4223512433486 16.8351260847004 -1.69392724930001 0.597768787332252 -4.4778272855214 -1.07046905553195 -6.18653957826224 1.36927592250561 -6.47173191178487 5.01937007906044 0.126466702783794 -2.76978063463406 15.2776724811082 3.90769299325695 0.0491914867554561 1.76011468289418 -3.55586589030556 10.3942470940301 2.07584290629573 -2.21009995423147 7.19445367591131 4.37846761948975 -7.57890578605342 -0.335893359949158 4.86027678847315 2.78811380979961 -0.829875131421499 -10.4582463854792 -1.35324481223754 inlier mahaDist=22.2066556970653 cluster2 intDim=28
-0.382749399849368 8.80686223997682 4.28210686612675 -6.01069095769725 14.1753145708638 0.112418024400557 0.758641343450306 -3.84147015792098 -1.05633088466334 -4.39349885378911 1.27725520205257 -7.00409648635812 2.44162584297467 -0.85202020346758 -3.6758364326842 15.3163763941277 3.49199027852593 -0.0106328380736904 0.0902717100046535 -1.48253965558745 9.2869803564515 3.2849887587268 -1.41753720650562 5.10764814241856 4.4311148384654 -7.07072281994517 1.14252794693727 2.75610699765136 3.29032458828573 -0.928531567518354 -10.1206300475748 0.776626120753778 inlier mahaDist=35.9418185751018 cluster2 intDim=28
-2.5639635616213 7.85648651575869 5.11045332959707 -7.09097970891629 16.2088839640794 -1.16436363415325 1.46500725716853 -3.76359421617199 0.971525824516124 -3.85525450119086 1.62237329515194 -6.65715750473168 5.37584289839433 0.563383735941528 -4.9828252095351 13.540942385002 3.7249441663086 -2.17727990589801 2.0379231755668 -3.08430080038639 10.785101350291 1.80631785581889 -2.62533551140021 5.42664482108437 3.69644767660313 -7.00758606548708 -0.0215013314472744 3.53245286957919 3.2337351744971 -2.27636968851629 -10.5305382047119 -0.486865148152545 inlier mahaDist=22.2376901971207 cluster2 intDim=28
-2.63595496387246 8.05827158614954 4.26352369188786 -6.15193151123069 17.5435207696893 -2.58618469835358 0.567600587847672 -2.47201037854533 0.621307208902848 -5.79735900135423 0.82181842449592 -6.95444832273283 4.21223199125449 -1.01289824420585 -3.75997391782506 13.6729364433385 3.65782257008063 -0.341592155325427 2.43010252365533 -1.88052264287129 11.1523773752493 1.18385039540362 -0.870425063229055 5.09286258128465 4.7568564500826 -7.87421214254926 -0.319561985613181 6.02103605796432 5.10071467758371 -0.513556772771084 -10.2907236568809 -1.75410447369257 inlier mahaDist=29.8602009156066 cluster2 intDim=28
-1.45273241733401 4.95352530382499 4.95235265425409 -7.34483082024721 16.0808213573614 -0.411288994798931 0.63291254064296 -2.59824164372353 0.142723318764577 -5.39881181109884 2.11739483720615 -5.99899538939552 4.17219670084068 0.878515897123499 -3.69559967554202 14.2547505842514 4.37846582416169 -1.00110783227237 1.68548164315892 -2.53607599699814 10.762907009361 4.28707287592471 -2.35083636305557 6.39810296591921 2.46056863482957 -8.09904783402715 0.166919025635662 3.93169968168129 2.66642120868136 -2.68064088337766 -9.4874447396741 0.686057127449714 inlier mahaDist=18.743335391292 cluster2 intDim=28
-0.449515071851856 6.66486867513338 4.72208894314017 -6.87596789063547 14.8665145619972 -1.55238272590406 0.77023013372582 -2.75034806914265 1.34362989890721 -5.05145961057632 0.0804373451250906 -4.93804877818477 4.5026295602689 -0.0385758375942867 -4.60270952856597 15.4718846637598 5.88094645822905 -0.625631084929586 3.0070135023838 -0.5125929318238 9.64338712523159 3.76557578431912 -1.74917743050799 4.62173422101114 0.831633878532609 -7.78017020429637 -0.596139551568317 5.08512334230063 2.62897112209164 -3.03237440417676 -9.90578472306475 0.559340314321938 inlier mahaDist=36.2681870903748 cluster2 intDim=28
-0.959045687820599 6.71010111834095 2.88623004123758 -4.2100054384675 14.7122271230073 -1.22059404972888 1.51403243099911 -2.1519862391749 0.748773324345458 -3.63415921463156 -0.785804798355798 -5.99080111407081 3.07241068006334 -0.432896436268099 -4.38998379490475 12.3503174800347 2.58094317479431 -0.989642679263339 0.658302038058044 -2.87561764020215 9.07870556744328 3.5189135073345 -1.02566390854735 5.22927875544756 4.66444545308751 -9.22990175838747 1.4579331514546 2.34402040341233 2.70149443639253 -2.11637311421214 -10.1025226193199 -0.830516509399326 inlier mahaDist=39.995779510237 cluster2 intDim=28
-1.90664220004449 5.8416644896141 3.48209773808326 -5.86497579396275 14.5313045633468 -1.04909019452771 -0.207023193623849 -4.11360328075813 -0.799928096663442 -4.98216721191632 1.45535011028247 -5.93489497538589 3.40931318288858 -0.0293694803515206 -3.89468180021467 13.8853975772411 5.22955314138076 -0.0468688501013921 0.84384448267926 -1.37355137491751 10.9582165550717 3.85271278148599 -0.952525936829941 5.46443968043032 4.12681923597971 -8.75376977367723 1.40778101359902 2.95829797186011 4.00746640477586 -0.795351745393741 -8.59359118815573 -0.724680276896423 inlier mahaDist=24.6955863155468 cluster2 intDim=28
-2.51785534077711 7.67712010239026 2.83911362999103 -5.23193913412487 15.2861964333922 -1.67490902696972 1.10168827632331 -4.76499202466262 1.41246401202272 -6.7403841579624 0.307598650250649 -5.53103392277845 2.66503181898759 0.657979330116819 -3.96281341188857 14.3759147128925 3.62231981636003 0.666056086952451 2.49389887517717 -2.48728633819025 12.403861953612 3.70280457562038 -4.51559935834627 4.47372386018801 3.462743849228 -8.65863663944181 0.905538546581836 4.2263981797074 3.5336448645022 -1.18912972403864 -10.2729995766045 1.35793364451797 inlier mahaDist=29.4450908707705 cluster2 intDim=28
-2.13645558005357 6.12266433766259 2.60785897839524 -5.98954519049527 16.2313542580262 -1.5378416733253 0.583087625856871 -0.602657593742162 0.439944285176981 -4.69802850567571 0.877062889887206 -5.83182370061928 5.11546927346002 0.375575449855746 -5.93668811675031 13.707234096789 2.52867516955052 0.563566633507074 1.23734085348475 -2.0795609697355 9.82116451432567 2.24247161607565 -3.16433054958299 5.42541788116446 4.14493931175533 -7.81276897889594 0.564307775285853 5.00037634759657 3.7860210988804 -1.55459758224605 -9.62789491091554 -0.590918387954161 inlier mahaDist=21.6335581796993 cluster2 intDim=28
-1.2958286211965 5.18275036758655 4.06537216498177 -6.73733102552653 16.8735415106056 -2.15584557052836 2.15385808584282 -2.83192380927136 1.54814176111637 -5.02968973131619 0.159330361983716 -5.63792109776677 2.33241833766017 -0.0864608559065624 -3.76397075122553 14.2105630730341 4.27026883172092 -0.176217976033659 0.550694268909653 -2.10941441312806 11.7392106922981 0.319681628440323 -1.87359765780329 5.74512158649008 4.36081438393597 -7.77750593527593 0.948473894420427 4.81137555241891 3.79185121352135 -1.69217348052598 -11.4084085587528 0.343890037140657 inlier mahaDist=21.5702304258904 cluster2 intDim=28
-2.51732432166999 6.89350348183783 4.25811385228312 -6.64451942304086 15.8365728843051 -1.37263663526981 2.03245926890461 -1.74157499884531 0.166143217888579 -3.82891181672245 1.52066094399157 -6.11479101626642 5.08742904630768 0.603434028850897 -3.66380814729234 13.7575566974871 4.76481988278713 0.261896276746608 0.993794107249984 -2.68789628277007 12.4812271520661 3.8908811758235 -2.47714883621833 5.17499949049176 3.94667569147141 -8.36060151726881 1.11303141433767 4.43071853714655 3.3839402760992 -0.653063499527065 -9.43802864098923 -0.911264971571125 inlier mahaDist=14.2013874676944 cluster2 intDim=28
-0.684402596675184 4.41064920280057 4.97264928161766 -5.11723420108793 14.724593073206 -1.30174856872567 0.83879953277206 -3.8455493282918 1.27901671906783 -5.26832658839751 2.21298078374952 -5.98295348335958 3.74104977421406 -1.80590248145273 -2.93562365178616 14.2578288731913 3.88305026982485 0.535460254586954 2.39851103112429 -1.26781909419748 10.4212825017951 4.01426272993876 -1.30504280789312 5.10778082060707 4.31558341807299 -6.97463469405302 0.302937245151457 2.96027054337158 1.80882452019643 -0.430851528627632 -9.35624743919773 1.18913319446188 inlier mahaDist=30.0166136784231 cluster2 intDim=28
-2.05205987294749 6.435077041627 4.62514668354838 -5.078320727859 16.2802547732074 -2.32447417492776 1.41707872496984 -2.62891325225043 -0.957106465029108 -4.88763804577465 0.244206437675622 -5.91599683987477 3.06878617763915 0.864137307229243 -3.19725113887589 14.2165661686518 5.11878478695403 0.477380869446798 1.31317745499192 -3.23589037777634 11.6112113545889 2.38376432404051 -2.1760550246316 5.01679506125145 6.63336343002605 -8.89381707477111 -0.285336471919786 5.02528176864439 2.88173903509547 -1.95663809765966 -10.0701807127569 -0.457770480985996 inlier mahaDist=19.3274474245912 cluster2 intDim=28
-1.53885648905817 6.82474159187433 3.59042623422312 -6.30371239341465 15.6902662769781 -1.37725166553067 0.498965642073699 -3.76730703950103 0.622175870387711 -6.27865359839375 1.229890712077 -6.34052764499248 3.5780290303242 1.37553175367225 -4.30510411780502 14.6194393687021 5.26534925468385 -0.120145552251011 2.65882011005778 -2.09322157456234 10.5297410021832 1.97548819923529 -4.11706807573046 5.88916211443211 5.43383308295824 -8.90383571839373 0.81038817037221 3.15509136309265 3.74673703262291 -2.17742652261692 -9.06550707066108 0.0275370167653017 inlier mahaDist=21.3581156218966 cluster2 intDim=28
-1.47022960267572 6.32276027512612 5.07791546526408 -5.35643453617301 13.3155748696141 -2.20590761294733 0.823550298106267 -4.18125447694847 0.470044064657819 -3.99003087961593 0.92540652657282 -5.91083737582456 3.60159665551064 0.351919981140386 -4.44582226924471 14.9267029812252 6.14697800444311 -0.665017263545044 1.72560608726382 -1.48607148176028 12.4220600704078 4.52872449785617 -1.97355125705594 4.61831813445892 2.22194156803934 -7.59264704189814 0.65760972946141 3.96214496252763 3.56809643123004 -2.34685993038323 -8.22131397468718 -0.155264383402791 inlier mahaDist=31.3783076432829 cluster2 intDim=28
-0.853797286529098 6.85909761284277 4.30207361315039 -5.33676886666193 16.6985645145364 -3.23032703370203 -0.0683314408725898 -3.19810492786811 1.88817181556461 -7.38466997294613 1.8575556223594 -7.01906174196931 4.5553866898931 -0.308853822750714 -3.82336728832385 13.9614720995471 4.5519241006313 0.940158380688259 2.22064830143954 -2.16579967708087 11.0818517434124 3.87003132903494 -3.48902049199261 4.26238276845882 3.83307228285542 -6.82741092956541 -0.037445110510563 4.74465840001253 4.60886975618026 -1.80517100730518 -10.9473323659133 -0.11182078521002 inlier mahaDist=26.2518047271612 cluster2 intDim=28
-3.28160623234248 7.38779317662538 1.49295927262383 -6.10393032713534 15.7991150721338 -1.30445903371612 0.605843444476256 -4.1533208634171 1.17531624815264 -4.75504341593209 1.86268369307558 -4.4754247914033 4.51657738708607 -0.112171212238278 -3.3805809617525 14.985922170524 4.28278715369171 -0.625874015383234 3.05318061491196 -1.60817889215498 9.82171403647233 3.87785730233732 -2.63722699871014 6.44283176709036 4.65696905891689 -6.25357948736603 1.55144863678274 3.83381075202535 4.96663332733797 -2.6359157163303 -11.2847255895181 0.367391112790755 inlier mahaDist=32.2713374554045 cluster2 intDim=28
-2.84208733512298 6.70000979735781 4.2017348548681 -5.38883263325273 15.8128556432723 -1.60675927992138 0.733217919914366 -3.33808230648265 0.801556725450425 -3.10645421036189 1.59592659952753 -6.09090255296108 4.03252174162208 -1.75466269170241 -2.28315557665278 16.0516738906797 4.72553693547105 0.338789271318808 1.62911845675681 -2.67338588915238 10.7182224182931 2.93030020961992 -1.3407766221377 5.7303981715467 5.81255712336169 -7.46128790390834 -1.54741439866169 1.67025669857625 2.80497323113539 -1.69887214306226 -11.0267833417724 -1.13648247455247 inlier mahaDist=30.9759371626847 cluster2 intDim=28
-0.996972426273321 5.9597410440561 4.73135799071927 -5.89078421007893 15.5430723488625 -1.27233349035121 1.7660635707243 -1.81901250825854 1.48473159618878 -5.57348804169783 1.58807041524461 -5.49427919245197 5.01647502114892 -0.161675664049984 -3.95047905467009 14.4095428401239 3.63661378441961 0.957951207768246 0.717662106875386 -1.81369475537046 10.7349272994976 3.0008452512298 -3.67407648584106 5.87000332064954 2.8622362757406 -6.36396605834149 2.02341203659698 4.45132139748033 3.62140231325436 -0.651503407880839 -10.8096401981551 -0.818569047851699 inlier mahaDist=18.3433261501568 cluster2 intDim=28
-2.50526221558176 6.26632098165938 4.91376276032086 -6.82913100686805 16.1236679882299 -1.95768621930802 2.54338532737005 -2.98143591208258 1.40367020947256 -5.03341923338296 2.20343964167439 -4.67754151006738 5.35381412515405 1.39262458729474 -2.08595917885874 13.7724841140469 4.50634975091865 0.784069178822474 0.538978566612915 -1.93109936354405 10.9024359665404 3.42982033547462 -1.95135687623534 5.06865595100634 4.90563972891349 -8.25624839995209 -0.94558554285027 4.85495415070289 3.26172171113375 -1.38316939500234 -10.7313212143318 1.38317629055693 inlier mahaDist=20.6499062744116 cluster2 intDim=28
-1.53353017202535 6.9259493869058 4.46426919515777 -4.86065719258805 16.0005880705747 -2.24711743237048 0.962271249712079 -2.81820084271077 -0.675578314645207 -5.69929774346632 1.0586877763114 -5.44740282783045 4.44086074588449 -0.549967003656523 -3.91239999852429 14.7755437275038 2.59731153726441 0.114030683882103 2.9188587677432 -3.00684834572665 11.0184228840367 2.32078910796023 -3.09963153481777 6.41641770152496 3.10603234630367 -6.89605228002011 -0.184831326079578 5.91806012189096 3.28941549511398 -1.89973314570491 -10.4549237615865 2.13275450448043 inlier mahaDist=20.6607816320081 cluster2 intDim=28
-3.95435184331035 5.12412351664593 2.57576619692596 -5.47650931067097 16.5222299122738 -2.96261083998556 2.63212740751372 -2.44451211621661 -0.343820595058798 -4.96420911043017 1.00821683862069 -5.61299240255358 2.89161484815039 1.55704523274355 -2.52859088927042 14.0873625859512 3.1179077189267 -0.192806753124956 2.68188577527442 -0.606051766235298 12.0807712813635 1.7127033457545 -1.70360521108382 6.36245392392974 4.43940103229712 -6.65873487656824 -1.48791584085009 4.86800313064988 4.70023878292648 -1.57512039875322 -11.127943049451 -0.327691849664124 inlier mahaDist=33.5187482071031 cluster2 intDim=28
-2.45945604776503 7.20302240391972 5.43456659629442 -4.43194974904857 14.8065761519464 -1.10277441483452 0.531463811830211 -2.49878073753353 1.10973162654669 -4.38660100462641 0.603157865213962 -7.25046511571938 4.94684580462349 -1.02968092497571 -3.21658165090318 13.0964599470364 5.2977226938465 -0.126258606390236 3.18257718853314 -2.25509445785398 10.6469487035643 3.12270613534106 -2.15156973122443 5.90377581454364 4.37016686599831 -7.07620005306028 -0.194996419182283 3.07386485470722 1.79412979560311 -1.31178849289151 -9.856454253132 -1.68608876111428 inlier mahaDist=27.0960883306916 cluster2 intDim=28
0.761596731021778 6.40140578924275 4.6971056671685 -4.1515683016189 15.8069721231604 -2.97570280647663 2.82386741903471 -2.2905372699888 -1.18846029390612 -4.78592923794477 1.45826971926765 -5.76209112958685 4.5452482356004 0.595980007103637 -2.48367808498975 14.3526331339408 3.67201685059863 -1.59087533983169 3.57453947031576 -2.34432372105765 10.3214437432759 0.959645800111344 -3.02888806931546 5.21135296920868 4.65449811401143 -7.33233937561546 -0.254062228409396 3.90966981283267 4.12630387217579 -1.10861092243684 -10.1373903578648 -1.36827754193995 inlier mahaDist=35.9680112787425 cluster2 intDim=28
-2.28075602696706 8.07235322399251 4.34897270568418 -5.7840306346684 17.2213159870879 -0.631273186549622 1.5240392357565 -2.28697371552682 -0.656041645367307 -5.48047157123429 2.73306117447724 -6.29511487993018 3.15697138576271 0.838047988747458 -5.53168187798497 13.473974053224 3.03557801072101 0.172428853742818 2.46689530962022 -3.31599159008959 12.3406978979834 3.38586063174506 -3.65351397014308 5.17097279655338 3.05761436437474 -8.29070664179683 -0.200003724241948 2.90419797612141 3.94211813273936 -0.283160595776682 -9.30171651520912 2.17461464422847 inlier mahaDist=33.3641531234288 cluster2 intDim=28
-1.40857235119369 7.08001821232726 5.22247097838352 -6.09408138093429 14.2914101518182 -1.89909670139215 2.89125555935822 -3.99025148144347 -0.382097275165152 -3.08465414505542 1.01987628588752 -7.41832803593363 4.05665039358856 0.284889216552612 -4.42759769155856 14.9294605309725 2.68825571181609 -1.06456734585015 1.90618011443937 -2.08270616970949 12.2330121664731 0.829914930562295 -3.2676162519251 5.66931710345374 3.40224896055749 -7.75629500416417 0.114136298496604 4.24240756085695 1.77762670703142 -1.56393332829857 -9.46736059748334 -0.444965775373451 inlier mahaDist=29.6550796663251 cluster2 intDim=28
-1.95212705923067 7.07614671604916 4.55347104542366 -5.31903973192436 16.3334348218699 -2.02619447374306 1.88785209222897 -1.44907653551713 0.74019947007222 -6.13463153229638 0.541167285588847 -6.65514246943367 3.11305052214626 0.666525817781698 -3.03105293203689 14.5332318159083 4.11790754133684 0.333180976547715 2.84287057225927 -2.63064933458683 11.6322751220439 5.03343215266149 -3.51115318520514 6.44087102243015 4.70824361719253 -8.28657706751432 1.50940785884812 4.40377569728625 3.43237772224318 -2.2816480064929 -9.85280423093063 -0.276615128198167 inlier mahaDist=19.8686503523795 cluster2 intDim=28
-3.06298512446804 6.16030823781561 3.56632178654962 -5.58823686322501 17.0848749244947 -0.333059477045439 -0.583318284797522 -3.09818699519084 0.791668262606564 -5.178398560562 -0.07331063507924 -6.11600949544794 4.33603573150226 -0.763081188223632 -3.24395440158816 15.7234311357868 4.12223407595885 -0.204078716410698 1.62687190536069 -2.3650114674021 9.56167303293388 3.0586177449693 -2.86799753742049 4.96645201882114 4.63650456558706 -6.59586797577258 -0.459879382975943 4.14211297727389 3.38956244580376 -0.460317895154595 -9.60551866234039 -0.716016294827247 inlier mahaDist=19.6647504433567 cluster2 intDim=28
-4.1236409849307 5.53067527741214 4.28649022105341 -7.98067224775064 15.6632081577532 -0.883649906609624 0.984891622332745 -3.52045123371795 1.45098659333634 -5.22405940118613 1.68436397157941 -6.03009066793231 3.99858837298781 1.11087293652568 -5.47942330931693 16.0485224328013 5.02034448708764 1.20072303113852 1.14373599712099 -2.28261280772779 12.5135885972552 1.69078235223434 -2.62521401682355 6.20017029365504 4.97002737114888 -6.36697566859367 -0.518693403124073 4.12516554015322 2.96405183053273 -1.0529173345579 -9.59475432517042 -0.32459536271146 inlier mahaDist=28.7685438675763 cluster2 intDim=28
-0.932218068292924 5.17159103998468 4.32402795911084 -6.5519566329333 15.5337008137918 -1.80257778550306 0.924026358399377 -3.9435471716125 -1.4537460438615 -5.30259395304141 2.55089019959975 -5.1948015733269 4.79896666626842 0.497338131601767 -4.33399304279276 13.9431389372523 2.81682121226438 -0.665103845854246 0.349692016698335 -2.59783495667856 10.7244853171002 3.14440804761595 -2.20465068309406 4.46175892460797 3.6728848359716 -8.6831880401715 1.20256729565343 4.9519677438784 3.95342727300437 -2.41523956282672 -9.51327934819638 -0.944233555568861 inlier mahaDist=22.9567800786329 cluster2 intDim=28
-1.92804085188896 7.8887400472952 4.0988554977149 -5.83059883721817 17.336200698301 -0.201696642066396 1.37183513410663 -2.37027193382399 -1.19561226215544 -3.99379781151234 1.30402231065367 -5.01140060700263 2.29341413904442 -0.370400124768765 -3.53757322371034 14.0140886150658 4.51283607919757 -0.718931724160554 1.41358059444406 -2.11227064498986 10.9166844658317 3.18635028120814 -0.966914364426142 5.26418347007383 4.58204515515575 -8.7521694049648 1.08606852211352 3.06540419069093 4.41593090813661 1.05802906299568 -9.62669302606434 1.55837895501652 inlier mahaDist=32.5927294681293 cluster2 intDim=28
-3.05493553725451 7.07658909735118 3.8277634465934 -5.93297862394745 14.6442528231623 -2.70532198049294 1.05145742305334 -2.18742438272192 1.7802409505533 -4.31236145705802 0.768084245063601 -6.29262113091025 3.38083819003974 0.582922434251095 -3.64447620853489 14.985733265259 3.77577085272353 0.196713056637331 1.68950188526556 -3.31956528764087 11.4413035114433 3.68513234765053 -1.55926826326815 6.86142149528879 6.60887924318429 -7.91070680191673 -1.03404812381207 3.35709210589694 2.96542542140315 -2.95126256413027 -10.9381309341842 0.541583656934729 inlier mahaDist=24.3491649492931 cluster2 intDim=28
-1.60656650115194 6.91353489939527 2.75085649947663 -6.18648314184469 16.4243529729108 -1.48806938853046 2.42522506383089 -1.49950639747951 0.282396451956119 -4.32726717049659 -0.0444386198890154 -6.24199314677873 2.55608104411171 0.887592341320865 -2.82450592883968 14.3794360844041 3.06177172858306 -1.12864398898104 1.06785437508169 -2.99077394809947 12.2632618960547 2.83961434316284 -1.52944911218983 6.34888323775501 3.45310246943344 -7.750223974032 0.693005867034646 5.19537261410342 4.26846754037409 0.0163289951591047 -10.8151113907676 -0.373827683316709 inlier mahaDist=22.5594915554446 cluster2 intDim=28
-1.46307840131874 6.87162261262531 5.36774754476563 -5.12402740961519 14.5122511609769 -3.29117181120824 2.32890204753065 -1.69520000964273 -1.54905478741392 -4.50684329478869 1.0589915607873 -7.46468710027182 5.11832982581139 0.0699536625695708 -5.62218890727269 14.0744589157082 3.62704184432472 1.39547157018649 0.56320415235775 -2.48240786402921 11.5419069737802 2.25181236056302 -1.50337937176091 6.71604746310487 4.95179997694593 -6.50690309248577 1.5685277771763 4.20436703481704 3.85427081737778 -1.93472620061093 -8.87584410955256 -0.729106067104287 inlier mahaDist=33.7781861170108 cluster2 intDim=28
-1.02921672593594 5.13990013324526 3.51473710198862 -5.71619820021493 15.267257864533 -3.40050581791462 3.07989546410319 -3.64387600333867 2.12094320569589 -4.91362722657542 0.697431809792897 -6.40769188878896 4.90637801121312 1.9079872968403 -3.23645601285699 13.9525529920879 4.46966418610106 0.230354008497128 1.70011372806864 -2.25001750591551 12.0368845860869 1.92763677814982 -2.37233588984229 6.09921155733779 5.21754016267105 -8.32160019537138 -0.114705318622424 4.82138666261626 2.87680226169234 0.14056031891784 -8.75242499335289 0.949076056086629 inlier mahaDist=29.1224660244685 cluster2 intDim=28
-1.64452637619675 7.44209579554158 4.97070294932298 -5.95572314090966 14.7684566321213 -0.60689737385864 0.998779900386746 -1.95656436006916 1.35688352357969 -6.23791700942672 1.17083095209867 -6.15261852867433 3.3398276769923 -0.933549203948424 -3.59646264939221 13.9469085017613 5.02669976842555 1.78896895399563 1.46297458951357 -2.54371253225725 11.1805787699525 2.68877352418863 -1.04176005277084 5.84402286083404 3.98658845035869 -7.73341323215574 -0.478417049145076 1.85166177885748 2.97766693272653 -0.404484609131863 -10.8343040672956 -0.213562075098424 inlier mahaDist=23.8401568279502 cluster2 intDim=28
-1.20901588660354 7.2505450996568 2.20221485953189 -6.03830523876234 16.1870805125161 -1.87880990699577 2.22829363784913 -2.65134093801543 0.133254040499667 -4.69048582655574 0.189067409173001 -6.80366279320252 5.07779806670889 1.17922609276556 -4.90152914671242 14.4508972286902 4.22472459943321 0.699316277650571 1.22154451713846 -1.69495049268642 9.63109004325137 3.62293890886892 -3.87266320120335 6.6849686850909 3.63903137068355 -8.03835021689151 2.52299925971672 3.73846811521732 3.52966462886725 -2.53628130513037 -9.5384956244171 0.484847027087399 inlier mahaDist=26.1875202769532 cluster2 intDim=28
-3.1614790351644 5.13475881306985 5.21605012430449 -6.7885976283428 15.7398024734971 -0.912563790890303 1.70033904757674 -2.88978740928351 0.559318031602684 -5.97422096037426 0.430398412941392 -4.42050493258552 3.23295122987142 1.33223812347442 -4.96150348701789 16.1464564392325 3.31950582626797 -0.750218441836519 2.01744829535738 -1.15157724969797 10.3826884315426 1.04211480443683 -1.74691292475349 6.001047803816 4.51320348762073 -6.30043595910722 -0.158737336057896 5.29196633794441 3.98550285034068 -0.797524415527442 -9.1589314446879 -1.39241581705866 inlier mahaDist=29.3823592576632 cluster2 intDim=28
-2.91661787097693 5.51774751223531 4.77637876243472 -6.24915467813538 17.6636155221761 -2.74851704553448 1.82542217171149 -2.0204626073182 2.55819671500239 -6.25467153086742 -0.637839884167856 -6.97606374940732 3.69330715980005 1.07125371245397 -4.26643379799059 14.7797317918643 2.36094143421724 -0.920556552205787 1.81258069917399 -3.55476207388162 11.2121531591049 3.14046576549445 -2.17960208426622 6.61079723601177 3.69928559201078 -7.92745857741602 -1.50212084160311 3.21548699545638 3.43495720439188 -1.982132601663 -10.4743661308451 -0.599098448711313 inlier mahaDist=30.1949200749104 cluster2 intDim=28
-2.41938599406266 6.05470396396261 4.24936614514985 -5.93516620168242 17.0566250956831 -1.29508165303073 2.90265707935238 -3.23338981589438 1.50709044804651 -6.38916894964927 0.222640338130508 -5.32940271800836 2.42751744306803 0.515361129837643 -3.50583383900582 11.8303395236315 2.96582035409604 -0.547150674852624 1.76750203115146 -3.33541691913623 10.4225683556139 3.14338865298954 -1.61499709138889 5.38916410382195 5.22976537874309 -9.47201827573623 1.14372470368435 2.27662160868496 2.61421302030088 -3.31968722888081 -12.0313524421862 -0.459261048915972 inlier mahaDist=39.6725262921151 cluster2 intDim=28
-0.784282554817623 6.66943499259188 4.09658430075246 -6.38794318581226 16.72401925735 -0.319900171257295 1.09897975512582 -1.02824936159862 0.400877122797245 -4.6616548867496 2.97936027540279 -5.00674002421231 4.63360297286957 -0.261190968955514 -5.41636564993892 14.293467169083 3.21059408085871 -0.0563735438519044 2.6459342789049 -3.31899234727157 9.69126234086426 2.41489611493402 -3.08937303725015 5.53486923356139 5.06128565550955 -7.55115707740857 0.854003117815363 5.02521380454415 3.04000237974492 -1.93729382617307 -9.66825710966777 0.555814368195542 inlier mahaDist=23.4749332701344 cluster2 intDim=28
-4.28404775593267 8.44461949102345 4.26136362426451 -5.44067393052207 15.7812724614767 -1.44931115223582 2.90755428708316 -2.05508310555891 2.36876724182431 -3.54978104571892 0.209789659022781 -5.80475371907802 3.49546404066718 1.42584388445247 -3.73131573730741 15.0754516023516 3.42760607620486 0.406918461029367 1.747639025677 -0.455980117720864 10.8355850550272 4.42289000705231 -3.07149755362725 6.91546995846981 3.69256602672708 -6.894225934332 -0.413019956244419 3.52700769274519 2.8689951502823 -0.377908196724145 -11.0094912529226 1.25168379486104 inlier mahaDist=34.8362754807126 cluster2 intDim=28
-1.64462646535137 5.94223117485907 3.12582901679857 -5.38638521111969 15.5399044207274 -1.88573169234302 3.22133668037295 -2.72266870452798 -0.608380035937353 -4.61357490018164 0.375334162565717 -4.6118430496929 4.09929606812491 1.13693479588318 -4.03482155532113 14.6927324743676 3.00983348269445 0.0219955063159138 1.12165394839277 -2.21072898188191 11.2052214021042 1.1012901158588 -2.74201707510023 5.18419480885822 4.06760456342285 -7.6132485484686 0.660430431656241 4.06390161307292 4.82433343573965 -0.411949043191813 -8.31999111930073 1.72432857740404 inlier mahaDist=24.7440751087744 cluster2 intDim=28
-1.74785659070271 5.73287801986584 3.89826862317271 -5.42289791383853 15.3530648888834 -2.09500919576749 1.61274363245413 -3.4007935977174 1.25987960811803 -4.25190935818105 3.14199720682716 -5.49158493678986 4.38334536066476 -0.381283229348296 -4.37422289740028 12.5617831884594 4.44062353344963 0.791041760443152 2.11223561220292 -1.1602117795828 11.6811768362566 3.75778413525951 -2.08291052010151 4.81079986039144 3.99895413030512 -8.25967375099336 1.02576328282244 3.95111252221363 2.7380578412287 -1.1341219278197 -10.3127630080148 -0.26828331684578 inlier mahaDist=18.2388122262728 cluster2 intDim=28
-2.43780392590868 7.92817538794319 3.92445959502549 -6.23266073337743 16.362831667676 -0.909428749133015 1.56266233674448 -2.89130301355956 2.27763738846099 -4.90240433118601 0.556615684002989 -4.7887171511996 4.09762427665674 0.414813940452634 -4.54565094916462 16.1432845349732 4.75234658793276 -0.014023144655422 1.83381282041485 -2.48764507514515 9.82914537030481 4.10336753962192 -2.02886428591466 6.03474806935574 5.04003183303704 -6.34972493348217 1.22056397862328 4.73039076354906 3.91011936904169 -0.784770346070578 -10.0764744285234 0.0436542481475887 inlier mahaDist=19.6868320138999 cluster2 intDim=28
-2.29537350854269 8.4312005191483 4.9029722959893 -4.79209899460155 17.378056870431 -1.004406605419 2.00439299172737 -2.94461595052903 1.41887448002881 -5.30988502481358 2.29632253899381 -7.318280443336 4.70325007003759 0.142932866683507 -3.5726001202198 13.0429429431741 5.69801934624605 1.87725998836426 2.3297168005489 -1.6510178810232 10.0115544506713 2.38604618894498 -3.14721989228083 6.35253471120061 6.32465347504019 -7.1368809201103 0.785364298793695 4.10259564762638 3.12982468930965 -0.370733749526344 -9.11525482681413 1.17459307821259 inlier mahaDist=36.046719008984 cluster2 intDim=28
-2.26375654647403 7.22386865888967 3.56231946874297 -4.7531716800691 15.2551820001255 -0.861542668025784 0.369693733332725 -4.46810537431885 0.130768633907195 -5.21758588223393 1.6600746641369 -5.70104859287287 3.42898766132747 -0.144863910120858 -3.6592048052471 15.6461699501051 3.6436436092115 1.76596439978532 0.458550622165418 -1.35607575852138 9.67854457356279 2.96782098258153 -2.92767281360702 4.9149306662398 5.00363670879037 -7.78391084953778 -0.0885505354547683 5.64323316341661 3.2809182276733 -1.6486135624215 -9.3180348719808 -0.166184197351633 inlier mahaDist=20.560890733053 cluster2 intDim=28
-2.06054365414584 4.87751775725487 3.50361102740347 -7.46503589231672 16.8944229459562 -0.751956129764231 2.11119219583695 -0.403647636889881 0.630508688836394 -3.80782561347679 0.635556825141585 -5.60863651221689 4.06139737016238 0.207021090191087 -3.76757721902223 14.3884889470088 4.05917518641993 -0.18372740814259 1.25823710493418 -1.63736666844785 10.4399475187261 3.36973140242977 -2.14585792036085 3.81909055291672 4.04423461408815 -6.50516092293152 -0.148662301537067 4.54628029403415 2.68318360057483 -2.35364415275396 -11.0172951309718 -0.499032821159456 inlier mahaDist=21.3958587380193 cluster2 intDim=28
-2.40429153909749 6.01698644434168 3.67174436759305 -5.79740774847674 16.3695568271108 -1.09551027604105 1.30229118401686 -2.77272661320925 -0.220414817829335 -5.49362753176112 -0.183304499344659 -6.63538697768832 3.04380417589126 1.00039843673205 -3.7304109104375 13.9780729963241 3.06187254617359 -0.654014422069821 1.46426582752579 -2.74810067904984 11.4796875429851 2.0079015184195 -3.81130041165497 6.12447657449268 4.41678081710516 -7.18629814132508 1.34696250609734 5.14334406087643 2.86805217067773 -1.28770124219274 -11.0738160060832 -1.04043125227215 inlier mahaDist=16.7723281869017 cluster2 intDim=28
-1.15538224126867 6.91280595626769 3.54963342667094 -4.96856670326346 17.6597060167265 -2.81877608467168 1.32997014187023 -2.41685491710425 0.861027859048775 -5.53143041057986 2.89684397912535 -7.34260924639505 4.80110971872874 0.864371487802419 -4.99103207284038 14.3829863452314 2.50467322984235 -0.110495366466992 2.76834001063607 -1.41650213646644 9.85090491064523 3.16583610018158 -3.55556497496711 5.08733010265019 3.47743304656145 -6.95830559356258 -1.0403608117004 5.07551485582618 4.67866819599096 -1.86512494507437 -9.68231097255007 -1.3926764712661 inlier mahaDist=29.3966309549665 cluster2 intDim=28
-2.69971702376197 8.49274209095468 3.97376189342399 -6.19171278707824 14.9099841663593 -0.342341458308852 0.845486415960921 -4.48297486959105 0.722089314474845 -4.98912636858973 3.02436568547315 -5.06148173838126 5.32009413875549 0.929814057293463 -4.36580917930964 13.8112191994778 3.80289078293058 0.773658258414265 -0.864056310370633 -3.06300854577591 9.70276208079786 3.36727478432355 -0.563084517366403 5.06204344471356 3.39932104710158 -6.64701268197421 -1.73333120037054 2.84948966988296 4.27360627301593 -0.984670278040137 -11.4142652970731 -0.400313439516976 inlier mahaDist=39.7154525110035 cluster2 intDim=28
-0.603488487342962 6.70207248708105 3.59067353415377 -6.43253624640033 16.5732249742157 -2.88719542006588 -0.00300902560157368 -1.37811909490436 1.70203120273487 -4.71181078904964 1.89832633094572 -7.29646256591725 4.25256792020165 0.580694690268104 -3.20749896651276 15.600220628961 5.15778846905162 0.067001438948491 1.51991983024551 -3.75831093248823 11.4178480943219 5.01014920621563 -1.2303136356481 6.92430979957224 4.44496828512361 -6.68412715655333 -1.86282621698813 4.91154666712955 3.54210319280544 -1.41064521635417 -11.165303773024 1.30855248896416 inlier mahaDist=33.4093197276093 cluster2 intDim=28
-2.30861259264908 7.40990377334664 4.29907096915897 -5.66340717310003 15.6540343732802 -1.7695908038656 1.51171970986458 -2.54756630075633 -0.115212375627801 -4.28823628682254 0.860144297458936 -5.98239317865231 3.75765416139693 0.616538737088978 -3.71926518875522 13.0444736402832 3.48789611817436 -0.179539623231625 -0.128899409944436 -2.22342071210004 11.6421334465762 1.87307049328448 -1.19291824274675 5.70472690057714 3.29457667449635 -8.69939823342181 -0.363970643979313 4.0047120918402 4.30185552748102 -0.0452972362751248 -10.431694532887 -0.16993642032775 inlier mahaDist=16.4580290108251 cluster2 intDim=28
-4.33836527007749 7.09665166038666 1.51385181403939 -7.62974868329472 15.9984565599383 -0.969896673348917 0.563776566594691 -1.30474829023494 1.03033838319174 -6.10743747367183 1.11684278476223 -5.90512755853408 3.34936771080352 -0.149309153370437 -3.49806393360609 14.6179320103474 3.63467681215109 1.90705206782442 0.852774435880436 -2.26859635006206 12.2520481716961 2.74591227947746 -2.76815345496494 5.08191170509765 5.56454960574685 -6.38277192680032 0.995955684871737 5.43615507689354 5.62209877417045 -2.22665983447448 -10.6303103037032 0.766738033016237 inlier mahaDist=39.2594597716563 cluster2 intDim=28
-2.66244911601905 7.49709089651555 3.92612935810586 -4.61075955697695 16.8765067777814 -1.0072511589259 1.6845686273255 -4.25223241937625 -0.96584949053129 -5.78070639892737 0.866257183983919 -6.45594277966985 3.61830313348611 0.0681689993679001 -2.92475676171473 13.1756972101788 4.96961870768082 0.774476203958541 2.15238117368572 -1.6576493957552 9.62344355689096 2.82355005833935 -1.64654729143122 4.56854208674481 4.07112496884969 -6.68686538460361 -0.698478930815572 5.12900865020072 3.58011708072631 -3.57929474672303 -9.86822217009981 0.798106559308383 inlier mahaDist=24.7266703882354 cluster2 intDim=28
-0.765293983645158 4.53902310892004 4.58567499880853 -4.84733932065595 15.5577036038739 -1.50718637508526 0.742086668709494 -3.34436707362995 1.94203346104342 -6.03161603978234 0.114473066680764 -6.29322547653439 3.89505964695719 1.16983508070407 -5.0189635329362 13.8196582256195 4.42037200405266 -0.103579953219574 1.06434326667304 -2.69443717622139 10.7940899746967 2.81508010788116 -3.2808969202342 5.59416076736116 4.06665550756834 -7.49557754382488 1.16520640790538 4.21448748746608 2.51046647983541 0.253634129834003 -8.88203763575589 -0.860001886477719 inlier mahaDist=24.3390371704218 cluster2 intDim=28
-1.17659128883646 6.04193156374463 5.19208814723643 -5.54704477445334 15.0786937366814 -1.50292516566789 2.37729930724523 -2.27060477858216 0.713937098800407 -6.59037537916496 -0.838053258214119 -6.26572842386489 2.93728191879985 0.331082029670079 -5.14383010453115 13.9844416933052 4.73316971321667 1.74244959263772 1.09020027873814 -4.29493285228051 12.8305296699752 1.37949228555467 -2.95544192402544 5.18457935197768 3.50480542995331 -6.58645670912878 0.823955213659561 5.46303007057683 1.71466126865649 -2.50745204926222 -11.3279665396368 -1.01260402170711 inlier mahaDist=36.6394596028759 cluster2 intDim=28
-1.59147042822756 7.50008727846962 5.81730832267281 -6.09667174134868 15.8360958479581 -1.11209619744913 1.53822040614995 -2.11299896502068 -1.66586138859285 -4.37046610519988 1.82631251651538 -6.6729819179413 4.44684779257279 0.111719291073253 -4.96213102606873 16.1920941449693 3.88087593202452 0.977257733919789 1.20131196280188 -4.38895850868282 12.0278812510672 1.81299939525824 -2.79075938127594 6.48894974232298 4.15502038632102 -8.19392194977939 -0.82718508060479 4.28633826240109 2.2895436466086 -1.59532206087331 -9.28852654326278 -1.01488347256471 inlier mahaDist=28.4149681248152 cluster2 intDim=28
-1.66735415349096 7.2754631497024 5.98385993009599 -5.71735733463783 17.5564998708407 -2.30418422038891 0.5326458327495 -2.27183407815261 0.124894116833521 -4.18490727635485 1.57500701603614 -5.07415415345757 5.6104403908795 -0.346032953921964 -4.04720423502268 15.437518596087 4.66061919315334 -0.214579675572052 0.391647866124909 -1.40547381366333 9.0753720971791 3.42135534198066 -3.16439647261383 5.45694983162536 4.14493043204904 -6.16223029389852 1.07599105845027 5.20842783761338 4.67909947876432 -1.77611366385708 -11.0956790553574 0.317936613787929 inlier mahaDist=27.4265278486739 cluster2 intDim=28
-2.21404799740388 4.94239314554366 5.49794291643697 -6.07680110632754 15.9246822992878 -2.00977499908861 2.31627542993531 -2.98076719041564 1.47542301282202 -4.88594705639794 1.71066628382601 -4.70418633530607 4.97767638484206 0.776692738176721 -4.17394744956786 14.1381578943868 2.45675999187478 -0.73092774145006 0.428020891523403 -3.09608793092319 10.7492947483186 3.33886243596683 -1.43247728333849 7.41619893111529 2.85771899846126 -9.00993172685911 0.217579194783804 2.7012903955083 3.4960851205926 -1.68071477325682 -9.76764488305029 -0.425246663818634 inlier mahaDist=25.8533271994592 cluster2 intDim=28
-2.05191444360557 6.89587880032387 5.36803459359636 -7.78894508373917 14.9671820257275 -2.29493544275639 1.39744072639676 -4.50498988060277 1.25195342909918 -4.37554834582148 1.03775885570661 -5.76980227773237 5.43203172415723 1.73315720784715 -5.32857265263775 14.1547551193108 4.25192941617564 -0.795511352601513 -0.570706717770427 -2.10320707961463 12.0211195293347 2.04272584222911 -3.02654758892875 3.17011128527601 2.54050329392889 -7.6621764461767 -0.729679718269125 4.43052911467162 3.22159306069453 -1.12399985670707 -11.1373563987815 -0.500406273696018 inlier mahaDist=34.6076250058448 cluster2 intDim=28
-0.885270064884752 7.32258919453696 4.05073195358664 -5.70967386177112 15.0883610722896 -0.603710128710415 0.569997440114159 -2.85113635523766 -0.448544070368361 -4.75344678647595 0.385294632985977 -6.7220555779006 3.44022018302648 0.428288262422335 -3.2556872819952 14.6240125163023 4.71130681091825 0.173044573354507 1.31035062171475 -0.996050431399788 9.40803386117804 1.6990924379314 -2.52297104067675 5.72891021141027 4.04670204937665 -8.96754333037928 -0.602494521613442 3.4713629295339 2.16603542928142 -0.799150712057234 -10.5200806900452 -1.52949509608851 inlier mahaDist=21.5538291301498 cluster2 intDim=28
-0.727818131317325 6.05960649128294 3.76407778915425 -4.67176227161751 15.5887933850894 -2.60623444341238 0.239701144805066 -3.3699134164183 -1.22583515714095 -5.4906430348956 0.886412277636314 -8.14769504466942 5.86399327749196 -0.795658456231357 -3.93439342965874 13.075851560172 3.97816519966315 1.56049442548488 0.273009170539044 -2.97697708898634 11.0241431180624 3.18042138872007 -4.13025518933951 5.01061510816766 2.86693562635897 -7.43520694775656 1.21200874344764 4.10012555088655 2.82090146086447 -2.93911729334502 -10.3552172842652 -0.52540255038191 inlier mahaDist=34.2833898697121 cluster2 intDim=28
-2.46265995263837 6.92978323085543 3.36195675896126 -6.00310410898621 17.1683093846797 -0.856661622433742 1.75157422651849 -1.64305478788443 -0.884685145342065 -4.52177697298136 1.68550022628937 -5.19965273393768 3.42225753125602 0.487214142819577 -5.55501636649944 15.1796903094278 4.47178747365869 0.542904603367198 2.59035109330983 -1.98868899414293 10.4351663917166 3.96669416939698 -1.13364561960125 6.07696530522603 3.98022110047744 -5.74707363480838 0.107911145028965 4.60306516255504 3.86846589991852 -1.20465754791877 -9.81967617281009 1.35995089598367 inlier mahaDist=21.7833933124845 cluster2 intDim=28
-1.08185881128348 6.88564047143881 3.80178460625886 -6.71616985626204 18.1811034694492 -1.06245085279918 0.873575668760783 -1.23470329507895 0.965761748484407 -5.23605716622914 1.53958774277724 -5.6431993352069 4.44322382650928 -0.576898970161556 -6.0817650004406 15.4757633638355 3.91966680964114 0.899043739484304 2.17552969120614 -2.78236306349119 11.5891184481674 4.35495400454144 -3.19709557845184 4.34804962124918 1.37901372343333 -8.76679658180267 0.00499829268653873 4.43980191297823 3.41539754553796 0.371566908967447 -9.00242130368696 0.875381408568691 inlier mahaDist=37.2185703824165 cluster2 intDim=28
-2.35598476415114 7.49755369468497 5.17543581708705 -6.33890331011988 16.2165535660808 -0.943000672564264 2.31255406677082 -1.82588795424521 2.37429188220304 -3.92503261310712 0.971144276924127 -7.01401220693253 5.02972731415551 -1.08861188686385 -2.63006211011721 13.7261222410939 3.03787927178594 -0.895340391092265 2.2876399889678 -2.04402892278753 10.8629731744797 2.457982233476 -2.22546139905271 5.23644867501211 3.76720344083444 -6.80380014196344 -0.0548304833236196 4.44746303856798 2.90217837546237 -0.697380607628655 -9.89905985423906 0.0464878841031235 inlier mahaDist=20.1587347846882 cluster2 intDim=28
-4.05965724816475 6.45028797256833 4.09892968027379 -7.0663545359111 16.466412209346 -2.21236213460964 2.08591180142164 -4.16040681489102 1.31505348526837 -4.46996514160545 -1.01572165380352 -5.37114587071569 4.43579996498153 0.642742355524849 -3.49738129315075 14.4577107265344 5.44446987776504 0.86309541600558 0.340880618971654 -2.39648632743703 12.5737508891628 3.36177176338583 -2.43158109141968 4.33802623183534 4.78034681580356 -8.11853504314033 0.181671067631757 3.42893375049569 2.28140457230687 -0.352570221505506 -11.3204519129191 1.42135271775595 inlier mahaDist=30.5038877545102 cluster2 intDim=28
-3.11565924924422 6.85101044850453 3.85365591263876 -6.81394404675843 17.5710525491956 -1.99953522210156 2.30033629287299 -4.76568241989046 -1.38986709934642 -5.90238495217546 3.49896729080844 -6.7418075531911 4.83484071484819 0.927215540340831 -3.09724212510098 14.4010720177267 3.92737402938433 0.252181169865523 2.86626684007986 -2.28018901460701 11.9837988580778 2.81446125732225 -2.02897490613044 4.96580110236974 4.15667042753338 -7.37942331007051 -1.5736799911749 3.85347299291636 4.34355133881668 -1.9528906851469 -9.72845669503386 -0.00967843579673394 inlier mahaDist=30.0468422952288 cluster2 intDim=28
-1.03164639203568 5.2171371391152 4.47148181957749 -3.78358673986502 16.252502272381 -1.55959680348949 -0.056313747234635 -2.10296870793824 0.355170207545461 -5.05249029833251 2.23447012122745 -4.78922873158996 3.99364490496119 -0.411014133581498 -4.39331357409557 15.1947740663222 3.79395731683385 1.02533971318618 0.681508596792176 -4.57515893358013 10.8891221497145 2.41812058149322 -3.9375666290124 5.91299354965354 3.58550703998432 -7.7807746746038 -1.22248820878771 2.55769233119919 3.90844885179655 -2.12729708456349 -9.99445710325132 0.565662860720136 inlier mahaDist=29.2485050476811 cluster2 intDim=28
-2.80405041063847 7.84228144662416 4.72695672784502 -5.94005608862497 16.9939660385531 -1.7945815809744 2.23119407405199 -2.41954526959663 -1.16285995605625 -5.21931191228279 0.388137563142488 -5.0378384993569 4.1819265762197 -1.37980607014804 -4.15432046017372 13.8923898750196 2.87991155411207 0.415398592667735 2.05609740648106 -2.26126186963566 11.0536082648289 1.80242598095569 -1.05026170470531 4.18494941122358 4.78159211830141 -8.34314334121768 0.73286317389166 4.81401954407503 4.57445766202355 -0.703582812081783 -8.764108912925 1.90172139572761 inlier mahaDist=28.1380453107463 cluster2 intDim=28
-1.51883195154171 7.98946105281914 4.14634647210262 -5.7326516792257 16.8612030074756 -0.887792976225616 1.80996265193549 -1.97892366147554 1.34925908648429 -2.94430822593675 -0.345142841622372 -6.79612722188064 2.40328974162726 0.926410554464449 -4.9317358457924 14.2988733768533 3.36508837320556 -1.84384302992102 0.638058155980661 -4.0210876145244 11.1187591847847 1.68138462837993 -3.30841703786183 4.74309222767323 5.1656871117922 -8.04236767471919 0.0536136580108447 3.73851636858936 2.7533411469658 -0.96194342754374 -11.0924301637033 -0.887741073504183 inlier mahaDist=32.4766137275824 cluster2 intDim=28
-0.547318453985145 6.11615388537748 4.41834790590238 -5.69332373599716 15.9477146482705 -2.0113849900448 0.832774597286916 -2.8168013814552 -0.890636531521305 -5.67964674848132 1.27119571563624 -5.53830350999405 4.43622947205646 0.834729252928813 -3.95369115053017 15.9617317118224 4.38394676855642 0.352000489962512 1.84479810507817 -1.0019909863505 9.93921908758879 2.90845740790904 -4.51983248971396 5.04696534710409 4.65053046987016 -7.30378870093825 1.31566303151882 5.12552283186344 3.75479990189885 -1.03432393048325 -9.47810160091064 0.115311094143327 inlier mahaDist=19.741903999782 cluster2 intDim=28
-1.46758152796854 6.85390429071412 5.61086872990253 -6.3519515944148 15.1656091320133 -0.705899529650933 2.67744372317792 -3.34580638780091 0.225941383871899 -4.77327421126467 2.8800473571472 -4.31614513384206 3.53461330114789 0.871748441485843 -3.04648611112898 14.895787499268 4.41418796586769 0.476835100991558 1.14068729465468 -2.61993174522073 11.2388130892441 3.95600837288943 -2.84767778302243 4.11760668952082 4.74776818263858 -7.359971439079 0.325839054624528 5.55967771096057 2.7730209075717 -3.04604359484369 -10.3198016279597 1.18360225385461 inlier mahaDist=22.5621047173962 cluster2 intDim=28
-1.13181879726354 7.44238512737159 4.99145536525523 -6.96645210553571 16.5756279963384 -2.15282478497541 0.509315821906163 -1.6076903349943 1.25690590250485 -6.41286016294556 1.88455555690985 -4.85454492224513 5.26531988950722 0.882426524410832 -3.9464657827961 14.2754818602294 5.7546651268393 0.643270832274857 1.93392404605178 -1.85837019565829 11.2144098464469 1.68527656184694 -2.34483201776519 5.8153799855912 2.75740189464265 -9.00577710364381 -1.29546542541353 4.23713643222662 4.79075722988872 0.413099132354838 -10.4095826835415 0.66085524473435 inlier mahaDist=30.604030137443 cluster2 intDim=28
-2.18418589544525 5.38753759303957 4.13352605751227 -6.3512403774846 16.4643744083089 -1.05730664084843 2.52616114171319 -2.1446102251606 2.00242468212422 -3.29454527864916 0.998374098887712 -4.23833730209864 3.43057796267299 0.791690529685276 -4.295337727998 15.2953178136122 5.60197922844337 -0.979310252925732 1.86688268418661 -3.4617595172124 11.681010107838 2.51564455270219 -3.0637299034437 6.01482691307673 4.51765781570087 -7.04364119051868 1.01207543145209 3.39983596093887 3.21563934555739 -2.72910960437909 -10.829957715497 -0.719544616288087 inlier mahaDist=23.4908185252653 cluster2 intDim=28
-4.00338610292489 7.28085430862851 3.90526903667691 -5.33672006482334 16.6706205605919 -0.81719961869217 0.705634688207015 -3.5645008564526 1.9896229478411 -4.60271981296739 0.12815075342302 -5.75381085578962 3.86068041446313 0.828832534168689 -3.15429772104786 14.9444459083353 4.26509860934731 -0.752464864197275 2.34074310448343 -2.30241488389388 11.1698169139446 1.40557630761307 -4.8183752384002 5.88193046693416 3.3300054144481 -7.75715586547297 -1.36533666796536 4.33677913457757 3.47628214676681 -1.80150704534046 -10.1663052915515 0.308104931615422 inlier mahaDist=24.8551633297859 cluster2 intDim=28
-1.76773101246357 6.28917542482082 3.90671458034878 -6.2710445378607 16.059917688895 -0.395745290848049 2.40474433482133 -1.7140730743786 -1.47170707872564 -5.01194090682161 2.12556567595548 -5.14515423907252 2.06102246752173 0.54577967544057 -3.94996017147794 15.3930909750532 2.76357482051015 -0.413032443067683 2.64945714954076 -3.50847572229957 11.8629214019654 3.30868072643327 -1.37366586264093 7.5384487545836 5.75462281562027 -7.51514292084242 1.85271780533427 4.96796740794959 3.39208350013018 -0.597017547929768 -9.41340515980793 0.257548341465969 inlier mahaDist=33.1165932711592 cluster2 intDim=28
-2.41371289637703 6.16497936493921 3.5987028351837 -7.29039295907024 14.853101703364 -0.971182775406988 0.714307574105765 -3.02491776391391 1.61703046962594 -5.44826325095672 0.0392262684282023 -4.36160852956402 4.11561684998665 1.62586717671343 -3.21149198126852 13.9328600001565 5.00181200783072 -1.34726566167944 2.28918672597182 -2.93574878494554 11.6701918945322 2.77083372293924 -2.30362777214911 4.82733652308456 4.41717305334589 -8.01163786133137 -0.53770920034329 4.35972393426268 2.86526599769943 -0.313089835544509 -10.8243927965496 1.06464333858027 inlier mahaDist=21.5039389407617 cluster2 intDim=28
-0.284071332699043 6.24522497469505 3.92260278802655 -6.00012742365873 17.6750500155006 -2.2701736557215 1.99841329001515 -3.8860696736837 1.67386239376635 -4.72772155031963 0.560381413783576 -6.23608746034138 3.34714937361358 -0.544641881530645 -2.89144654130758 15.715459051123 4.7793153720124 -0.850307399084688 2.24354912486265 -2.58659252331502 10.8285379464354 3.36075398721247 -2.88603033152301 3.70910344316445 5.69996481726617 -7.81793919578385 1.4048786660037 5.57449687661319 3.23232819123406 -1.41377176323547 -9.90875938958357 -0.533711509453799 inlier mahaDist=25.2676954074149 cluster2 intDim=28
-1.59379983669746 7.40423753868251 5.72297650060989 -5.63693972240796 13.9039573139608 -1.40742468511701 0.902803377026959 -2.37010220293852 2.19755909806529 -4.9646716848502 1.12082842227443 -5.34148388907626 3.30810989854425 0.598440610877359 -4.14171631669907 15.560894728787 4.56587029606543 0.604236633738704 1.2254895637457 -1.18960079709774 10.0795462977994 2.01614984052736 -3.31121310941635 6.73686300988029 4.29120331259531 -6.64348926626172 -0.641708946132831 2.85149137262039 2.95917553219208 -1.5595283227969 -11.3669972838016 1.12022648835901 inlier mahaDist=25.7640658415945 cluster2 intDim=28
-2.7080110784819 6.46996808804583 4.51559015389048 -6.3480353885442 16.1639649229464 -2.01844743931849 1.80595480234355 -2.11270374592964 -0.372005715253509 -6.44877681295963 1.10065910359619 -5.80020680152271 4.86685841267073 0.251780077284589 -2.66485002972218 13.1154997110407 3.96903531542736 0.0897745818947027 2.97401586874552 -2.03881138420493 11.9643980403149 3.29072675652131 -1.51724270846298 6.20697403249433 1.93737794160046 -6.87714166025337 -0.465513734842685 4.94533920360122 3.47388945060951 -1.76295311331189 -12.0581090907631 -0.881742245574402 inlier mahaDist=23.305954969682 cluster2 intDim=28
-2.46375887851236 7.95671369162256 4.66468241141093 -6.8271503301961 16.4956078906365 -2.28424856499041 1.65534669711269 -1.78264697282894 1.56904676933776 -5.41442591841986 0.849682908914402 -6.46088047026773 4.60834913445769 0.607437920883368 -4.72375971688729 14.6897306915584 3.09335121218573 0.315133219635806 2.04381995197836 -3.08581029160385 11.9604393051924 2.79575629420382 -3.33469204593197 5.41267305895339 5.3461914833529 -8.87469744865472 0.0983809993615533 4.14677510794199 3.45509666575679 -0.0226712008686033 -9.52080325643145 0.824623368633774 inlier mahaDist=19.7308000604908 cluster2 intDim=28
-0.295384526449157 5.12004452929186 4.10302464099788 -7.20377675515946 15.9461998784187 -1.37935634790708 1.78871830123995 -3.53524288399712 2.18700166941139 -5.31170582516172 0.157057449341308 -6.27786030193028 3.65062569514565 -0.888058694549731 -4.29999319066928 14.8519891633823 4.27581646512785 0.285404677326647 0.835146043937374 -0.864387308753816 9.09962158694749 2.36879475032438 -0.421739007564409 5.6234227015146 4.67339689746972 -8.2281368232984 1.63458682258 3.82708669963815 2.35568008094288 -0.95040023867711 -9.51997894189664 -0.310828776882927 inlier mahaDist=28.4273127018194 cluster2 intDim=28
-1.14770926360628 4.44919083889137 3.09414154765672 -6.0965886948837 15.7140624865322 -0.0618138624528198 1.07233283695801 -4.13985117075646 2.30341005249103 -5.16693048822406 3.35969586526444 -5.08519524350576 5.01173509378717 -0.292737641091143 -4.13049890672137 11.6060091012966 2.9860593736951 -0.295830839654641 1.32615656721897 -2.71897938767554 9.9192273613046 1.07383865823226 -3.57123159866052 4.3588621915486 4.272704045333 -7.90837406814709 1.21963303787016 4.56184232968717 2.99678564053198 -2.66085010665714 -9.3284800779415 1.09216838911914 outlier mahaDist=43.0750294914129 cluster2 intDim=28
-1.14363335019424 6.61202292374374 5.50785557865909 -7.30634818793198 16.5408031112783 -1.60023411653376 2.30994544260094 -2.46166711381104 0.867739224309403 -4.87094732768589 2.63787901112323 -6.82591202813667 4.64673608642554 -0.132909451272458 -2.98519300290318 14.8836972328163 3.61451750270387 -0.405108209550301 1.70635668288832 -1.93948206501088 12.6781729683004 2.14266752931255 -3.77261515654134 4.06414636018601 2.96052698890268 -5.99100433313197 -0.115545118085856 4.45579599067762 3.9008995388045 -0.0369191880465071 -10.5326999561255 0.553907896768643 inlier mahaDist=25.442980316508 cluster2 intDim=28
-2.0588981566862 5.46990637428577 5.0262072285891 -4.64755232537288 17.4144361453669 -1.6179762383585 1.86398637392733 -5.11892857611503 1.66258336461781 -5.25190781484476 1.42635581315686 -4.99591738483724 3.40871979034878 0.435226657566919 -3.48818498946689 14.6836678057306 4.72582954047092 -0.19710555926044 0.88877829192876 -3.63537281950834 10.7338527434508 2.38599084004729 -2.13710885126198 5.78518512804715 4.46914743090439 -8.86663687693745 -0.0175434031143878 4.74110220692037 3.61328976058532 -2.76179914156732 -9.0387210384033 -0.891765339035995 inlier mahaDist=22.9027813095498 cluster2 intDim=28
-2.93430568249027 6.37061679947149 3.29946245733427 -5.97187302930416 15.1950674831334 -2.88705006780505 1.54378629268977 -3.69010413642811 2.57523360057208 -5.15992138855411 -0.629640850612435 -6.21572004469029 4.37284476671735 0.342196472210641 -5.5552187251129 14.0507868447234 2.05998550807364 0.336564674412033 2.12010746778028 -1.9086182985893 10.7508078852664 2.12513609340015 -2.03423611677807 6.50916932695783 4.26641034915699 -8.71702763264088 -0.492498211950236 4.26262511616688 1.91692503611782 -1.03361462706224 -9.91317351524387 1.75492264717871 inlier mahaDist=29.7390101583703 cluster2 intDim=28
-2.27808354823079 7.44097906288689 4.72580416414991 -6.11175265626949 15.1294464471383 -1.36286101158929 1.50973234978062 -1.54563041713251 0.212944482933292 -5.72419740066504 1.14464681704575 -5.93839946484652 5.98381385394521 1.16517016356473 -2.92687143839658 14.2905175100134 5.19996241375052 0.942442278992027 0.544077377428228 -2.47453677124756 10.9273997567998 1.422391657034 -2.93714255823818 6.38157504383049 3.63701689716823 -6.90321979564478 -0.0500304677412092 4.43824363467906 5.32154792259102 -1.45666607834524 -9.14889306812811 -0.676917600716633 inlier mahaDist=22.3938453514622 cluster2 intDim=28
-1.61262374950822 7.36597603904795 4.05118657729722 -4.85771709456114 15.5260287700049 -1.27950113795655 3.21950943202516 -4.90938748885915 1.15762207970131 -4.60457063633171 1.05106445098498 -4.49695416252771 5.05167948066368 0.216534976690206 -2.68853942904873 15.5436999651559 5.02040760036084 2.17708576056991 0.186812610126591 -3.39074508395232 11.0734428530584 2.50487529179593 -3.12083203396227 4.9507295917467 3.93842356261356 -8.68374871328748 -0.0166253797129711 4.16325588863887 2.38865280392014 -1.18493710664501 -10.2918962029399 -0.590547136383744 inlier mahaDist=27.9665597809202 cluster2 intDim=28
-1.80723163571386 6.60479976492031 3.74467700716583 -6.7470894879006 14.7137230924085 -2.43736783092077 0.855496015890427 -1.69889253949066 1.91178852093513 -5.89619645612125 0.924761906885104 -2.93389063101647 3.62604891621315 -0.0551793054263677 -3.31942473424821 15.3659239242147 4.61759688154337 0.597251208820315 2.76974660858062 -1.86962956720706 11.050669352083 2.09466434203974 -1.59496459082049 6.22803110625513 4.58032704017897 -9.32372138249291 -0.636093345179519 4.33897405027484 4.18869483729931 -1.68006572647683 -11.0166998913182 1.82032842556747 inlier mahaDist=30.0087998335394 cluster2 intDim=28
-2.14158592437395 6.31407303331707 4.08846377627066 -5.3519028588722 14.9998030357842 -2.47400105927272 0.729840824188899 -1.03334158702698 -0.0854950218356317 -2.43914451429832 1.69307190927056 -4.58516601701666 5.31246389096002 -1.01709059992249 -3.92578515014346 14.5619713458673 3.90071860637274 0.62537073722904 2.20254125403914 -0.500192910100066 10.1457585765755 3.07932962223199 -3.12413261568944 5.33393759645599 3.81898380519654 -9.11232705735176 -0.566218273241938 4.07159744363286 2.79977259638289 -2.66603614062752 -9.60459596077451 2.15241144023245 inlier mahaDist=31.9090407901838 cluster2 intDim=28
0.717604870934758 4.99041875152643 4.00226656499568 -7.09786878897116 15.9789894222705 -1.71390837379143 1.84245224718213 -3.75134433009804 1.08938178187222 -4.62328114631802 2.02997165996502 -6.71597333981432 3.49469124361282 2.55792564828756 -3.79012815478909 14.4937492017407 6.13893654699364 -1.56452868956541 1.61396246103403 -3.01130690810853 12.1702357532212 3.73638333603828 -2.43402892720691 5.45840986798218 3.47486448256794 -8.32149703440417 0.338463936485131 5.10786373152157 2.24711484995135 -1.08692571267149 -10.0134573729273 -1.30837878740691 inlier mahaDist=34.3111510052946 cluster2 intDim=28
-2.94325360324075 7.51873772723188 3.27711099320101 -7.10699541051606 16.1346362015582 -0.344113418489739 0.418416798741725 -2.59665670697084 0.938804414307642 -6.25400947450656 2.09115301599683 -5.9610687128377 2.21931392663616 0.838414753875775 -4.16237976706401 14.930131827799 3.84142230585032 1.03571229596186 1.78266130565775 -1.73240939636546 11.964488145709 2.88907790769969 -1.9170496630686 6.13080238605128 2.53206321763638 -8.03085117661497 -1.37518559749994 6.61361457310995 3.9324934553025 -1.58492248707204 -9.98192671499399 1.15104583809995 inlier mahaDist=28.093077391999 cluster2 intDim=28
-1.96863467688287 6.03394815232874 5.00845032358728 -6.7371044787333 16.7542184548844 -1.3531563453187 2.06082271108064 -3.79511276795678 -0.691777890029012 -5.78415482413456 0.553913408559833 -5.9166517500848 5.01660050627459 -0.422626996641668 -3.78303836413641 13.6283656673893 4.2720087762651 0.158121743391166 1.54463707968093 -2.74227760472307 11.3174277262908 1.16169183213226 -2.62297207840211 5.47810198125613 2.88091450844306 -8.20537494208915 0.692658997147672 2.84775160505828 3.23922377378834 -1.68465081964729 -9.69850153474786 1.51936823986818 inlier mahaDist=18.952826710492 cluster2 intDim=28
-1.34978061865082 6.07313159358013 3.96120558604666 -5.59451371166345 15.8350662702293 -1.49560946417827 1.50880895857054 -2.92074558136563 0.522405425771031 -3.86254473571348 0.916051630324257 -6.27839644593797 5.01203059285706 0.0925917556187522 -2.9152787418444 16.0076183865709 4.29217314270235 -0.626601171353838 2.05326964210417 -3.20511553018315 10.7634878026263 2.00555220022744 -2.22814974663759 6.32961227550999 3.37687359785112 -6.48329468866832 -1.80691208854623 3.57297116755019 2.4779146856067 -0.904308076781452 -10.9180189828441 -1.76340098108303 inlier mahaDist=20.1497244157304 cluster2 intDim=28
-2.21530420217701 7.83503258584548 3.37864890928371 -6.08780005403128 16.0841175680858 1.02654372988342 0.328534271216455 -1.64549983356207 0.475076109658611 -5.12764094351266 1.37043967922088 -6.03855829537708 2.81553466522725 1.21371351443047 -4.393960973817 13.0965215187294 5.18332456215789 0.160402293321686 1.24399984394997 -2.82352723769341 11.8834943343015 2.73100653346243 -3.59419128231673 4.85963141306483 2.4614308120395 -8.12565396189527 0.245217996138244 5.26200329279757 3.50904972920345 -0.62188954659509 -9.96269430716703 -0.68175808238804 inlier mahaDist=26.7036947964595 cluster2 intDim=28
-1.86633377208593 6.41618387559302 4.89108728935495 -7.90134423912638 14.4121229104233 -1.12016672214278 -0.345295892263679 -3.15413072516363 2.89126730240053 -6.25257961739236 0.479873008081899 -5.65371879759312 4.0854462249353 0.389782801264216 -3.89978270056669 15.6771604362624 3.1498040700215 -1.20203158550332 0.834242826915481 -3.11148034083527 10.8918973450814 2.11899440394288 -2.47005460642793 3.97558413752726 5.29928730902361 -6.21486215450896 -0.887147626446343 4.59712060367924 3.89977578775071 -0.500268725128322 -10.1440796402981 1.03150841397127 inlier mahaDist=33.1324435471831 cluster2 intDim=28
-2.34162085470196 5.28081340533836 3.02303533350302 -6.08403478898166 14.7718685596554 -2.7439134903591 0.542382901744633 -4.06798928530753 2.72518433461443 -5.92811841172208 0.249174787093499 -6.45214389125539 3.99486112464076 0.106033166685871 -4.10227568353151 15.6704356132015 2.29855364919303 0.885297934375674 0.769901772298357 -2.91369658169492 11.9562037640637 5.59963159215653 -3.36127442175466 5.59370884526631 3.40354241905364 -9.03375520460194 0.612198664879316 4.4765080576868 2.19897815013209 -2.23230500176183 -10.3138426090737 -0.935329741575649 inlier mahaDist=35.3940649249143 cluster2 intDim=28
-2.95172593826963 7.89679654706115 5.27461926783635 -4.89616992699336 15.7199344334161 -1.23804451145174 1.39191890669061 -3.04966801769094 0.875233136593615 -5.37006065293076 1.01558042623686 -6.18221456713342 2.61490413634572 1.08178367615893 -4.09514597535226 14.0025194520022 4.89675418740265 0.741437119936289 2.12168498194508 1.0307709300067 9.38677014159986 3.63367395620343 -2.34498142960478 4.27645846703057 3.59809666310564 -8.24184810651497 -1.21546873138425 4.46970110116784 2.98983692633005 -2.48214047769029 -10.4098504594063 -2.33375740094292 inlier mahaDist=34.7555444523122 cluster2 intDim=28
-2.07350603450719 6.22223439110034 4.78819432392292 -5.50173630932267 16.0001903666514 -0.834018840300576 4.18887079631233 -1.16908922998008 -1.56183677742868 -3.32899440843181 0.708862213564028 -4.65298752029249 3.42615423774652 0.452593120287376 -4.72016825642267 14.76572302483 2.42635786073485 0.871727880550096 0.593292204378725 -2.51431597120152 10.7286377828564 4.1248885398703 -1.13210602171052 6.84023090118814 4.6017779533945 -8.67853629312095 1.8482677458181 2.68807385836333 1.74611478187979 -0.0641444456966319 -10.1764433826982 -0.594300681020259 outlier mahaDist=43.0032570357881 cluster2 intDim=28
-1.24000606530293 5.81908260136331 3.12096355444217 -4.81659054964874 14.889228041146 -1.18204759463504 0.730555927117919 -4.17386995779942 1.17716725835103 -4.67554778545439 1.09175138480253 -5.05805804703993 4.27645695071501 0.276975344322277 -4.51441871803644 14.3463083068227 5.00176338377575 0.777064395330662 1.30339772967699 -1.63896593532478 9.88462290377628 2.16889753873907 -1.05974832921494 4.39058468981476 3.75687092807084 -6.69240240839992 -1.45523928761409 4.91568850299909 2.91518157084017 -0.0358747416422384 -9.119835135878 0.836641257859172 inlier mahaDist=23.2078018244217 cluster2 intDim=28
-2.12887961949753 6.73230427333934 4.05804471181471 -5.88412997040052 16.0050350125932 -1.06215277909572 2.95845733900682 -3.84290302652838 1.44476192081803 -4.22100965922956 1.79132469398044 -5.03596124994506 2.67945027297693 -0.390221056789441 -4.31381673762607 14.4463865766486 4.20671623329872 0.837971330870921 1.99864138277539 -1.60651545552188 11.6767559148083 3.17845915041107 -1.1714878532427 5.62515672999308 2.11999641893134 -8.87424576843035 -0.388621612230487 3.64726198472358 2.5263530336977 -1.91041848062191 -9.93421417812442 1.22008096868885 inlier mahaDist=20.1980756953377 cluster2 intDim=28
0.116710660815195 6.88233692438124 2.9993407102044 -5.58800754359976 16.7327795310494 -2.04538484486958 0.8781566484064 -2.57701625612821 -1.07535233365419 -4.70646610907003 2.6603660923747 -5.4630828113749 4.40552186512784 -0.995803178932025 -3.81037501153037 15.0052053680914 5.28597271793908 0.375540104827105 2.12967682844752 -3.53813796155021 11.1661155856678 1.76252580869606 -1.79533885103098 6.15117736384773 3.53876056748731 -7.78726895079481 0.633431590885546 5.25018111473152 5.10527045197976 -2.52095928415644 -9.64581871263059 0.380724934738865 inlier mahaDist=25.4953118454053 cluster2 intDim=28
-1.18214177729379 6.18333279100921 2.98404053439461 -5.92221342767024 13.9005547623828 -1.31874466552024 1.65716026029499 -1.89513596204216 0.00335286394772205 -3.9951806549602 0.53765055363397 -4.38621289184394 4.13783107281344 1.48310993275033 -5.48776220386497 14.2808403179456 4.94247332920487 0.306722907340823 2.35785382877155 -1.24257301767627 9.9813419863294 2.25486292421938 -2.16460180801174 6.08987911347051 4.48312960617501 -7.32355128967226 0.788122833736869 5.20553203965676 1.91620239052511 -1.59416857995452 -10.7399638891756 -0.368183402538575 inlier mahaDist=24.1857631722224 cluster2 intDim=28
-1.83426696801519 6.42248876252614 3.96762125045548 -6.23397488322945 16.0725253480432 -2.90947009644135 2.53020903726342 -2.28531204772771 0.526719145142042 -5.1646451965879 0.774790195135238 -4.03849976966022 4.39376805422738 1.03721145142749 -2.81778770917135 15.7606849231452 5.67837913758355 0.185213151544161 2.01074502212719 -2.40171093794961 12.2613311404549 5.03912880781256 -3.31122248278993 3.55508842044051 5.31920947052333 -7.62856270507672 1.49667739659908 3.86937058089356 4.79839051085086 -1.08922352356265 -10.4378330355397 -0.603083167702747 inlier mahaDist=29.8824415006098 cluster2 intDim=28
-0.974227236420055 5.9508308385715 5.69916310281647 -7.37326730652106 16.6512259792026 -1.47460220478062 1.21702258959519 -1.82114937270925 1.35424991154365 -5.71103188284092 0.94745212817526 -6.50956910679298 3.13580985789276 -1.4091287964146 -3.37638864125051 13.9743287089229 3.7588727052853 -0.672612859599627 1.97588721820447 -1.55836925294506 10.7249664974825 2.12193353218403 -1.7617153965504 5.65898523497532 4.49808509886234 -8.15957611601044 1.83127836222627 5.09565556489171 3.46411053557988 -2.27087553113959 -9.8249470140413 0.869556936678768 inlier mahaDist=21.0979477022768 cluster2 intDim=28
-2.55513539801178 6.54167906714552 4.52429943777978 -6.79620233767762 15.3035300001096 -0.288720556801461 0.63940465626484 -2.16525131506241 -0.168963411772554 -5.48489336868146 1.96663517959581 -4.71323799127538 1.2000824362656 1.57976499270975 -4.5290233308862 14.6081651380365 2.03554887061704 -1.4688233985888 1.88201634730497 -3.07471017744517 12.4956662551275 3.07959802901539 -2.808357750485 4.08388825000393 4.97867320355508 -7.60093923725483 -0.975969639955255 4.16950787180175 3.38047498250661 0.00176899643639815 -11.2467664581909 0.532917462957746 inlier mahaDist=35.4585604695068 cluster2 intDim=28
-3.96356865950481 5.37934342982083 3.50331440904198 -6.97215581345558 16.5571383599527 0.345801602359971 1.44255233275588 -2.25021726199435 1.19231003996841 -4.48613512844853 1.00236779217519 -4.88181708891646 3.69732134909685 0.698670947627786 -4.56665708590458 14.1666706369524 3.43214286994235 0.530886569346447 1.06092172065045 -2.72499305916353 10.9297018063723 2.58656361864914 -2.07590123991773 6.82876575255315 3.3664726966232 -8.42015278533355 -0.464892234706585 4.48497265264617 1.77237085422693 -1.90074217774197 -10.6015532289167 -0.205560420178141 inlier mahaDist=21.3772240887873 cluster2 intDim=28
-1.86011630995744 3.61110072775559 3.63620485282592 -6.02587358025807 14.1033684517279 -1.51957856328771 1.61562842652874 -3.6370132666228 0.0129780373807339 -3.52193172222717 2.05748979969039 -4.97034714234535 3.84140882043222 0.637538064851757 -0.850043072908216 14.7296068343768 5.12526509656795 0.209689508189882 1.29127008606878 -0.414016426528742 11.4741293261603 3.65109844142307 -2.43395762248028 5.55615841178014 3.43612174078217 -8.1520498454797 -1.19532728417911 3.05080032349769 1.66963126669124 -1.92867943409163 -11.1396704566159 0.220578379881272 inlier mahaDist=38.6737972801952 cluster2 intDim=28
-4.0184809312898 5.66808061568768 3.34305593557718 -5.36011364987429 16.3051869154071 -1.78174458018644 1.61703887994293 -2.47773162143879 0.604141636118114 -5.7396579785725 1.32490535523658 -5.5167163873252 2.72730516688053 0.853636915446228 -2.73684573465714 13.9774069816887 4.59010427830714 2.00949006083478 0.875809872245319 -0.335381042365236 11.3955676560282 4.40064304400881 -2.17964869460164 5.76475192120797 2.87058828427245 -6.98515643838329 -1.00531879313095 3.76273485005761 4.19002444973568 -2.85083555074911 -11.4464451617868 0.517576074524141 inlier mahaDist=27.9538755145073 cluster2 intDim=28
-2.14698168592921 6.52791989839716 3.58857789276021 -6.52186152379911 15.9800242810872 0.306190623515673 1.33028018743078 -2.50321269293468 3.57225922067392 -4.56004583653726 0.319309116874106 -5.19078912671428 2.81462853208416 -1.27121667111119 -2.82949430939594 15.3030764677163 4.18428586906599 -0.377160438039318 1.53416470919373 -2.19234525331879 10.478294126887 2.5422195404326 -2.69987081710978 4.37651046143551 4.53424028137584 -6.75865699226938 0.484688366260481 2.51842120707054 3.617286018761 -0.400379912191946 -10.1347338708336 1.13129667898203 inlier mahaDist=29.0611454796822 cluster2 intDim=28
-1.64098898637048 6.54384011619789 5.27560498525062 -6.08749291540015 16.0665221968733 -1.71810791072629 0.900214808803912 -1.97847357759043 0.641604417930982 -3.59994752808441 1.51925620219668 -5.47948245824482 6.25968658325776 -0.143072736530016 -6.1287628159984 15.0087893687999 4.84975496591156 0.00152858934094247 0.17129209039751 -3.97663380771935 10.3022337686557 3.3450056037622 -0.736459166273242 5.81311803669527 3.66443854714061 -7.68382725245859 0.0635844491904715 3.69627323701854 4.00313583810978 -1.57039679319087 -8.13880354080408 -1.10714729769858 inlier mahaDist=30.0047157009301 cluster2 intDim=28
-0.437140076309912 7.29702587800817 3.55572426804242 -5.16251357915778 16.3975949971132 -0.705562160749287 0.377930484963851 -2.59388969896637 -1.01378543122487 -6.09037714049254 0.937971278029337 -6.08265803010137 3.78037662038965 0.530337683901678 -4.26165613225553 13.3716603553584 4.17779391325182 1.26095070902022 0.919608561193535 -2.48851895467525 9.37577568861186 2.31716664548298 -2.42970647566627 5.76855762051576 4.13769567122166 -6.96751781063648 -0.233284700371677 4.04917122844068 2.18420641838394 0.332272723710529 -12.6462716234142 0.505340338681361 inlier mahaDist=29.1632877342202 cluster2 intDim=28
-1.20017293189276 5.30179764538559 5.02731827949569 -5.94335506647657 18.1424156833903 -1.15558575736118 1.51347025128478 -2.79489405834607 -0.482417812540347 -4.95787245638056 1.05386841898754 -5.96614669674609 0.888730453647532 0.270907058959014 -5.75378277231546 16.1381696465945 5.19947315571025 -0.315302223112664 1.58347685073134 -2.57352606507965 11.0167801955029 4.63884049866145 -1.94612330365356 5.29763217975568 3.38075760869744 -5.92023701926307 0.527284233487386 2.95209696229 3.07122761597988 -3.01825511624192 -11.2972576465567 0.0853520376179521 inlier mahaDist=37.7053159891967 cluster2 intDim=28
-3.30429452270614 7.47881415306317 5.6740183526265 -6.67529665673006 15.0755583050905 -0.0740033584294833 0.798252543401297 -2.95285514531178 0.914433099258978 -4.47282738346827 0.441148634542672 -5.62530840164078 4.83124996390161 -1.13616444276322 -2.84556646276547 14.8244547871529 3.08291486297021 -0.566042894061987 1.27073990108008 -1.80844695328534 10.6436417645137 2.81888794619462 -4.02208419388967 4.36725512754941 4.95019213325725 -6.56079013080383 1.60387396915557 3.78274691701558 2.54648843820856 -0.321837932326968 -10.8525669184952 -0.166819061726475 inlier mahaDist=26.9638605827105 cluster2 intDim=28
-2.58898648107971 6.44250843486758 3.28426490708112 -7.13447587332813 16.9478849039147 -0.862555256455078 2.22261540409315 -2.23999186482843 -0.798815710702089 -4.65760179220383 1.21551272736825 -6.11151647488062 5.02017823513797 0.468092391331878 -3.31174041593327 15.0686193898025 3.82191008158901 0.206402821673972 1.50027957629253 -1.60562700795861 10.9107451210467 1.72070097539424 -2.59126961109741 5.05906265997149 3.92007690614588 -5.8901860566808 -0.1819109214808 4.25843425888045 4.16696347637288 -0.177368147822689 -10.0244435759296 0.306039291036659 inlier mahaDist=16.494770761889 cluster2 intDim=28
-2.89819763611089 8.1480751926508 4.9211363050756 -7.36061227453336 17.0865963191286 -0.962262237649547 1.11856427987839 -3.20942310754325 -0.779237167093031 -6.13595492886884 1.81351600000104 -5.19019992824844 4.53335899928305 0.692106391686622 -2.51156361200843 15.3753453075424 3.44515085619289 0.114785145266214 0.797295252587055 -2.46638991566157 9.40641779228015 2.00068373044931 -2.39308293047849 5.34904985548416 4.85399145402259 -8.19533520150312 -2.0533129537351 2.07497742343891 4.61340271987166 -2.12150523466888 -11.5874761050463 1.0429842516096 inlier mahaDist=35.2377897099629 cluster2 intDim=28
-2.43635470112862 5.60072745180318 4.38116150735328 -5.50692966670324 15.1211156146553 -1.19801766168574 0.652243920444642 -2.31199706745844 0.322431783349678 -6.13108334666561 2.34585593628952 -4.00474906519595 5.19444603944418 -1.16310827429526 -2.84962203705851 12.9303239891021 2.41002343870711 0.210246218092647 2.64059710112969 -1.67103167581398 9.53300075678451 1.98045986515352 -2.35631889127016 4.94022274118011 4.20212572667346 -8.73306961073675 -0.0142110686122007 4.24404030519766 3.90833097709024 -3.01990810666031 -10.0324728362049 -0.571395694151206 inlier mahaDist=27.8534049676115 cluster2 intDim=28
-2.01280455403105 7.51955144849685 3.35240165886569 -5.7903245499881 16.1376939963635 -0.878951222645733 -0.0605122173406129 -2.06707214871318 0.852098560849597 -5.12286871533277 0.674980893466156 -5.69135314486777 4.11831007828041 -1.20852916423051 -3.80099187045484 14.6905863148943 4.62593372963603 1.13170406199564 0.620121234383429 -3.68540386801671 10.7122262087678 1.10111706788162 -2.73276892328544 4.83110687299595 5.90705765426124 -7.96055231948001 0.348513025332487 3.99132794694654 4.86640426961811 -1.1671659801727 -8.83003870273589 1.56042828553121 inlier mahaDist=26.1410395949941 cluster2 intDim=28
-3.39777317281727 5.67889998599757 4.57378969728016 -3.87227441647306 18.4035098280339 -1.83076456400783 0.514371703543658 -3.39925031913692 0.680253601007842 -5.96011078558814 -0.322986711980255 -4.45793609982242 4.22399357967757 -1.80612214996535 -3.08069731756715 14.2638291217209 5.91332952967601 2.04667055811974 1.63874145123226 -3.24337369176659 11.1322167189355 3.34801213302456 -2.33268532478867 5.39964422593657 4.41158269330488 -8.35771917646223 0.801360871180999 4.6037385440015 3.18931880249179 -1.1776638334512 -10.3896388086067 -0.304096342177224 inlier mahaDist=34.4308574737094 cluster2 intDim=28
-1.91163727122478 6.58139293595181 4.07311986611911 -4.84816054981942 14.8211533133768 -2.31027146444027 -0.346562377890527 -2.6500355136036 -1.12937066549024 -3.32990466959492 1.09693439778567 -5.61495907697032 3.3297601763518 -0.424782317761788 -4.69993368082832 15.5411614803998 4.34621712383249 0.317436007659048 0.617835794830901 -1.42794199298679 11.450469827524 3.85146116275217 -2.33402900038116 5.58628599727813 3.8354399780193 -7.60322638165666 0.653664639044366 4.36970920885938 3.2355837609763 -0.695975366659359 -11.2036568012798 -1.75339266439041 inlier mahaDist=22.3379952495543 cluster2 intDim=28
-2.97822785704242 6.22240185525443 3.56133594760225 -5.77376212419248 14.2687727142084 -1.03946420724689 0.628294714301382 -3.70560530491326 -0.692691925653565 -3.93515989627806 0.250166669911276 -4.56264423068962 4.80454151814243 -0.515592193067631 -3.80763265206527 14.7991836455501 3.80073037158811 0.846257631812458 -0.79752849929097 -2.97523520092903 11.3536939817231 2.44450082943317 -1.97227445786101 5.79277054908389 2.42412589124156 -7.74236329185744 0.324671292289364 4.28723830667465 3.44565309670583 -2.11341109278376 -10.154592772375 0.883034939449447 inlier mahaDist=22.8142133610417 cluster2 intDim=28
-3.9299599091679 6.05587550345761 3.72485861029482 -7.15398890095216 17.15975851309 -1.27727403621642 0.811522034671243 -3.14238948973156 -0.771837518722779 -4.7265762090934 -0.389272259985489 -4.47441347161215 3.68983776059091 -0.265968820240872 -3.72376946927028 15.1961318958422 4.18497163382453 -1.04399907660772 1.80934954615034 -2.55736806167621 10.8317007402074 3.88733495317598 -1.89404542256576 4.6497441938394 4.61883017814617 -5.57736865451503 0.64381444127029 4.12705946426761 3.80647425256872 -2.56233339048779 -11.6827732980055 2.31770939528505 inlier mahaDist=30.9798270335322 cluster2 intDim=28
0.587403071040687 6.87407123811578 3.87875305464028 -5.78703655188852 15.4603455616278 -0.285042171177372 2.40902535213269 -2.89252310384578 1.45002689280056 -5.42199760476613 2.37473961348814 -5.05874026209455 3.90957414670259 0.585057494647794 -4.02066254746247 14.2773855551632 3.98438976488905 0.369013024769332 2.07689563040677 -2.16036068179061 9.07839298455383 3.24691520670178 -3.26528487398744 5.56262971988446 2.46290052105633 -7.8965866087779 0.185970456483999 2.83498482391985 2.11883124731647 -2.36989172252603 -11.6084005752165 -0.0460656599741878 inlier mahaDist=27.4093410468141 cluster2 intDim=28
-0.50667425506875 5.84180191166228 4.75271746526888 -6.10815027073879 16.241435922716 -1.96058588138245 2.39325478696545 -1.64473745429461 0.585755891599489 -7.32717198961426 -0.304497984294934 -5.93438304903039 3.46934806249033 0.13605048296933 -0.914503205558624 13.5534921164736 4.44333227660444 0.220579239146137 1.77245629104211 -1.19997889575369 10.1234496670864 3.30777345746579 -2.37397733344767 4.85841793220927 3.9276280321768 -8.38658193081761 0.870694616161501 3.26829862042575 4.22789236490409 -2.01805431634443 -10.4801370361569 0.854250888957115 inlier mahaDist=29.2353984699876 cluster2 intDim=28
-2.71167073583352 5.49523666297863 3.47431475205799 -5.60595676508147 15.5285919607729 -1.62223292044678 0.262198133445993 -3.69542301668401 0.475351408459076 -5.11486758637953 0.267057705334924 -5.83899108656055 3.87136445882678 0.243241727940706 -2.23804532733352 14.4984763645255 4.48326981002628 -0.493860486998924 0.916796723245862 -1.21151907961188 11.1875697511331 1.71019923266937 -3.01012480064316 4.94916941066094 3.23061110127709 -6.61183868887576 -0.661613333224755 4.13422046684874 4.81785355191713 -1.16456173174431 -9.79387816425401 1.11328138805594 inlier mahaDist=17.6537064797611 cluster2 intDim=28
-0.280794649775821 6.4054150001185 1.25018534756861 -5.81400569002336 15.9878949654984 -1.64663693156303 1.99783240358352 -2.4530352702918 -0.400756934949238 -4.02923219919987 3.17053041968464 -4.95273214763841 3.78601740703012 1.12733497114591 -4.82463895294558 14.0893305056802 3.64054972521069 -0.212971264710295 1.54134350265056 -4.38514670596276 11.1530178187075 2.70959826986289 -2.25564370266808 4.93850207527063 6.1023495810711 -7.71133045881902 0.926729541742927 4.2800639334869 4.86125632099803 -2.04608279565446 -9.52004983391835 0.836866853001595 inlier mahaDist=34.1430063253463 cluster2 intDim=28
-3.24140328788054 5.37828014271977 4.85050171784731 -5.1237311742278 15.5868937663805 -1.6696958345917 1.75531946720295 -0.898574308013748 -0.492985529991411 -5.76461020670219 -0.666083938119588 -5.36056636984281 3.74345444608436 -0.297907495991625 -3.7725132181516 14.8667898075156 2.05952124734946 -0.181340597873498 3.12736681020955 -1.82735567642909 10.4289730205466 4.88376608058953 -2.63602471771012 4.3479608033065 3.35458330502059 -5.07733851287137 -0.398297995587795 4.58855877366667 2.97740621948578 -3.27735778021981 -10.2717477024899 0.918080000435355 inlier mahaDist=35.7323867957423 cluster2 intDim=28
-2.11743115103735 5.57927954997438 3.48237277368569 -6.40586396242955 14.4651725107903 -0.255955255004238 2.46551102475454 -2.8161679714653 1.87555557412414 -5.97136591433402 1.22164358665409 -4.99918779300182 3.42697484219348 -0.302244673398393 -3.19143275316313 14.0174562860811 4.63979327583197 1.67970697383481 2.10778567282343 -1.24013423396162 10.2508565693309 1.46330616749184 -1.15222131588721 5.40081138275829 3.54479694636821 -7.19283985278569 -0.535721168539911 4.42704234747333 2.44431003484809 -3.45585795028177 -10.7551924571756 -1.36170953952689 inlier mahaDist=26.8856271493514 cluster2 intDim=28
-3.50585102845013 6.46365472000879 2.92201546540857 -7.24368740776005 15.488612632542 -1.23618919310294 -0.933679957316004 -2.95053088795723 1.3433792107088 -3.3103008867408 1.29052804016118 -5.91250301669974 4.37209256837705 -1.15891148321121 -3.80631410627492 14.1079232369417 4.05434105734535 -0.910833895338496 1.78181229359372 -1.54886267413953 10.4945360250084 2.26375644849906 -1.38742211076841 4.96374709200651 3.38880073475965 -9.4889094150971 -1.95087542364641 3.58810570547245 3.35543312738456 -3.47837103621514 -9.9177699604912 0.378840588065954 inlier mahaDist=32.928922082967 cluster2 intDim=28
-0.606848262554402 5.27839004018763 3.91200442649602 -6.54279455112643 17.3835939622925 -1.10207798108283 1.44923342932919 -2.71241769248451 0.507317051163085 -4.53715905332556 2.24037405746474 -4.2830216535418 5.10409764843724 -0.738600332947882 -4.77633854910951 14.7251824685265 3.21685090299206 0.494619564968187 0.738976829898462 -3.34271131603346 10.2365323881638 0.533821454127082 -2.22603179539903 5.37456899628919 3.89276070538064 -8.41247547196814 -0.339138172672949 3.38331348072093 2.56385364982214 0.395351277734426 -11.819509311281 -1.0270967286722 inlier mahaDist=32.7843512381438 cluster2 intDim=28
-3.28458959309381 7.24425461335248 4.47905885306154 -6.03342979256698 16.0549674413497 -2.94912295394343 1.57285944414931 -3.23110270260424 0.904192121181167 -6.21337041075359 1.03229994093775 -5.33258120729417 4.4129949889018 0.0730118928646172 -5.36555321193542 14.8248869732908 2.16035139006688 0.0397066419848804 2.65803463565422 -3.13954745789899 12.1128776322923 3.38230645409831 -1.93987765664897 4.70793142048171 3.68993658136361 -8.10750348846181 -0.868782709813099 3.75101510480327 4.43750204276707 -1.40503700929292 -9.632144954798 0.177260692673825 inlier mahaDist=20.1209160399471 cluster2 intDim=28
-1.91899255335237 4.83414110087934 5.41901395824594 -5.60337218441821 14.7945701836177 -1.98358696282869 1.84724910067476 -2.15121506678897 1.45126104496287 -5.94032538640828 0.671405073520365 -5.74323438261969 4.72680611601979 0.972364571578845 -3.27548638031881 15.4446491065997 3.94025657117447 -0.0408566190844677 1.85465229929003 -3.65400476475051 12.961656008535 3.01177442441994 -2.34741504746135 6.35736776386375 2.97694314095907 -6.64527966208468 -0.75120317616047 4.4515351099299 3.23136969209092 0.264727868951459 -9.23799948144078 -1.70990794475823 inlier mahaDist=27.2404772081132 cluster2 intDim=28
-1.0289325257136 7.43600368258345 3.97925608382065 -6.05500409306486 15.1585784241607 -1.41607731622143 0.937265785120936 -1.39611611492525 1.5257866620436 -4.62273884846778 -0.480695766706357 -5.31255379310824 3.3005687016923 -1.04807442345082 -3.32020824414443 15.8766890660273 5.57971942528861 0.226652821414257 1.80953783342781 -1.76317925813333 11.8615329258108 3.06567332838604 -3.0928330433124 5.20471491064476 2.85707531387542 -7.75207566269048 2.10333396984571 5.95493009128711 4.35063276158991 -1.20200548106191 -9.26128670296021 0.411131620380252 inlier mahaDist=26.8880000070535 cluster2 intDim=28
-2.20708212817933 6.04862010390985 5.0339970211572 -6.2999233128809 14.873101141063 0.0705064346331227 1.95384353120633 -3.82345645803023 1.95378914193217 -4.12739219267057 1.66228127370164 -4.33141917256509 4.29099880433275 0.507017490976685 -3.65614418741164 14.0764423407995 5.14367532614895 -0.318358742109915 0.649143421588842 -3.14950772900898 10.1302306970205 3.58416525708359 -1.68216635038189 4.82216374671481 5.94684247286833 -7.72465112939955 1.25580015212545 3.51554458154615 2.39825070828481 -1.91875970209861 -9.42372724531808 -0.4027041019722 inlier mahaDist=24.533628450026 cluster2 intDim=28
-2.38213516061711 8.29469257013515 3.03244354224848 -6.99744389876239 15.2171501837286 -1.42619388050632 1.5086953620491 -2.22990996217713 -0.3918735772133 -5.12081081955114 1.27857976100081 -4.84462505550534 5.29638699134611 0.339478875437642 -3.10886121206813 14.0790633670046 3.69861693321997 0.314931006164476 0.915414588494233 -3.01452445528816 10.2415994796524 3.2502880395293 -0.981870252503614 6.80223469871742 3.98609661761786 -9.03650840378183 0.589463176861453 3.67559430967091 4.40028492063937 -2.41883254526926 -11.4005098323196 -0.774367876359125 inlier mahaDist=23.1306545317623 cluster2 intDim=28
-2.57804878517987 7.57316392368994 3.72140959046005 -6.6991434894243 16.5860323041552 -2.33718176991872 2.88608365358089 -2.22559560966503 0.20298514720785 -3.38262193196453 0.750172038975168 -6.96010934848812 4.6599584127867 0.043506039544137 -2.17522643994461 13.9568190988173 4.62587175126704 -0.029036941113181 1.62391270880468 -0.990708197678068 10.280620492663 -0.00730977751286055 -2.97863267529401 7.0249820945006 5.86625513666077 -8.7194896092009 0.796391587128554 3.95033866037075 4.33113347068975 -3.83983756862489 -9.58639193659205 1.4797849353841 inlier mahaDist=41.0302877520603 cluster2 intDim=28
-3.14388760111929 7.23590873057927 4.35244924675297 -6.77081456575564 15.749617611067 -1.61352877628865 0.497042580568488 -2.74813280382343 0.072662623812944 -4.53012768183234 -0.629584640100813 -5.50146256773355 3.99432355852501 -0.650288279552288 -1.94933336882485 15.3350360534112 3.24263911678601 -2.0120979163082 2.17590358891215 -1.76921637453602 11.629246252516 1.95236206264918 -3.38701242453591 3.69464118871763 4.50789576322925 -6.7985464046567 0.0397639495939038 4.50297603440428 4.09319488384193 -0.360294914115808 -11.6765991239819 -0.685527218996286 inlier mahaDist=29.2032129121172 cluster2 intDim=28
-2.11115251128619 5.95995503567261 3.71342147174009 -6.55782198477126 18.4916833066423 -0.947221494884691 1.46286482558199 -1.78751171024974 0.252812086937461 -4.86395717199053 1.20216765190256 -5.95886666631962 2.97502980793103 0.486840615417646 -4.46619457651139 14.0123278599573 5.23220319401962 -0.115019076676293 0.535869757928239 -3.45158606890303 12.279395446029 1.58803637562649 -2.74651654597242 4.6221672223098 3.5415223721048 -6.3962774754971 0.17647358615094 4.24653805156328 5.3130004359093 -1.39966752892082 -10.0926938113052 1.2290247929509 inlier mahaDist=25.7100274247976 cluster2 intDim=28
-2.44954741590009 7.75892533269591 5.095143833722 -6.12795710319441 16.5698424765879 -1.39062553809689 0.0218281246130588 -2.05728810882608 1.49870860513252 -5.55854247598372 1.55942573981375 -5.04468629029737 4.47627401887757 0.322734487698258 -5.32644530697438 15.2506241754399 4.55658612451201 0.177273675035434 1.84628585792972 -3.62066547351025 10.7978625831233 4.73146219434865 -2.37013657898838 4.64920991613243 5.52481445352988 -7.53890891415419 -0.00753138050610513 4.07330758431274 3.7843722897985 -0.302066443154461 -10.004129630085 -0.486694121963068 inlier mahaDist=21.6535328041877 cluster2 intDim=28
-0.862707912462287 7.66065516142526 4.51504320675146 -5.69237078008675 16.6366544347363 -2.2505980853088 1.00688074583479 -0.883139337093606 2.0514048889334 -5.75797889794417 2.23344708837816 -5.47264856358767 3.01341261024078 0.204377409498202 -4.00097997241519 15.0129595502147 3.17219275713937 0.688385552864982 1.03715569263451 -2.11416762074089 11.1744970448358 4.00652183954043 -3.18028041376212 5.85857773819248 4.16756951070741 -7.32604587036118 0.551218134801327 4.33558954756814 4.9595047928203 0.121642924897567 -11.6725974655532 0.856387540284177 inlier mahaDist=25.7151550236939 cluster2 intDim=28
-2.17021306017791 4.62608603116626 4.48634011072055 -4.17158300653074 16.4267911226374 -0.74893031217446 -0.149101259139848 -3.28054468187168 -1.0229654504731 -3.73816644632641 0.720357124298092 -6.13367358428504 4.0348425622111 -0.196238039430874 -3.03355984041167 14.4388688521116 4.50358226377253 -1.13408534411675 1.64627444397735 -2.39562806098718 11.3516431217397 2.66404709704692 -3.57663132250373 6.74594163505089 1.94102082769092 -6.30172865615224 0.16534065739543 5.11954526834747 2.63567810779794 -0.781134385777853 -9.71437316669964 0.197275968070484 inlier mahaDist=28.5039579672028 cluster2 intDim=28
-3.24765892759361 4.84604197338297 3.62170756942597 -6.35069793287305 15.8033121254393 -2.00646267458099 1.64494332618749 -3.80390669574117 1.81909132597494 -4.6242988568387 -1.45561365023027 -5.50745851009173 4.63431155229123 0.993260844507337 -4.17833707703037 15.6154429723305 3.38542935782708 -0.651375659814327 -0.0990867810071814 -2.94405886370605 11.3503995012639 4.87439147886882 -3.12330799103422 4.09413815723735 3.80630316126938 -6.9306937323812 0.824970653462777 3.29178349836967 3.11481144626623 -1.12151731888193 -9.73351170978808 -0.153707870400467 inlier mahaDist=29.4559575679638 cluster2 intDim=28
-2.04476989170746 8.1355661631296 5.73374064839884 -6.44595919658923 16.334744393957 -0.236816366693965 0.763402165215712 -2.03977616722976 0.733109712182658 -5.65005548388784 0.951265337002063 -6.67653454897905 2.9129110095983 1.24405344030728 -3.47762507189713 15.3437894998669 3.79274561066488 -0.263002645127802 0.943729537747054 -1.77885551380374 10.2031182324703 4.9112506719495 -2.79018899558113 6.27853271618197 3.35455063483876 -8.54661308312 0.0661668161456644 5.30844585481116 3.18401585104683 -1.22599700464325 -9.29403264554668 0.336005174030574 inlier mahaDist=22.4874530232425 cluster2 intDim=28
-0.548269080473818 6.99025248812114 3.90191325826448 -4.76472798634948 16.0972544092238 -2.48435063817914 2.88113365216718 -3.48620811324925 0.964565032373145 -6.15797760956554 3.32441338410616 -5.75350786153035 4.47982755683651 1.22734121873074 -2.37729753812062 13.1854579893489 2.81245955269457 -0.458733357427429 2.66242245321783 -3.46609716568348 11.2892065228629 2.62135056905533 -3.29475866615033 6.24597912607303 4.85005616189867 -8.37698044347668 0.357998791452946 3.54543629263529 4.74626949785604 -1.2684982910127 -10.088209265283 0.201408216133375 inlier mahaDist=29.4655438751049 cluster2 intDim=28
-1.68657928388037 8.6998695792409 5.98553928434357 -6.04217869142179 15.3876507333043 -2.9496395705233 2.138235371476 -2.23360038338815 3.19956574759565 -6.19829353780536 -0.18748389430067 -6.210782994964 2.7751927794356 -0.320500118896242 -2.96665755451075 15.9999068784121 4.11455828364537 -0.0779400074359626 2.64930579529362 -1.27092888479224 11.3445133886841 1.74330091932205 -3.49606725840583 5.19830514471868 4.01189201375183 -7.37565402288388 -0.0889389438027605 5.39325545489733 4.98666296637277 -3.32958304473839 -10.0807499082177 1.02642871840924 inlier mahaDist=39.6066054774588 cluster2 intDim=28
-2.33298918528097 8.21290757193058 4.04011846927257 -4.85405870709805 17.1124867372855 -1.69708670381039 1.41548619752743 -4.36981200508306 0.79758827638948 -6.09888432076786 0.67702047733249 -6.14530880054709 2.80803499075231 1.29429878820457 -4.34000885705501 13.9098992050431 5.01715501995166 0.715903549254662 0.518238924277785 -2.57231239754476 10.2814563901607 3.09829858299085 -2.4685634563251 5.47347547000833 4.31184537432064 -6.928983344366 0.528488682523576 5.66362336623529 4.17041395906956 -3.05202867001526 -11.7371106701907 -1.06654900889914 inlier mahaDist=25.2468956484562 cluster2 intDim=28
-1.29041761175846 6.43193298316731 5.03923008359298 -6.65666886019739 13.9168524419473 -2.6884923231229 0.29952650628612 -2.99906007001861 0.170598202600688 -5.35616074066681 1.6301608333922 -5.84317313954991 5.07736977114648 0.652316191918268 -3.79936305348667 14.7068120189495 4.61757820248271 0.120962457647734 1.63027800159589 -2.8105367788329 11.1676985850599 4.14659535911531 -1.61488567281456 5.87750731178375 5.27647375491483 -7.80076375541659 -0.114024118043302 4.52938579898798 2.35594738671919 -2.04532798960989 -11.0296525610965 -0.438190512758103 inlier mahaDist=17.0652972619757 cluster2 intDim=28
-2.64793083933137 6.4790583603626 4.38764630728271 -5.36071638563521 15.6272775412653 -0.432836068501715 1.74782015176058 -4.37454735962043 0.719447776934651 -4.19730044432374 1.3817600274433 -5.6488435781858 2.83831385625121 0.59760254847381 -3.29941176757264 15.3418880055956 4.82789443040563 0.142837254643861 0.820656240968249 -2.00275554020579 11.1573931498401 2.94231323732158 -1.30865952396505 6.51151513535492 4.34769767198633 -6.27269559326137 -0.306836015231169 3.13225447241335 2.93213470428493 0.620054964909544 -10.3838584795173 0.00521865074524402 inlier mahaDist=20.0926372365476 cluster2 intDim=28
-2.77585541714357 7.24124214893117 2.82919775965384 -5.34864088105275 16.3664497671161 -1.64862888819742 1.23955579686585 -3.97326670773904 0.869161203154489 -4.12416568420412 0.471042856575439 -7.06291406051763 3.91072219618874 0.537162904241213 -3.24666298550898 13.5640938219634 4.46801226223116 0.265851310736631 1.3102470899638 -3.27612116112697 11.5506206169576 2.42688149473875 -3.02620794104342 5.98410181817771 4.29686237648331 -9.24334461795589 -0.837934835540536 3.60983508589717 2.72048040416811 -2.2624581340797 -9.72029050432855 1.52323607244414 inlier mahaDist=19.2374691478994 cluster2 intDim=28
-0.841472319089945 7.01649745303164 2.74108532386351 -5.44812690245544 15.6914135179038 -2.31939118116882 2.58025136515777 -4.37759245198546 0.373077650100519 -4.18279037430494 2.98220848514399 -5.10385630845305 3.17426288555279 0.673049066100537 -3.17408240600763 13.9513801396114 5.5763239713188 0.168092527612316 3.05079469211505 -2.35127186951999 11.5104884118003 2.67283343920678 -1.16270744225758 5.49478901926563 4.78651348156916 -6.6417319200973 -0.489555940692577 6.10948028580803 3.32714240712088 -3.15556007928652 -11.2956635063427 1.86818525733766 inlier mahaDist=33.1904916912004 cluster2 intDim=28
-3.92182946466141 7.45750266951675 5.17897581300305 -7.00052906695512 14.8934747854652 -1.01946094759233 0.32581396536908 -1.88090819698933 1.01197872127121 -5.20304812747758 0.109190647067387 -5.85189059139481 3.65174988289588 0.419763809162498 -4.37495387942885 13.7737606933015 4.10330192288854 -1.06965916980578 2.17078650840414 -0.991184025531048 11.5960851727093 3.4763765190489 -1.87933380514517 5.65151384194039 3.50879771552071 -6.75534266273297 0.544352951312017 3.54876149984633 3.49378259553327 -0.166726662848855 -11.4982432303923 -1.34488840086739 inlier mahaDist=24.8330591674479 cluster2 intDim=28
-1.06835746438881 6.48185667665266 4.11109378178543 -4.978116654693 15.4178941449229 -1.89931663253 1.81285551899744 -1.17599210437712 2.12417911088122 -4.91059119952515 0.642801987626999 -5.20957047016069 4.51842705911577 0.738811915141035 -3.40104609668121 14.3813186369367 5.19903948879218 0.979217905418906 0.675414253711779 -2.74020534689917 10.4875970944612 3.47870886347944 -3.21149282648944 4.34785375983016 4.64544461917755 -6.9329371393727 -0.0956330943382556 3.74819685583318 4.25412940495206 -1.80984837750493 -9.76469378232455 0.668578329801268 inlier mahaDist=16.5456133971507 cluster2 intDim=28
-1.09868048149754 6.5558020765212 5.14831338995728 -5.3194734895186 14.8972554435481 -1.37512119441618 2.57747161127487 -2.22006426870741 1.46410751477165 -6.0598995730453 0.817642756664183 -5.41164632920938 3.26541716509886 0.267818046249493 -3.66709606082178 13.4902544051755 3.89374096159719 1.6063931287212 1.65067979911178 -1.95625219885835 10.7221543615522 1.56213538422763 -2.74418308071673 4.60360374769807 4.35582616010033 -9.19249335228264 -0.5509190229684 4.23111947813079 2.3426394676521 -2.27064939456038 -9.67494461541915 0.599139973582352 inlier mahaDist=19.5626195429316 cluster2 intDim=28
-1.52170610151899 4.59679496242794 4.5405105160165 -6.84011402804936 14.4615328380032 -0.901383817304066 1.27637331801383 -0.360718490149361 -1.33398585584613 -4.33736662704163 1.2195017143552 -5.22728849332101 4.59183405897064 -1.03721579249436 -3.06247715322088 14.7022992435404 4.15185545609203 0.521688697701456 1.29943065721651 -1.62192594241257 10.3179659933518 2.78483424807028 -1.07767736552565 5.35141487895869 3.32366279235497 -6.83091612013878 -0.276504325799778 3.18097542232523 3.15800754245276 -3.34304424090487 -9.96809947159205 0.0431341148574615 inlier mahaDist=27.6125734878877 cluster2 intDim=28
-1.90031048297687 6.72818116671815 1.73504924259701 -5.83679410318903 14.9068038413798 -2.44206467317941 2.07230114124109 -3.26799149339746 1.17909225998144 -4.33322872493667 2.63981824854249 -5.4835255841331 4.64914473872939 0.834876594146123 -6.20002073132871 12.2401474428092 4.2588170076874 1.62334254777118 1.19185679801068 -1.43965519325019 12.0631562026056 2.10842782721166 -3.42078626331761 3.69101835018991 5.17657707500911 -6.36516414232142 1.81471758668616 3.90455361984239 4.09812393052204 -0.510199354931513 -11.0294811623268 0.837573724091767 outlier mahaDist=42.2309555653272 cluster2 intDim=28
-1.44872409519405 5.98377543514064 4.35418210469758 -6.72512652075977 15.1370338901285 -1.99382878444084 0.666158590498017 -3.8803420631455 1.20851787508513 -5.73449717781862 1.80203871635975 -5.61663707366528 2.81441228793079 -0.0711657301546506 -3.81008592760296 13.4076357989059 4.06440792852649 0.274704388129556 1.7191929495809 -1.01725106678645 11.0733829310407 2.51066339207648 -1.48247508779014 5.23738659658891 3.62439337317528 -9.65938680654025 -0.399746978606834 4.65040076124092 2.36647216816416 -2.63588701175061 -11.4650583913777 0.0356216872400463 inlier mahaDist=19.7582732323613 cluster2 intDim=28
-4.66503886479171 7.94290674862874 3.20870544907137 -6.4475335699899 16.5259635371197 -2.21776499933753 0.658935187544415 -2.28592239950745 -0.289501084304136 -4.98169268160306 1.13898286475523 -5.23843153313843 4.83616346950819 -0.289825823271062 -3.22917988556666 15.7642943160657 5.17221418524141 1.540731062563 1.94020660794026 -1.88649190899772 11.5047942456143 2.6682723644742 -1.72222573082621 7.9258077887902 4.40503594280162 -7.81310223164821 -0.251894324799294 3.9151535506353 5.32916370544217 -2.07232850902375 -10.3161710171614 0.634654775228374 inlier mahaDist=31.3167825053735 cluster2 intDim=28
-1.11610072686305 5.72159037079578 3.4203812665756 -7.23281613071702 15.5739521993658 -3.21699674906566 0.493303762991098 -1.68288426639614 0.657090532078191 -5.61625600194121 -0.680770032507933 -6.75245284064951 2.73241906193208 0.966434452685059 -4.41622005593781 16.0285500310946 3.12836398672856 -0.420786097675797 0.964348691957046 -1.40530271687905 12.0141654761936 1.96025616543929 -2.09663733616182 5.60082275524493 4.7834235232691 -7.62290271045982 0.186461542386733 6.34496898489333 4.32115008786235 0.424723398306058 -9.68029894438759 0.806083074921989 inlier mahaDist=32.6881861208446 cluster2 intDim=28
-3.68348948238739 6.98769438335136 3.31328669725991 -6.81278599941384 16.4202725134304 -1.59311385747929 0.874797418127031 -3.40912595183654 0.171176530952762 -5.87248316663279 -0.285429873271992 -5.60744427858369 4.87658051085714 0.234749206494084 -4.00854343252929 15.7334545476603 4.05929415799851 1.49970179374198 -0.190195996994039 -3.11766892595513 10.2843085517317 4.11961114799363 -2.10373366175251 3.42305711148999 4.72099599224049 -7.46266283523904 -1.12993083709573 3.05101269631041 4.31263196067531 -2.82645951246381 -9.73155111683202 0.830483416841297 inlier mahaDist=28.7882305706712 cluster2 intDim=28
-2.80518428333724 4.32675281704431 5.27761599280789 -5.84544818612412 15.7230472675539 -1.92167439768321 1.5472355987969 -1.30568024387325 -0.468771436481846 -5.13990301965971 0.271686087279144 -6.96831735883131 2.84262763464093 1.03761172997052 -3.69997036252386 13.3307272716109 2.40441608803055 -1.70340274654837 1.79531897225625 -0.91291983670912 11.1523908877852 2.51526318433466 -1.30769062371599 5.82548837595479 4.34938108773188 -7.58241050823998 -0.385467056911913 2.92253118284679 3.93551499454357 -0.799247960318354 -8.74312569190535 -1.00600179040455 inlier mahaDist=30.8327907925212 cluster2 intDim=28
-3.16449433714253 8.67120413285145 4.08607991441894 -6.51164942963642 16.1726967689938 -0.475157063129153 0.60178434907373 -3.21704247581522 -0.512327730362471 -3.90621603467621 0.669270830834604 -5.85076241849379 4.98728992975553 -0.997892822492135 -4.92606416737446 14.4337456662894 4.18610915732885 -1.10795347282641 2.58510946946402 -3.70587253375086 10.331526702002 3.61253748657947 -1.67167616106624 4.30709111217065 4.67606294768103 -6.343013903709 0.544614950965627 3.9791699353614 2.93311981701928 -2.51417225887734 -10.9293056170524 -0.902687916516765 inlier mahaDist=26.777091756254 cluster2 intDim=28
-2.26332514723408 6.93624183021555 4.91198007980006 -6.29385796552494 16.8941355860188 -2.026396585326 0.358973039650229 -2.90166732069853 0.648981694082751 -5.54139905995333 1.33855098462565 -5.34309316381756 4.45490568795026 -0.510037087505761 -4.40515597563403 14.160851919878 5.18512646152255 -0.408225229031768 3.33380909804101 -3.54964929766348 12.2821110666679 4.52084680849479 -1.73860854953798 4.98235613724833 3.65985018649326 -8.12200516850804 0.280225597889335 5.38726406561696 2.94161701155373 -1.4036516879638 -10.5583659965287 -0.257131200827835 inlier mahaDist=18.5864690932545 cluster2 intDim=28
-0.548630231646697 7.75607779364622 2.34088145887026 -3.93890619006784 15.3580521507834 -0.581169433724989 1.82021299000454 -2.09186130574243 -0.86783739955428 -3.70889845947623 1.37462028815326 -5.41198144064774 3.86005209967708 1.13489906470699 -4.17286809923591 13.4952263393077 3.60045673075691 0.0911069649497909 1.21742820935516 -2.19431610682795 9.41011525108359 3.08411581097649 -3.44348000631757 3.99670134603618 4.35702858896767 -7.61051713931807 0.517280800772956 4.62807650300376 3.71896941601928 -1.02406433391005 -9.45187310915964 -0.0367983581507301 inlier mahaDist=26.2800962575262 cluster2 intDim=28
-0.138346741602349 6.49961887697041 5.19740193637903 -6.06454403320024 15.3094319255302 -2.50946009274926 1.60337455472488 -2.90539542127533 0.442460154003969 -5.37943535492507 -0.0699338060876865 -5.77626922469379 5.7231920145274 -0.53817200709133 -3.58906431433683 14.8897945642641 5.09475516258509 0.419923622385542 1.91650709926207 -1.65732838848172 10.3671858299252 2.20498406234168 -2.07950765736763 4.02061484444311 3.10217040273432 -7.74543955379628 -0.834110837567108 2.59968240069653 2.93674314289151 0.237828812071261 -9.61910596131668 1.3337910076792 inlier mahaDist=26.0612443178451 cluster2 intDim=28
-2.19051194719662 4.6661675348813 4.15141482676769 -4.24548858852441 16.1190113258214 -2.164067316627 0.159676422294471 -4.20681991098933 1.87256028843737 -3.79509688679758 2.38483523976623 -4.09562071659609 3.47548358833951 -0.177136139452599 -5.99248702806662 13.667918587157 5.15884777153131 -0.426462764818132 1.82727346565644 -2.53203337949824 11.4987388355692 2.63505834946178 -3.00380167417037 5.97641459081961 4.46459510405905 -6.94853692616115 1.59430407523891 4.15072410476925 3.71670344369706 -1.6792410924838 -9.92006307664313 1.02838470837462 inlier mahaDist=31.1512313328369 cluster2 intDim=28
-0.624054486132493 5.3603719396363 4.30279461339871 -6.62762991110221 16.1588260484609 -1.70624316430575 0.419540687480894 -2.02439943956251 0.430563810462347 -3.82397907562065 2.20034770391274 -6.56705655839883 3.5096967071235 -0.237105686714316 -3.29087956318561 14.4587056030806 4.74522937870462 -0.43227262056704 1.27769279968621 -1.55402787099521 9.89307442448592 4.03450306697944 -1.00002742705193 5.6787243509653 4.70674136343107 -7.05842436015878 -0.837992248837567 3.58719326645325 2.44326914780345 -2.19771421561343 -11.351475060962 1.02071913060594 inlier mahaDist=20.1652368244615 cluster2 intDim=28
-2.32875761771292 5.31860013432865 2.02880048626353 -5.92965471030902 16.9274205338404 -0.734821939737114 1.11484468466852 -5.48125380527219 0.461366970656727 -4.75012676701521 0.437312511409595 -7.24043705362439 2.64114724386995 0.556962502450901 -3.97844075233533 13.8436959986135 5.42516750810116 -0.536732272035438 2.28596564614074 -1.71756442728315 11.121400301225 3.13698994783124 -3.18438907760434 4.70347287467972 3.52762447908728 -8.44837664921673 1.09043870738205 4.46171305909049 2.22492179245447 -3.36705039126386 -9.51464232452338 -1.37665391214759 inlier mahaDist=33.2123399247502 cluster2 intDim=28
-2.17334501517474 6.68045148691017 5.32810625863224 -5.60865188134675 15.681978718768 -1.65804219733792 2.98417967739471 -3.9185316485608 1.36221906186 -4.4756250832298 0.914938954618672 -7.26458137589453 3.4347713443013 -0.125165827044018 -5.64336758706056 13.832511686748 3.27750228326717 1.12181265651514 1.15983121408064 0.277144817569219 9.70691558787028 2.88221552982999 -1.17182975145204 5.31871237662571 2.69622164403839 -6.20164349079435 -0.397677692808216 3.96495165795426 2.13096700345802 -2.31139501134828 -9.15177570265946 2.48731581589496 inlier mahaDist=37.1522835811151 cluster2 intDim=28
-1.10941277453723 4.66591285521335 4.1984580956462 -5.5005919251041 15.6783481967963 -2.49103333888196 -0.28214644238808 -1.98542803278114 0.0547566319875423 -6.00265399870479 2.44862810380526 -5.65773014760429 2.60502615899179 1.33153930822392 -3.98960244386468 16.0726906941079 4.84479578102582 1.63960806695755 -0.59389979636694 -2.05381121494588 11.5790859828163 4.33028373456919 -2.72943326548495 6.79824114591691 3.89212626542695 -8.60049866660404 0.0930887043483309 5.05484977261039 5.02389136978204 -2.43100414427338 -9.19152150594087 -0.45897555007918 inlier mahaDist=35.03247392006 cluster2 intDim=28
-3.28018397603068 5.85464215446367 4.84676578023473 -5.49374783328649 18.1007002777008 -2.51108262270625 3.30042145338958 -2.90510721846217 2.0567451052923 -6.28429500158875 0.398874876840518 -4.74858588979583 4.40210680067528 -0.243525386181615 -4.33602030598318 14.0039876638549 4.15014392991647 1.66360566802539 2.72767854211638 -3.93126246874642 11.9924899874007 1.43683291816268 -2.99329347702977 3.79691798960559 5.23610215656388 -7.42441654211038 -1.32567820272354 3.41152700143932 2.67619138653354 -2.22082814935457 -11.4555595482993 -9.65911805100306e-05 inlier mahaDist=38.5813136877556 cluster2 intDim=28
-2.292862828497 6.69108418935127 4.06845371078675 -5.06666265903342 14.6269709893481 -1.5696601198561 2.13315131718488 -3.17891440973999 0.777951348499119 -4.62627777413226 1.22031697622487 -5.46159744778189 4.71017114687511 -0.279388949308271 -5.41084471389964 15.4113290954833 2.8200812832139 1.3390768702594 1.27472343582067 -2.41271520572434 10.4090560285393 3.31839116245719 -2.86107999336657 4.58444738079651 5.22387326117359 -6.27928356006688 0.983400952564798 3.93324651624292 3.19758270362374 -1.60902172338501 -8.76569565896386 0.0482518336627242 inlier mahaDist=18.2151887592292 cluster2 intDim=28
-0.412053543431292 5.89025016740527 4.87287849627664 -5.8842442234363 16.8628687345846 -2.12931062148381 1.66868838091369 -3.07971030074855 3.343476734713 -5.6071469856374 0.314849091665992 -6.90388210224021 2.56958545225362 0.643222572559992 -4.49891076986797 16.0780744694396 3.97664173678212 0.103091919328969 0.636674344909888 -2.46318041510771 11.1806619512909 2.95878331719556 -2.6731851633396 5.29509646808475 3.72406529224589 -8.31172299007117 -0.0836618938729704 5.50259152091752 3.03351918259898 -0.712234300553374 -9.46238507758157 -1.50899752515417 inlier mahaDist=26.6550289550027 cluster2 intDim=28
-1.23524745988928 7.76201314955426 2.78991911256495 -6.91039919002249 16.5188617791391 -0.74837137658759 1.12954074065756 -0.606188629242847 1.0104596674146 -4.12883380370018 -0.939994989278295 -7.40803739016791 2.81469178747777 -0.677078952111271 -4.44614890162029 16.1921865119752 5.53857770258602 1.3567647375179 -0.152753453870988 -3.13930374281418 11.5252519845192 4.42393922884754 -1.96803367387071 5.83485695314139 3.67604203598407 -7.48319082050785 1.80707285287107 4.05805287455165 3.59853262370456 -1.1437607323193 -9.83134340982124 -0.0787415711627793 inlier mahaDist=36.968423115184 cluster2 intDim=28
-1.71980408610834 7.81099890174911 6.13464565409926 -6.45324668906339 14.9282506800183 -1.04172745246196 0.234297276860654 -1.5716302033831 0.626164761854364 -4.29726547918363 0.967404701348015 -6.77119728776964 4.24815752172577 -0.067048038996593 -4.44205611348732 13.1895618241739 3.92278613051718 -1.34970185115758 1.87849190000472 -1.88681545825223 11.0064369541387 2.62555325629532 -1.89900162884503 4.54149903110197 2.6389553852755 -8.99587787960686 -0.864901070730992 5.38758904029012 2.87375624851117 -1.92454382084524 -8.97490002224936 -0.489767417782363 inlier mahaDist=25.5570753099839 cluster2 intDim=28
-2.87657667818119 4.91190878622993 4.37020123684546 -5.29125869642388 17.039412767667 -2.08218545797311 1.51189210375865 -4.04481480557207 -1.17480116328444 -7.524913386888 0.518126296099579 -5.58370440238167 2.56559364336336 1.11013623130465 -2.96757845625949 13.2252909444761 4.64867663909496 0.67409580753861 2.26133589128201 -0.518855795516284 11.5380311746716 3.53321631011654 -1.88123035684142 5.46445793653911 2.24264938820705 -8.97729991695951 -0.450624587990409 3.41807356236672 4.07842203277901 -1.58229697508147 -9.54343717874576 1.08617152771933 inlier mahaDist=35.434071376545 cluster2 intDim=28
-3.39927683014751 5.71872750258203 1.73444102170424 -5.35071757333815 18.4372858495462 -1.23990429186371 2.2694848520768 -3.81030961307756 1.38752988529817 -4.22478142850821 0.72584779532591 -6.31526532737663 3.3229895582127 0.0705554256197644 -4.20297825279871 14.8701711123879 4.41916239720399 0.972347417680372 1.98883793964137 -1.36471582385895 9.92711512826449 2.9223301466047 -2.10461731987178 5.83169814194605 5.14015394525587 -6.62730212163227 0.513770166996652 5.20843554792502 3.08486716660749 -2.17181865333979 -10.0320560891196 -0.733015957056057 inlier mahaDist=26.6871685179031 cluster2 intDim=28
-1.71077757000482 9.15497263034624 4.78100353651098 -5.47573399413534 16.4408233365671 -2.49280963214713 1.63341410216115 -2.30641220559996 0.559555997164719 -4.77342496919644 2.71362614045421 -7.07311244526314 4.49183286757055 -0.612789126624209 -3.0518337126243 14.5510520176369 4.57858505717893 0.828176456813589 2.7564382166014 -0.937639401048999 11.2355538570499 3.42992427817991 -2.29386748958155 3.61553299548931 5.34907730986595 -8.16257285697545 -0.333047381829245 5.75224300718851 4.89336089612045 -0.853757449749082 -8.39636961558015 -0.491942719459357 inlier mahaDist=33.1843650457049 cluster2 intDim=28
-2.14629713172978 6.67847292401484 3.99448461068234 -6.71436114069749 16.7720452372784 -1.15358002245735 0.401540409843705 -3.81427520996986 0.893666768338313 -5.12056864779894 2.2918229275647 -6.56117602235248 3.62250329294983 0.873939887312408 -2.8677827258429 15.4601615406618 5.05842222648886 -0.0892536866909175 0.881111843877146 -2.43490520766525 10.9877319478309 4.67243752554652 -2.5071601270596 6.32136453923745 4.29408254300898 -8.28120302118429 0.195475348147352 4.74628419305944 3.68975879137246 -2.17567678994457 -10.0279849208144 -0.596566014058325 inlier mahaDist=14.9311116696124 cluster2 intDim=28
-2.16861677836775 4.91532628408021 2.39607294349983 -5.70677033083692 14.7895079312404 -1.67900269899087 2.04322533568167 -2.49561710723447 0.890499381543331 -5.42642823200411 2.14343476989191 -5.49099603050767 5.19822344654597 -0.967969335934417 -2.28829343170903 15.2431927397344 5.06350583437867 2.29967618370244 2.84315538917794 -3.72735637873356 12.6133958263982 3.90130858323165 -1.37599818466588 5.33375495009953 5.71766759914788 -7.40856030876463 0.30375715161974 4.78948486455599 3.34851020135057 -1.65702491157997 -7.79450565447767 -0.588797480394763 inlier mahaDist=37.3295888350917 cluster2 intDim=28
-3.34917209117398 5.8128121226245 4.93060037685378 -6.892125164799 17.1933086066264 -0.642326084443591 0.768856230449352 -4.07467414155901 0.968818815769573 -4.57664075162288 -0.0534085468725813 -4.98311600994983 4.77137490078345 -2.1240625222073 -3.72968692631376 15.2646671684167 4.22722690448709 -0.257592187497538 0.974026376889439 -2.60662098122766 10.899145414447 1.56462222873054 -2.09387720042878 4.9640905933377 4.01216407473945 -7.78419234446649 1.62575354372725 4.72577701266336 3.23386099879784 -1.2083681544913 -9.56762293535822 -0.504039702168365 inlier mahaDist=23.7964094500264 cluster2 intDim=28
-2.93799130753255 6.89935349643244 2.80012825949145 -5.79859582272031 15.8052962788588 -2.01425329074062 1.2388427117477 -3.73836570549509 1.10511024968602 -5.22809829371538 1.78291576230473 -6.09902170483727 5.04365070642181 1.17491523011488 -2.06330552302381 15.7412035332482 3.73095710267801 0.426810262594537 1.05260359271617 -0.356331885157419 10.4870165993358 2.75881002727882 -3.08809315353218 7.3939317591037 3.06902495449185 -7.0077247904679 -0.341073829360056 4.5528976905009 5.32998629764228 -0.283932315888868 -9.97691434233447 -0.583661014298827 inlier mahaDist=27.8214293098836 cluster2 intDim=28
-1.73577713930132 5.49887003758052 3.59316760578174 -5.91274132327343 16.2250142196471 -0.687965583376495 2.25727505539617 -3.23509157553737 0.720975244953854 -5.12416731479941 0.371565092780382 -4.97260344354001 4.85299346436914 -1.05826781444262 -4.39647353529363 16.2436673373137 4.36913394736413 0.350021751772966 2.39861980423395 -3.08215197003416 9.93035774026555 2.71425395647922 -2.40223667354587 6.13060874591966 2.21168383511429 -6.10905515451564 0.654396146277929 2.58549862521314 3.73295730720455 -3.35885538840347 -8.59863557584917 1.23526834341775 inlier mahaDist=28.6077610522331 cluster2 intDim=28
-2.14209164444471 8.02174826690344 4.01809270273261 -8.19301761044415 16.6702965082543 -1.26050301168111 1.59894588040975 -2.63312478160799 0.975020969480909 -6.13796000203591 0.84874730125915 -7.0846620051565 3.74638448569541 -0.107274250805502 -2.84129555109302 15.1295198823945 5.14357877385662 -0.874038278921072 2.31096138193779 -2.2394669370399 11.7620122581169 3.11151162916364 -2.73963715730206 5.66893974693554 3.47222507243396 -6.81231250600335 1.65291937738324 3.17052464396957 5.72379010189558 -2.73363116085131 -9.93995357660911 0.681826538207268 inlier mahaDist=28.1907685055371 cluster2 intDim=28
-0.38207595760763 5.85627281495167 4.63011492176297 -6.25042378359912 16.0237257663723 -1.09008842178512 2.47230196915954 -1.07568311748736 1.80821578794573 -6.20491442402457 0.563470004588334 -6.28426307610915 4.39991139269577 -0.102115682508155 -3.52556856368563 13.9297592174786 3.41467177523256 0.922646405036842 2.39878044177414 -2.00092448604586 10.1380085351542 2.5043037162177 -3.65917501240596 4.21595364612364 4.39133208443059 -7.70716917004135 0.640119608855523 5.25613231973372 2.14812958959864 -1.77707971694343 -9.39971711060709 0.55013947189317 inlier mahaDist=21.8340497769827 cluster2 intDim=28
-0.943135883988763 6.83002016437398 3.03680912941061 -6.28336655787264 15.6237738746511 -1.21524828894004 2.22684237610157 -4.50527025873759 1.34352949816321 -5.31596880427738 0.790985762622372 -6.21513686220441 4.59554491691799 0.0570268919311833 -3.59783943621136 14.9685764866216 2.3905190728375 0.117250867537355 0.970795731075477 -3.30569661144175 9.81774715852072 3.603139665972 -2.4262181498319 4.97021478313738 3.66293416043227 -8.90052183245883 -0.155747966516224 2.12562289583955 2.10716557093812 -1.58682872387019 -10.8484696984922 -0.758034730226786 inlier mahaDist=23.6221645426067 cluster2 intDim=28
-1.44035316043735 3.87959937395977 3.51248248892571 -6.81792582761608 14.6721604670786 -2.06430179959573 2.59261793472231 -2.61495109796529 1.01211684119699 -3.94891858299569 0.867695012346945 -5.43929725496202 4.73059463053739 0.222620519769306 -2.88673464220204 14.7308541473618 5.98572033361772 -0.163282360216407 1.77480936467615 -1.73247401095511 12.509599866729 3.96168802235447 -1.7421457729229 4.69960338703485 3.6715853036412 -5.84764176409367 1.62307497846093 4.70972684689432 3.43603984789548 -1.88146488067094 -8.96552953455692 0.370665180892603 inlier mahaDist=29.4254459085988 cluster2 intDim=28
-3.73358771617509 6.77088129676335 4.96323085961089 -3.68410586977549 17.4127845254955 -2.31923806950706 1.6396597851778 -2.9916386925664 0.571497124753317 -4.71551552569046 1.04384932338477 -5.76965758209782 4.59454154260058 0.769620234889908 -3.08035865467881 13.9813430586012 3.96930520954308 0.359205561697802 2.09434759878841 -1.30776071461634 10.5147301160125 4.13938354971421 -2.01707026390915 4.74004099037227 3.28964346188847 -8.16280539175687 -2.58328494436955 4.81831496602824 4.07677774430362 -0.969102217862137 -8.13201460780633 0.669498608163245 inlier mahaDist=30.4771869794221 cluster2 intDim=28
-0.881916063664406 6.63673440087982 4.95145637569177 -5.86626878505761 16.8386178683056 -1.44455123442523 0.0973976797018358 -3.42173471324567 -0.605000218110374 -4.92848933785133 3.6944657862341 -6.14479299812919 3.58509101855329 -0.448972899129849 -3.58389685517834 13.0780861164427 6.47169195036708 -0.456190343834768 1.96343508155969 -1.11669372843124 10.5694727160027 3.44213552857251 -1.82888277848221 4.73511519179267 2.85685218025593 -7.99340328343271 0.362682782370824 3.62816628149844 4.69061142241764 -3.55415550793246 -10.5905132252624 -1.08740897926958 inlier mahaDist=33.5227686810217 cluster2 intDim=28
-2.08152041071553 7.06074432492019 3.20867445470314 -4.72548304837932 14.6373154863012 -2.47704984345663 1.14730877935113 -3.35697247910575 0.783725259365338 -4.915387158201 0.996324457137128 -5.87527482520854 4.58905794439201 -0.113918022893006 -4.25150261504654 14.2916732106911 3.62716347033142 -0.285053875787609 3.60967354673592 -2.72980640837729 12.1896046892148 3.61557104556723 -3.77254199299582 5.59175510940524 2.84583525623624 -7.77540151268177 0.49593907526206 3.57861217304303 3.40354002737494 -1.81966666796025 -9.88360088867138 -0.0211875772247856 inlier mahaDist=17.4473991091891 cluster2 intDim=28
-0.13209021917329 7.39811430779849 5.4080508347395 -6.75599726689814 16.4438866311479 -1.56082042825313 2.01601824167059 -4.76610741913463 0.632171327287755 -5.87990832394468 2.91737967425097 -5.7965737649587 4.27599187976349 -0.216095480258738 -3.07883907188902 15.44208240696 5.09770938223331 -0.530652184824326 2.1286220984745 -2.93600695541566 11.2671650957976 3.70888561964328 -0.716374364772293 5.45457160936524 2.67547786462214 -8.22456870164827 -0.0800567008059195 3.99151431631284 4.25930316266167 -1.14098932997851 -9.09776992600214 0.299426958517194 inlier mahaDist=26.9055738525855 cluster2 intDim=28
-0.790077601192965 5.67528454619341 5.2070974068871 -6.16565499533211 15.4997220628737 -2.12777127654038 1.35956976271266 -1.37447575194288 -0.160096326123375 -2.78695256387108 0.54779672192479 -5.27690153024716 2.59945877453719 -0.524407810091767 -5.35872535641022 15.6011563345924 5.48618164937124 -0.220462983807162 0.89976996290084 -1.55134532875283 11.147500533695 2.0791905618287 -1.02617406208768 6.44963723086201 5.39552360253657 -8.20814194793787 1.9315815984261 4.41839313908789 3.4257727578826 -1.29700866843567 -8.64910949114115 1.07840805371419 inlier mahaDist=33.2268174596915 cluster2 intDim=28
-3.30553882004239 7.565451515224 3.73988565286528 -5.60990821260694 15.9429739126177 -1.06924624012625 1.30715159097275 -3.23638194495291 0.356451248731547 -4.23418984683604 0.286941798452651 -6.46518249089258 3.1359726265616 0.308397673978694 -5.29458945455092 14.3889815092827 3.95695470119383 -1.02199371540078 4.18928005571733 -2.20010102724405 12.3610581167137 1.34508476848329 -3.01112282191833 6.74265378433229 3.07925551421633 -8.35404864446477 0.0468586759174164 4.65987681486403 2.23524522130462 -0.820284249917262 -9.90052836917371 -1.58551509200936 inlier mahaDist=29.7680580726455 cluster2 intDim=28
-2.72906375190201 6.27297332499328 4.15598067113807 -7.75206091397751 15.2631644970321 -0.715227513871169 2.56280524842611 -3.41380372023519 -0.335957741504636 -6.67747909759421 2.40875104109097 -4.90316960843346 4.4576117804929 -0.210313999235522 -4.37200485185911 14.4457372466522 2.46469286259818 1.10384038590461 1.87264392423683 -1.90128302013939 11.2204295747686 1.90378178838067 -2.74436390167013 5.58330681453385 4.34103904167506 -8.11485181099253 2.07148167551665 2.94115406700185 3.63179282883246 -2.11403237538719 -10.5533772655623 -1.3952583477779 inlier mahaDist=27.8034176794735 cluster2 intDim=28
-1.93802267783587 5.05947361394113 4.39022084976643 -5.3461566657695 15.9960056581228 -1.28943724283041 2.32287025318276 -2.6649492807094 -2.0240032795318 -4.82281321621146 1.44933856097163 -4.65441173120788 4.26869731159428 1.11177086531575 -2.69538163725318 13.8020856288751 4.72501696191247 0.268423654974363 0.30892170477072 -2.22158877793962 10.3183490722807 3.634694445084 -1.01384543858386 5.33530985792152 4.28550795367166 -5.5454676952217 -0.096583959343152 2.81945765719375 4.00253135576655 -1.22073792359655 -10.960181738064 1.04515518957368 inlier mahaDist=27.1023279039079 cluster2 intDim=28
-3.22817951062411 6.69198663200039 5.42196547997845 -6.68761860797417 16.9534173075588 -1.67442165448123 -0.329370152788877 -1.41096009851727 -0.093178813163618 -3.1753443050747 0.847535636590725 -6.86953328179351 3.72913127889108 -0.597976463996785 -4.29254593430937 15.4756431557577 4.74538008936591 -1.41020578181821 1.0245303552164 -3.42008656159723 11.7157433621442 2.28639075950022 -1.22996349627837 8.25128729316521 3.22146884152375 -6.81455132896841 -0.856960447807508 3.62227253628888 3.92007429353182 -2.71051992071818 -11.1463207642978 -0.488366069999479 inlier mahaDist=35.8007035026282 cluster2 intDim=28
-2.04945764247727 5.86962763473917 6.07539517644245 -7.11953310992153 16.6417615291061 -2.70280430341256 2.19350162145149 -3.17857931080169 -0.127709077391546 -5.11384273500914 1.47456481521242 -4.64868496936142 4.26833270324904 0.916408519792797 -4.89078607508605 15.7211443810581 4.50096044485848 -0.0876838248309031 0.435821377892295 -1.12013815007331 10.7913221339788 2.68526087457876 -2.39182390501942 4.24771051175068 5.26319347355143 -7.05011330604532 1.32463503751756 4.3640805994475 4.5568002686354 -1.6537101071272 -10.4468816004654 -1.16109514279601 inlier mahaDist=23.6863504543858 cluster2 intDim=28
-1.97154211366525 6.8222435476794 1.88795489906911 -6.0809859417107 14.2126768743916 -0.56748828497004 2.25002776270383 -3.4399771911416 0.781258635643221 -4.02802949596347 0.234657395191187 -4.09942240631253 2.819187249309 0.178763146921954 -5.56810519213101 14.1083532761835 3.61690264034096 -0.210712697128481 1.87459299800743 -1.97618417993393 10.7871442417438 1.96659812997271 -0.0294364979096957 4.60527885149119 3.72859227390239 -8.13998206596946 0.869233407806739 5.62613893271698 3.20633235622725 -1.28733187790798 -9.40991626717392 -0.93175000797523 inlier mahaDist=31.745294383898 cluster2 intDim=28
-2.13042571275032 6.69893011191599 4.52497412360994 -6.47114439394668 16.9494358250194 -2.28921619327089 1.19492362222316 -4.53882215051009 1.86378071312633 -5.39409285721808 -0.5755777153208 -5.37700529975161 3.27160686461607 1.30414411267171 -5.07434264260094 15.3158920843371 5.70354750911172 -0.697364072495518 1.91969076142477 -2.66200414891472 11.0807685657798 3.7433475768769 -2.0876968865368 4.69346325429301 4.00760582021888 -8.63613410014446 -0.7604860273303 2.82793525773013 2.58047603254053 -1.03031805264543 -10.8901482038065 0.305725734484708 inlier mahaDist=24.8733358596858 cluster2 intDim=28
-2.4655981962404 6.36162290819763 3.6900470980873 -6.0558385701322 17.289387239665 -3.1952604359201 1.00621691978993 -4.09224398241318 0.866315163935394 -4.27491872071989 2.19413962035821 -6.4769719803422 4.36689700845166 1.17567491985315 -4.82540994521672 13.8429286915496 5.46704180657296 -0.504100169255398 1.56922098424543 -0.577164461789197 10.0106470967895 3.81613236239545 -2.37542270073192 7.27898874742531 4.89211673204839 -6.88343902313447 1.76638508336416 4.00244008753501 4.32322285397778 -3.00934332334704 -11.3996856410704 -0.251952545214546 inlier mahaDist=30.722427026159 cluster2 intDim=28
-1.03328474465506 6.83908749025247 4.43069306661318 -6.24036311465622 13.6051838056259 -1.94265765383119 0.649075194126599 -2.35547216316617 -1.83772689193491 -5.30333878525809 0.549286485552323 -4.793804243311 4.41560183266072 0.587139851616542 -2.9690383777811 14.8217547392816 5.13689819273303 -0.305129491281398 0.617615130167345 -1.8497673118035 10.8812172536491 0.690801984744444 -2.47716071134855 5.39814680956416 3.66373536726236 -7.11581058431963 0.49950259706438 4.16068191895397 5.47861974812694 -2.58697680919005 -10.3865102244983 -0.128778293948019 inlier mahaDist=29.0009969818043 cluster2 intDim=28
-2.4511983809709 8.96911072441011 2.79713313149903 -6.06034578389743 16.2440126755035 -1.54948865338308 0.0741614804707819 -3.50507625360537 0.579374962076787 -4.4746768812049 1.5159180820189 -6.59024546312808 4.18632296966664 -1.71228667806617 -3.87130775608434 14.9722821616877 4.27072591659375 0.333044873071069 1.83964170229884 -3.44232682905836 10.1541294111045 3.78920679318468 -1.41464231812639 5.91794404295925 5.76817137197721 -7.02072719587086 1.30463343538539 5.28495297401701 4.17037261079828 -3.79886649813464 -10.8016247645171 -0.0693730342156865 inlier mahaDist=31.2873786095704 cluster2 intDim=28
-4.61792186379793 7.16057610258969 3.17054055566493 -5.50772620884849 15.0436229485704 -0.347555993466158 1.21007892206884 -4.27703789903509 1.25813351107694 -4.47407076800967 -0.860937119096198 -5.92019387971187 5.11595482063178 0.00257194377034276 -2.80511193584839 14.0133803426276 4.10373779315705 1.04499752761361 -0.115062812572328 -2.36208089407435 10.1918049226747 3.31206044547494 -1.93509267958931 5.29296510320302 2.88847093602758 -6.8997006921736 -1.03543687932879 3.74798709147284 2.64068108245264 -2.34636890406211 -10.3225981682776 0.480898399190861 inlier mahaDist=29.4680313412581 cluster2 intDim=28
-0.865934589706762 6.65465406825435 6.2934111616455 -6.16938172071757 16.3719122099867 -1.74464264640425 2.15671242280827 -2.63387439267294 2.44985260667474 -6.49613791623224 0.026112638716945 -6.79212309541363 3.44000784040775 0.211570485023784 -2.89817029151922 14.5461858275871 5.0574332578175 -0.135627654090249 0.511857994816265 -1.68223582816693 9.80922035677015 1.85188879733593 -2.40987827371598 4.73915304865504 3.63326598830542 -8.71667723460817 -0.231062173181899 1.922482804743 5.04183423362438 -2.94581114369506 -8.46609395937008 -0.109094340175246 inlier mahaDist=35.9073151538274 cluster2 intDim=28
-2.48951294110643 6.10826825013863 4.55166786991386 -6.77655141185869 17.0796715116358 -1.35999637247148 1.82552018797084 -3.86581503829708 -0.157388694537749 -4.41352172954954 1.94904576345655 -5.74387346640035 3.38062071387868 -0.585091553158115 -4.73661980348638 14.9050427311738 4.01193514498508 0.22140100132518 2.04206079742179 -2.73750526799688 12.5105113725973 2.02337886546748 -2.55469800493481 4.24542988036254 4.58616667795564 -8.9573495981699 0.308986239568335 4.48534680785045 2.84193146611613 -1.56582820318638 -8.98590387575566 0.323528679639761 inlier mahaDist=16.779720663083 cluster2 intDim=28
-1.98597070824743 4.94010696087394 2.6737685039722 -6.6292617477397 15.3358732382757 -1.33751676547179 0.519729238717416 -2.32347389637456 0.393435589133273 -4.62638477026883 1.49840634498364 -5.74348869790924 3.30346876084186 -0.663569502504219 -4.68604226917033 14.4502088469922 5.9028500497977 1.93777674983018 1.22469200696378 -1.01941925763075 10.7651788740551 3.27218992374488 -0.91244448554532 5.22421234154534 4.54916282273115 -6.96614469346345 0.37166332155885 4.02361388783457 2.95360919153225 -2.78367790585163 -10.2225501634387 0.466025146569852 inlier mahaDist=21.8024630974554 cluster2 intDim=28
-2.40243004874496 8.15683485976844 5.211190350846 -5.15184460982453 15.8398328997263 -1.30501430426344 1.83542749938984 -2.5216568509087 -0.760481706908478 -5.56483422745383 1.38560940281986 -5.11152753266745 3.88313579184852 -0.191029927162494 -2.41010521146532 13.4873872240423 5.20243615028319 1.67867367502574 0.360677582767139 -2.7726587900317 11.5210888243626 3.38558764049918 -0.580034965584692 4.49720392125107 3.41417450661338 -8.38657776164208 -1.03086605721568 4.35742436526552 4.25140017372747 -1.62161855985248 -10.6443805735046 -0.411775073366037 inlier mahaDist=24.1488003955101 cluster2 intDim=28
-2.71763694453804 7.15296929437986 4.63525226410082 -4.52459406031392 15.8318062457958 -1.45688201353313 1.50638287707592 -2.08416617483898 1.55409129904225 -3.35917953858674 0.603572423191447 -4.92258375905641 4.90640209078133 -0.926240667006362 -2.91230648016633 14.4318555484722 4.42525158664948 -1.28313008425831 2.50117059019021 -3.36384392179849 10.9876184319688 3.13170401848394 -1.58880982842791 6.55932363229486 3.29034134238387 -7.56791728669646 -0.00214048823196744 3.60947966933131 4.36335357378792 -1.5528032118051 -8.85599522570037 0.164966218811168 inlier mahaDist=20.9482900860694 cluster2 intDim=28
-2.58730762607377 6.91979654667368 4.2441879770681 -6.27321047900965 15.4329985372 -1.77878367714698 0.666309442111656 -3.5608533109275 1.63949913547695 -5.81774230162617 1.13593796583057 -5.71258694178316 3.85135955955937 0.62669508023758 -3.26599794168257 14.9867944277273 4.2249667584296 0.201747076568074 1.38531102587733 -2.32392073846984 10.74667177401 2.88789293161086 -2.63559150437796 4.6287924791672 6.19879510676323 -7.63312165362225 -0.550879063814104 3.64800077089904 3.81522104097271 -1.24201077100119 -10.4195588247733 -0.235773870560344 inlier mahaDist=11.9362696482197 cluster2 intDim=28
-1.63743617147657 6.8110249319099 5.21672340422074 -6.84945016312727 16.9340385263974 -2.01357613468809 1.11222122915323 -4.30585405549005 -1.09129519708746 -5.2886374550467 2.37747763254338 -6.22417033577065 4.20405162966484 0.209580912313275 -5.07496678933385 15.4808318665867 4.4168061789626 0.311665999821279 2.06683161835351 -1.36901438067004 9.69729367322107 3.50731528613582 -0.994406714876245 4.94725661669583 6.14839705140214 -8.31745215592241 0.00462614265683781 4.203633097818 2.96569328745294 -1.30619311775201 -8.83995683174252 0.380582119113878 inlier mahaDist=25.5476544200365 cluster2 intDim=28
-0.870159237153528 7.40925633890527 2.59412729529285 -6.37417232574614 13.051803499271 -0.861146714306741 -0.52066353416689 -1.51938082219066 2.64486138275177 -3.56956574887097 2.46676006130396 -6.39211331417578 5.0248688959752 0.603319780864624 -4.60914520780124 14.2078249067448 5.12480138700385 0.517386635805699 0.955030919191284 -3.04875905281164 11.0429593005444 2.0077785779863 -2.54795975241427 5.43850950884514 3.85305881178017 -8.05283847485266 -1.92198143380678 3.84561886582735 3.19393687249921 -1.51672977065718 -9.73719615200142 -0.609348940089023 inlier mahaDist=37.6489291908246 cluster2 intDim=28
-2.66549830001348 7.51078361307674 4.62426138596213 -6.03118363795463 16.54498801172 0.168688022816358 1.84932233343966 -1.74233700121053 -2.61495343712373 -4.52460504162756 1.01022243383481 -5.94300411257216 2.40137818111958 0.229398089616378 -4.07917388680024 14.3640367944572 3.85854169115687 0.0250420834173408 0.759898774410962 -2.357231031084 11.4776355482453 2.28766608521281 -3.16482594378736 4.34532561287433 3.72763045619745 -6.38807395675407 1.4398128779975 5.86685691598405 4.41175718282809 -3.17156871977277 -9.7037810531703 0.121924450534281 inlier mahaDist=31.7102144456972 cluster2 intDim=28
-1.30402568297438 7.02391921344716 3.73263898988294 -5.94734837478783 15.6072422760819 -0.783113064413383 2.23122185145951 -2.03689642748206 0.470048150348243 -2.56656637371084 0.120106300330305 -6.941877799435 3.18454106181627 0.335834496825406 -5.29260330362974 15.3571374259689 4.58020108107614 -1.1030770270927 2.36903940511701 -1.97235963857754 10.4981966100643 1.06370096882805 -2.24211982841813 6.30737912405416 2.52399470301121 -7.70879841114325 -0.839451111895843 3.47988098196927 2.72743133632644 -2.88954825978356 -8.50641452983301 0.132049819676267 inlier mahaDist=29.6425090064721 cluster2 intDim=28
-1.43464367873141 5.55278227888175 5.27617367126623 -6.36216424461703 15.0879268898021 -2.34005949279129 2.66669782618968 -2.72985886197541 0.974524798104286 -5.94780469070301 3.2189200295306 -4.41174262100153 4.45447054968653 0.236411327916612 -3.21257341141301 14.4018094746584 5.29618509424585 0.588547123826694 2.96525906294086 -2.26934915762007 12.0117795238666 3.28747831478898 -1.28666309421697 5.2324740778871 3.75030767543341 -6.68386120265759 -0.198479536646124 4.3812840739175 3.91732253904241 -3.20656513925735 -10.9465029707703 -1.30014025692148 inlier mahaDist=25.7515751508283 cluster2 intDim=28
-3.11772933167508 5.87204397897005 2.46538111163068 -4.62888727385172 18.3602942236882 -0.638251383136843 2.31328476601518 -2.15896853929769 0.651620249148482 -4.32951517251154 0.860073796442638 -5.25666746585017 2.92824989264493 1.14155371196405 -4.29686015281307 14.0914120984725 5.42838024470695 0.975880064748993 1.92394022450578 -2.721180120073 11.1976813602416 2.2029849076396 -2.15148080127952 6.86663869497825 2.52320922826074 -7.33425477144923 -1.2503095763572 4.49447478677198 3.49134294258594 -1.82990409875534 -10.3307362093409 -0.134760636619355 inlier mahaDist=27.2323957594455 cluster2 intDim=28
-1.26433848559281 6.99802565495965 4.67552465457204 -6.51634188217196 16.0631806279812 -2.60742100241434 1.78830844736092 -0.650601207618906 1.47870345738248 -5.53057884529332 1.71923250275649 -6.75884037614246 3.85341299091723 0.0326618860491293 -3.73296595258057 14.3123846412233 2.57314979119941 0.847280294472262 0.798272318406385 -0.707476180002167 10.5668061666711 2.33510637861073 -3.43984852739613 5.28357959422371 3.72137067865032 -7.9103112295691 0.175698004680607 4.49253817220186 4.61266649822932 -2.64890509077792 -11.0538564302459 -0.446025265679859 inlier mahaDist=21.0935159886766 cluster2 intDim=28
-3.95591063916859 5.35055308030609 4.8635212756747 -6.15039831747509 16.6075174756184 -1.9223645968005 0.218802891936391 -2.58672179756558 0.126669131601338 -5.83007830999371 -0.200386243990743 -7.25409087436899 3.79815239203316 0.149810604295869 -4.30890652063657 13.9630152969883 4.72751065575943 1.01536978070315 1.59780968839262 -2.19253437073261 12.287526362367 4.66142703293231 -1.89247205651964 5.26779347637929 3.97371842474544 -6.76279767266129 -0.506861802873734 4.92387577630048 2.42030344073693 -1.49228105770743 -9.29291771964274 1.70155584827371 inlier mahaDist=25.0133042285348 cluster2 intDim=28
-3.39713577932406 6.4028635569589 5.41026829782091 -5.35337752073921 13.589259693201 -2.0974198911307 1.36559096052705 -4.03844509683167 -0.942463489471773 -4.29985512629513 0.938803019524455 -6.39976391237078 4.87801560394447 -0.298231352384411 -3.02140969386125 15.8451022198884 3.01306126876364 -0.318874867712702 2.19927512629164 -2.8333580571459 12.6961742881045 2.87290246971631 -2.76905449184965 5.85152628250834 4.34399199938855 -7.30100861132112 -0.255477570905876 3.99792870160342 2.77309959255857 -1.60140983798972 -8.61517605833285 -1.12241502604633 inlier mahaDist=27.0029502860332 cluster2 intDim=28
-1.79316000761498 7.02574384966259 5.02580016394873 -6.05954238874523 17.4622727213821 -1.32076739171779 3.10229584081079 -3.16732644518846 2.08990883765331 -4.73041186444148 0.515431651590501 -6.3956109401122 3.93088580262778 0.608218467077189 -2.97883292609168 14.4252112603102 4.28789627267377 -0.150022906769969 0.339660880047048 -4.18213023679004 10.3986744841662 3.18465540303089 -1.17484576560272 6.81989684231259 4.64116572376675 -7.69433374352069 -0.116017224130641 3.70963845963641 2.91012288848736 -2.28719935312687 -10.5837918309628 0.54492442958391 inlier mahaDist=21.1935434532611 cluster2 intDim=28
-1.44354348473036 6.90202084274199 4.78485705014006 -5.49741953965194 15.8759851131872 -1.85887258969252 0.980653780108587 -2.9503724076892 0.249313475979461 -3.95259493544487 -0.725759560459101 -7.07275356754279 2.96037547987823 -0.573862506430502 -5.02403100547442 15.45874566954 2.92547945173647 -1.43921754805253 1.41686337490397 -3.58009758097315 10.2196625700375 4.44816978204811 -2.64909729169812 6.14962644825678 3.92142967927052 -7.02176537635212 1.05930258132688 2.59790797549931 2.12875247027793 -3.58825980773504 -11.0890193620428 0.465406870412449 inlier mahaDist=30.6298608385342 cluster2 intDim=28
-3.42898212546689 4.30866356317407 2.35315809211893 -5.9051112386347 16.6408561192381 -1.67630050948743 1.50785783572954 -2.11779338284318 1.44570414135056 -4.77366417497362 0.488009861666767 -4.63070625389894 3.73588184204509 1.68239521399605 -2.59729997549558 12.6479749004567 5.23764775601835 1.27928429454161 -0.264841697282875 -2.4636105560752 11.8267667527823 4.44705057608612 -1.83484746298305 6.17932692410705 3.1589727951749 -9.1549692069361 -0.382419177113916 5.03993180391426 3.16763478537947 -2.61945202304945 -10.8939721446162 1.3396282293971 inlier mahaDist=38.0533495652259 cluster2 intDim=28
-2.31103040832778 6.86871392284887 2.72539906710464 -5.90725650980152 14.8540642939638 -0.596581854583144 0.559820857423928 0.215798095799835 0.642895676020957 -4.2494814877072 2.53251013514631 -5.66866014389455 4.56504531328858 -0.0267631736878319 -3.36659555628462 15.0168521711587 3.89439622282496 1.65994599692215 1.76518521747846 -2.99953941947322 12.4633407144969 2.38948978165323 -3.81812582642672 5.53651979877683 4.11159137083781 -7.49071951130681 -0.758696169032614 5.89689475833829 4.05617150037846 -0.924592363069509 -8.99657003405045 -0.074636078040598 inlier mahaDist=30.6413405709962 cluster2 intDim=28
-0.824230598876536 8.49959917426253 2.9555457418419 -5.71060782590013 15.6456735974782 -1.4731293825743 1.63940940601188 -3.11245864150452 1.13128474576 -4.60263229177004 -0.0369642844022571 -7.83090101553989 2.88952969137056 1.51776563971707 -3.59490857637026 15.0721223514328 4.3277091433873 -0.762373473851284 2.16050464345123 -3.19774753355203 10.8533594927671 3.38559356105556 -3.29644856089102 4.85621351760704 6.04056372629241 -8.78242675184872 -0.0161111919827431 4.2236489195735 2.72110060915369 -1.14114657445075 -9.26292247335767 -0.565014024563645 inlier mahaDist=27.0643194113753 cluster2 intDim=28
-2.24586954227576 7.0722265260999 3.59767296605289 -5.0998622164856 16.0545345022069 -1.4438160952843 1.35225357061579 -4.555716134761 1.11031780005553 -5.85711267057864 1.62547466833507 -6.00196322652774 4.91154012302691 -0.660690325217868 -3.98470638610037 13.7997554417801 2.35351432895446 -0.451485717794992 3.13584214309202 -2.47544242766879 11.1278640692268 3.07585399592769 -3.2989757538638 5.71074488615172 2.62221651487314 -7.73597661627022 0.684510588358878 2.6741741496394 3.80709991699233 0.0926796790626413 -9.24778435553904 1.19340123480865 inlier mahaDist=25.7682828657755 cluster2 intDim=28
-2.12848677671585 7.97208389276421 5.51428086930265 -6.86264610588975 16.459950174284 -2.4540087269587 2.24665495760408 -3.18307624640822 0.393545023527706 -4.80290958313998 0.16296170227451 -6.92429660060466 4.06088965688698 0.00436742193216422 -4.30390661623994 14.6241776377234 4.00320061513508 0.295863940633915 0.256443864103012 -0.214468041217692 9.17806588095514 3.16639675101952 -2.016137528653 4.19578049648045 4.77441670712628 -8.83471515216068 1.07630343946484 3.99101107385103 3.81081961028636 -3.8879116153841 -9.92722570837251 -0.982863983900255 inlier mahaDist=29.7167914730275 cluster2 intDim=28
-1.69218019484253 5.1663083984121 2.39249248947614 -5.91572967397954 17.0679178356251 -1.47663833087396 0.548248845836446 -4.3084299591225 -0.449649794534382 -4.35516477870222 1.45399075377945 -6.85909645639062 2.9767523803105 1.00625260593166 -4.36884726928568 14.9009869546523 3.65127198002459 -1.1236039000551 1.65539006781245 -1.86421963586327 10.7331048109043 3.01533701190786 -3.71050057227237 3.39357972160094 4.41806946216961 -8.44883047868546 -0.912739549636439 2.50143943969519 3.50293056435137 -1.56024572336295 -9.196189900542 -0.33315322410638 inlier mahaDist=27.9979956322738 cluster2 intDim=28
-2.90834566403217 7.70384946394368 5.41308249894411 -5.36862089514068 14.8980490478387 -1.74373856854163 0.4707258266069 -4.20422701002826 0.392030387147333 -5.42609580985648 1.70013058977888 -5.33521539108221 3.68227789284467 -0.645009854794248 -4.34448974696474 14.2671724041916 3.47004826577518 0.396313545571543 1.72058641877945 -2.6465375331647 10.8546078255573 1.85945375629204 -1.66415860298719 4.30159403451783 4.56940534749372 -6.63133728840381 -1.85943277584532 4.37017573840331 3.09584870565537 -2.82340380733335 -11.7847202026021 -0.108098798486141 inlier mahaDist=23.3095688070804 cluster2 intDim=28
0.296319181484844 6.73081484052702 5.30071234118017 -7.28892935453833 17.3543526517117 -0.720838806526813 0.164575472215605 -3.85847997286827 0.664254759629133 -5.92497586244222 1.83629802496092 -8.19219080505214 4.04277534224644 -0.466223046189101 -5.71287221238244 14.9996182494146 4.91664772441282 0.44307996309913 1.14613835532504 -2.29881581347257 9.73621552465767 3.46534256339756 -1.44898926094474 6.39973731730035 2.49717206743928 -8.26977536866748 0.372360458504673 3.8890427921104 1.45272540690652 -0.832576234551657 -10.2685025294873 -1.15971313393566 inlier mahaDist=38.7653476643171 cluster2 intDim=28
-2.61474949995456 7.85189747620286 2.83772312561792 -4.97269097549754 15.9471735428703 -2.14101432131658 0.383361536998703 -1.23621537629457 -0.997610633275845 -3.84667353873164 1.56514688895988 -5.54804153116812 4.76431176951446 -0.66247147550532 -5.17528674200379 15.276374911748 3.44179185340644 1.6030380475879 2.56791641037647 -2.04006851446682 10.8945871239608 3.31540602605187 -3.08737369736709 6.24701019578302 3.01443201914138 -9.34414896439267 -0.852833268770831 4.35760192059228 3.09047443385615 -2.19623638251324 -10.3611018531049 -0.956094531367847 inlier mahaDist=27.8421827133476 cluster2 intDim=28
-1.44482499036361 5.73811615391645 4.73757949182152 -6.7881259958238 15.2967524378683 -0.319294547126706 -0.234540529393654 -3.060882767096 -0.532168510863195 -5.98729302851588 1.40045932304828 -6.12222424960775 5.0531104810352 0.260095765583262 -4.4101994031986 16.9524812269908 2.72030397707677 0.713012562064596 1.80859368911918 -2.3692848019973 10.1667805200353 2.62145781876486 -4.77851466849693 5.86000538171376 3.80269449993522 -7.46938233098349 -0.466094719289634 4.47308738631603 1.42106714959394 -0.196299893006033 -9.50907253610885 0.092462051354174 inlier mahaDist=32.4097709275852 cluster2 intDim=28
-3.41592631304243 7.7586200401404 4.66086167048081 -6.35790086917117 16.0364109397086 -2.4448403930136 0.457971046272613 -2.55732405882191 0.570182663588632 -3.30582069368612 2.07878994550555 -6.38894649407366 4.44127101284591 0.108516346193443 -3.71587275302234 13.6471544450778 5.22963625437563 -1.3386877316222 2.89413697387549 -1.73659432096071 11.7252669359188 3.45867347540514 -3.68141749772396 4.46410354329239 6.05825484388753 -7.86946650086101 0.359269889545419 2.73330606629356 4.02022460571564 -2.83047263645993 -10.7819113708947 -0.151434625850594 inlier mahaDist=29.2394519372598 cluster2 intDim=28
-1.64537757862628 6.27515176947924 3.28286889874043 -5.75852056266774 17.8319244782873 -1.99791572787673 1.02292360147026 -2.36272241351384 2.67571566039731 -5.4932824924623 0.965474634008092 -5.49484396446435 4.43892777181588 1.12457656714367 -5.80417542599113 12.1909983495303 3.52930706701024 -0.712004034075561 2.30351968498703 -1.76255094449751 8.9290030991927 3.36891629743246 -2.81752600631641 5.28801045486763 3.66694203143448 -6.88203407061994 0.524735047497135 6.0134758322307 3.03667988265194 -2.60725103165398 -11.9154116178284 0.77415567904716 inlier mahaDist=36.1455777638458 cluster2 intDim=28
-2.14050814942621 6.78655634878655 3.35774366366027 -5.28158612952469 13.9674101314936 -1.96610535069454 1.87484109125109 -2.87557557830913 0.316358939482262 -3.78037552052759 0.909485308871708 -4.98263872718091 4.18876791252814 0.44837053220549 -4.3463018433218 14.0578141445361 3.46252164082629 0.871545270443961 0.91686860139811 -1.82675620702753 10.5012330240055 1.62232018498989 -2.0060442249275 5.02569304382098 6.73132637320987 -7.38710752180817 0.803771954963371 5.90214090747424 2.90214532870628 -1.42204779360499 -9.86359768751568 0.314634737767279 inlier mahaDist=23.0965437131978 cluster2 intDim=28
-2.56834611074293 6.45322660615002 3.54641742913128 -4.56535113804505 15.7218990761084 -1.55718372880936 1.52123332780091 -3.02755694176488 0.220190922738622 -3.46393424566881 0.869363757269114 -4.39505972525886 4.57521216521025 0.236346872164099 -4.55986050640933 13.3551870937782 4.32807933035273 -0.507724110099105 1.89260523249048 -2.25980843918593 11.1224774014764 2.66808082721265 -1.87007680788355 5.42127831024053 2.19845068204009 -7.0089269536009 -0.379524935136161 4.22450960585619 3.34996521661186 -0.949142943715408 -10.816304984268 0.10939224972028 inlier mahaDist=15.2177256143935 cluster2 intDim=28
-1.189809675455 4.75518778657238 4.62015153450312 -5.78428174703589 14.8928297263026 -0.267445505059999 1.87388612805862 -1.46423945224979 -0.440910153271797 -5.25866766923721 0.42933967698046 -6.11687400204408 2.48047300895244 0.398228334190634 -2.59148045548876 14.4211632116774 3.40827991906135 0.203334657544341 0.961164212963717 -2.99988452879007 11.6346031286956 2.82157573406783 -3.0826399204369 5.96175622005241 3.77726947365482 -6.1266386373247 0.717557951933439 5.30558028186441 2.13537434565163 -2.43912729035923 -10.3555013701138 1.29705433725581 inlier mahaDist=23.7349836645126 cluster2 intDim=28
-2.09892022406007 8.65889279101097 3.92753900901447 -6.21662938354835 16.2590600542929 -1.75194513623929 2.24934657171592 -1.802485106921 1.91578902706773 -3.59417168490081 0.99537705550225 -6.501434896604 3.70500078157757 -0.38971853139664 -3.96605673772721 14.4301570798811 3.49334181485273 -0.254145687962109 1.7231130952005 -2.31978724884577 11.1737900896255 4.95619573245393 -2.27611660224988 5.46448247377094 3.38430507292486 -8.5430762329362 0.750697145829296 3.46184937889956 3.23265387000398 -2.16675870421511 -11.1237653962003 -0.381133338620563 inlier mahaDist=19.8232637993477 cluster2 intDim=28
-2.08951496044794 5.05950721296572 3.87244922454419 -4.34826822858926 15.2676085369966 -2.32791121548358 1.58336183173019 -2.86677910960073 1.07458522828096 -3.8492518798189 0.606668345407369 -4.33752517669438 5.26123540175064 0.375043772697754 -1.82130289919723 13.4901861100078 2.97725789946107 -0.991702006600751 0.869468162925708 -2.98943208057049 11.1985720206471 2.78476530139644 -2.3302883715029 5.35259025497511 4.10690617700508 -8.97177562811644 -0.153299039018825 5.1212733204639 3.22578529335418 -0.285730335892026 -10.3602863914412 -1.75184649982608 inlier mahaDist=27.4384502532849 cluster2 intDim=28
-3.04752546160678 4.41141157464036 3.54839488538516 -5.51592496221217 16.8030056774206 -0.464916066159687 1.46601754948876 -2.70485771905964 0.263166963616822 -5.44392854883697 2.16416464890937 -5.84990208851353 3.27835747474689 0.307326285596951 -3.37500744849941 12.5465207799894 2.81122228945299 0.362602375432497 1.70835768043723 -2.3361663783826 11.0548751118214 3.23406915182137 -3.23968671875166 4.82572283354254 5.23781150021246 -6.74543125114205 0.524911020633661 4.06084247760842 2.66671103265742 -1.88168612799591 -10.4617868870631 0.789898120649148 inlier mahaDist=20.8675707931083 cluster2 intDim=28
-1.79469513588258 6.98875884311295 2.62460445651202 -4.24346392739656 16.5091270048189 -2.12097390029758 2.43858848819926 -4.95977487875514 1.32833453084408 -5.17352185066536 1.25498595320333 -6.40129590423224 4.68103496266709 0.114357806407219 -3.35852252295448 13.6806381526558 4.25189456285052 1.47544338843168 1.33065056012021 -2.02378169139445 9.71477543810414 0.833901386378532 -3.13824459754769 5.19410351988791 5.29613756645653 -7.70334283029253 0.171530057145836 4.79478090434594 3.92023574775447 -2.6398382456481 -9.23318955029207 0.246188479439276 inlier mahaDist=27.4067491752848 cluster2 intDim=28
-1.10306533649652 5.19348714910373 3.7189561353404 -6.60497138725148 16.049424142894 -1.33027181924024 0.903474931298814 -3.88922624918169 0.943691880234357 -6.22366946544086 0.442976043995656 -7.58582305593867 4.04749550895897 -0.383957506961805 -3.4535313095935 14.9753126860811 2.18794971579608 0.269137809592539 -0.333615242039059 -2.58562779873788 9.24023447284355 2.7258168059027 -1.62899129609641 5.76231517657225 4.26957351577353 -7.13994223435449 0.431880624528456 4.96596678059961 3.10796060227391 -2.93629749564886 -9.65065572546361 -0.458330832502674 inlier mahaDist=24.296322760221 cluster2 intDim=28
-2.47882495940813 6.48288279085932 2.3761870226238 -6.63817648340832 15.2998758888406 0.300133344276461 0.417528096099179 -1.33649007039815 -0.484530619524931 -4.37045825158693 -0.303054182350574 -5.2216264485558 4.68604363283628 -0.691940958733946 -4.76893179781486 14.9653463087915 2.21185697403343 0.286392051157959 0.10782640369493 -4.521384986504 10.2705053135906 3.33523668720222 -0.74479738203906 4.86564718484368 3.45805780762639 -8.35977942179699 -0.561380881740933 3.8848548677636 2.9768060698998 -0.923854662541683 -9.08909409254447 -0.410173855434417 inlier mahaDist=34.3313603216597 cluster2 intDim=28
-3.64865922667792 6.73437674972825 3.13390786635535 -6.48798951599333 16.7108179968978 -1.55986730484164 1.49112556971533 -1.84774376772248 1.66988310150466 -5.05957955217433 -0.270231749572307 -5.81475543383922 3.88420672829308 0.933800308670134 -3.16434092383775 14.0080343062178 4.92938248115089 -0.0656022356037831 2.11940496322572 -2.10636399339531 11.3332635914858 3.01634711655704 -1.64239433743594 3.74544535495591 5.48482287003704 -7.0002568066078 -1.2368682758946 5.41658261354968 4.16166701362518 -1.11746911302549 -9.46009995609424 0.623556526290324 inlier mahaDist=21.8977543124654 cluster2 intDim=28
-1.96296906114901 6.98821418815523 3.84307504349397 -5.50437807782449 16.0737082195709 -2.61416380048024 1.51421036617617 -1.5845904342911 2.30001282424932 -5.06483478155434 0.996253216902567 -6.41521839301101 5.39970649485885 -0.534623407343965 -4.00930757494586 14.8683478651278 2.99617955921048 0.326850452702067 2.10498838832479 -2.93000077358951 11.6012015758488 2.65057770924461 -2.86188691789413 6.80489213203045 2.33925086333331 -7.59817792135325 -0.396598714844418 4.16568936743219 4.99941863573147 -1.25593853496617 -8.20087437227815 2.0913392668686 inlier mahaDist=27.6016752283143 cluster2 intDim=28
-3.25089118334847 7.35968986780868 2.93086079534221 -6.97395194920363 17.5806816420844 -0.0356767275949302 -0.0565576752264135 -4.18299482989911 2.19231568890979 -6.42562192542688 2.00677800652194 -5.75325737790992 2.01504931733579 1.73440941878104 -3.77797043309684 13.582737421456 5.59666026168612 -0.486244643211001 1.39905068292813 -1.77462228857692 11.3047078024053 3.50594856746239 -2.53493604131367 5.25426257504127 3.80763358108606 -9.32318041861859 -0.0392271125420994 3.57297280172693 4.78444144528703 -0.664787713344181 -10.7155525428599 -1.29252564001294 inlier mahaDist=39.7017714778401 cluster2 intDim=28
-3.42057076460097 6.33266247083983 4.99331942255705 -5.5640646979586 16.4104516042343 -2.62879619698493 -0.658182605737943 -2.01396457913164 2.00473137189038 -6.02277888554299 -0.308062318280411 -6.10555396029464 3.385510313213 0.00168017499470985 -4.23912864397883 14.7947582739572 4.53562745568641 -1.00985447636317 3.97682143177472 -1.84524737445574 11.5170117744282 3.88226371604533 -2.42093857055604 5.93949719638844 4.01235531743954 -7.61626762290728 -0.534860698857393 6.5722948761339 3.62150616467183 -2.33473436564106 -9.40072117063345 -0.168949824419857 inlier mahaDist=31.1434064418986 cluster2 intDim=28
-3.02053288448578 5.63569487501608 4.78744023701889 -5.12579933781984 16.2848540425518 -2.20665393704937 0.38484161702241 -0.453596236573778 1.67212623668227 -4.8008564186421 0.759839858275252 -5.37602929841354 4.46382647841008 1.04115163896498 -3.29646429296717 14.863073839497 4.62909192843918 1.25721322115023 -0.151278095030243 -4.10096140756093 12.3120441763009 3.55795948685047 -1.86645943029746 7.78655842255643 2.91984339336106 -7.64279135255489 -2.33034439950492 5.08344952234795 3.47811191832157 -0.975997174325269 -11.1808824590752 -0.37212797221479 inlier mahaDist=37.5569516471552 cluster2 intDim=28
-2.92523944026243 8.11254651130904 4.12014095074399 -7.49418826896091 15.2498547612752 -1.58143223785695 2.14775377674203 -2.25093824135992 -1.31382955641216 -6.24852635319128 1.77813134703944 -6.4907067244496 5.07587131381085 1.12961562541001 -5.30438404290387 15.1553987852807 2.15506461460032 1.76655781092864 1.55863440431054 -1.80805259075419 10.685665249385 0.430647024484069 -1.96426099511827 7.25864485616725 4.28146255961753 -7.30981387824485 -1.27448875860084 3.66913770632745 3.62857741873627 -0.915005706111148 -10.4744182632591 0.211178471744639 inlier mahaDist=37.6120437665276 cluster2 intDim=28
-1.73437777502011 5.19808583083869 5.11419977845695 -5.82701212396211 16.3760294821062 -1.35543198137439 2.16177201691049 -3.21820623870021 2.03291062617694 -5.02113739071646 3.1357016076103 -4.85108230357919 3.07339657548026 -0.0357092431322207 -5.41953620033153 14.8420891088995 4.17041131948528 0.257812801839783 3.02401370090693 -2.52805784654286 12.1612174303234 2.59085239001208 -3.09387867699036 6.02381447986223 4.71201088049909 -4.98138741702597 1.00427998610704 3.86308990501684 2.72478286022446 -0.48234610976074 -11.0478461817914 1.39463802598947 inlier mahaDist=32.3212374688098 cluster2 intDim=28
-0.269018693245769 7.7803324455978 2.95546009716782 -6.11080070328955 15.8059034943936 -2.03266609290434 1.23088280227185 -3.15249759742823 0.871187859999691 -5.55991569741439 1.99378051796609 -6.26082872424356 4.58886941246088 1.66670667572881 -3.60392570583513 15.4887921782999 6.02779252377994 0.439756627878229 1.66811158468995 -2.43830819448135 9.9594682779203 2.79196735607591 -2.61460470517223 6.38494353243115 3.31210605977012 -6.22282109816308 -1.16608287944059 4.00888050496216 4.60255513370132 -2.74831441318155 -11.3280028809674 0.151014382711973 inlier mahaDist=25.4256064511043 cluster2 intDim=28
-3.02539775030455 6.25355982453714 4.6484785682731 -6.10894453961283 17.0893696788041 -0.314493538067989 1.44327166036379 -2.94241581743686 -0.0353890434460566 -6.78589553210034 1.45140550833197 -5.85948220336648 4.16893313611957 0.11720194423734 -3.61268917707549 14.747372640495 2.42388676029901 1.15666662673281 -0.0804284253185268 -4.35803686918225 11.0883956363735 1.46122068351406 -3.31257145157852 6.46271233706185 3.7424490921852 -6.96062379951071 0.142120214525465 4.45425761339117 4.20246771067955 -2.48151231763636 -10.4069651756711 -0.509786077705495 inlier mahaDist=25.4981158064752 cluster2 intDim=28
-3.01953465171273 7.88432113841701 3.34963275830294 -4.7980640303132 14.6766334819915 -1.43753761578749 1.41343283066801 -4.92608703797733 1.06897022627698 -4.51396592622699 1.97017572591427 -6.09732566953822 3.08940083363252 1.20183802287407 -2.30178043194626 14.3378939875408 4.076051268386 1.32020862693401 0.526565020172472 0.76621017530905 8.96564789485692 2.06454303437985 -3.27943425885911 7.02984379539888 4.81292521474247 -7.91906914642959 -0.330520287265498 4.87018902019516 2.91863396858953 -3.38645752589942 -12.3196075437552 -1.25090653197168 outlier mahaDist=47.8766570500672 cluster2 intDim=28
-1.96272726621178 6.28658495718263 4.62460805444774 -4.73944938527398 16.1818573996205 -2.25432362279371 0.243584270080594 -5.00230195138196 0.176165074867786 -6.53968341076126 0.163683771958392 -5.12092112383159 5.01360475759643 0.115853871925533 -4.37396187276955 14.895599288756 5.21561989132558 -0.280135311008042 2.38205970883018 -2.47860848856871 9.51524729973366 2.13259619089752 -2.31394367841444 5.08459228794853 4.28077812843446 -7.665197185742 -0.0327042612415455 3.60168799196341 4.31309536347124 -2.01593841050416 -8.98905209329439 -0.971913619346733 inlier mahaDist=23.3149538631506 cluster2 intDim=28
-3.2938427701852 6.99762614884341 4.82195411681046 -6.40534186385702 17.0132808335751 -1.82564159274452 1.5465915779414 -3.59282893466764 0.212848863290523 -6.70688988559559 0.542433859001137 -5.48457044630405 4.72435410098347 -0.308469988320561 -2.59743769880249 14.5682342081389 3.09834313265393 0.190684971628712 1.52625081765274 -3.68164886890309 11.127302514204 2.73223710866492 -1.23747922574394 6.09532939911485 4.34991449033184 -8.44475872264133 -0.333888615207031 4.63467254663407 4.33379604463217 -1.90195215349766 -9.68843952992494 0.697436260805833 inlier mahaDist=17.9735283780302 cluster2 intDim=28
-2.68324550867068 6.13434899322742 4.16850919015587 -5.63172150853003 14.8357306421059 -1.11030232247267 0.815710018338473 -3.21949954810306 0.335944582847573 -4.09001122213464 1.27293085445591 -5.86020673279868 5.41920044235814 0.229051461928402 -1.69990555910741 14.3411374697783 4.4937625101029 0.357390538028244 0.318032083615979 -2.79232601291954 11.1475993623717 4.20528014413411 -0.83253035895272 5.4385936280767 3.743551832261 -6.38876091667783 -1.2083130381592 7.15390996977902 2.84624437819252 -1.3787481612963 -9.38530456109934 0.69473721790506 inlier mahaDist=28.3204081336829 cluster2 intDim=28
-2.63139979260776 5.60919484512989 5.12732763757444 -5.44923787055691 15.3505618812497 -2.45651168351389 2.08587770814244 -3.84346918424713 0.0120123540754506 -5.84513581676877 0.964637449379031 -4.66152001219995 4.07156087528512 0.0548794840499297 -3.27548246475713 15.3375588998921 2.64242847789072 0.849907295172455 1.40848790764262 -0.907104837520351 11.3886271901297 4.29470322188495 -3.62880157567932 4.66285226833829 4.99714068108195 -7.47550368641634 2.37029026930346 5.62790610010113 2.96576010591468 -0.737790374540198 -10.5510640653928 -1.03861108446215 inlier mahaDist=27.4984880963491 cluster2 intDim=28
-1.42816241273529 6.7665674650111 4.80724154650132 -6.78462889873852 17.0491441196813 -0.875774019168128 2.27229558290312 -1.47798500286437 0.755679927036772 -4.28835250807474 1.35128097291978 -5.60024717475575 2.87113875993927 0.663529156688068 -6.35335086419544 14.9935106354918 4.35120868697629 -0.118959559157219 1.56648830448289 -1.8018120867057 9.38784283962755 2.9257875310213 -1.87282105023382 5.73833639765019 4.27417245557474 -8.19917600779571 0.753369597468442 3.34258389975499 3.02132671532733 -3.47232563895464 -10.2963257528285 -1.48364355374577 inlier mahaDist=25.3229363505193 cluster2 intDim=28
-0.971634881252886 5.5366709034544 3.05061113397936 -6.19455745166217 14.6054879158591 -1.98145801518237 -0.177891971029787 -3.29515226117024 0.131813444238409 -5.83934740701546 1.22349053045709 -5.67538314496369 4.89666589318175 -0.0148203571169788 -2.95738847574248 13.0100725058326 2.66324180713409 -0.493226810193275 1.90013963784794 -1.48773975819185 10.4076580197515 4.19655944921541 -2.33530069094449 6.12099023158982 4.338871994932 -9.00584966785375 1.91685459370697 5.11157432871551 2.74575005883848 0.165211490930028 -9.99031361326185 1.70843179522431 inlier mahaDist=31.3628418650547 cluster2 intDim=28
-0.120695625343121 5.13063924320543 3.16691868995131 -5.6565179756039 17.8199204187572 -1.68018592514369 1.27189790812524 -0.56473132175718 -1.52497729336644 -4.74900659677396 0.9248369013685 -6.6948299785514 3.64180600108613 1.19874945730684 -2.65780694840877 13.833731004052 5.72001129143165 0.935782062660828 1.21503532609805 -2.00166855051641 9.31424680609401 2.93964068907237 -3.04163922435592 5.53400660825387 6.28292658137228 -7.06697590933239 -0.196197542034967 4.09867289003749 2.18126788327829 -2.00266755164597 -12.3610943464433 0.030881861419874 outlier mahaDist=41.5339651312827 cluster2 intDim=28
-1.41823442324588 6.74850209559165 4.20129094164251 -6.69187297796949 16.4863300913258 -0.82918081062564 0.928715692502652 -3.62855475577369 2.12410364956622 -4.69139478744872 2.00527678442596 -6.69180239185317 4.39393094919644 -0.133324410522242 -3.93408083748935 13.7743286584914 5.21125197309392 0.821546314863968 0.72992988539442 -0.854558293702878 10.3274076151078 2.24851674410159 -2.67656738800168 4.88917009740562 2.97133522627721 -5.87237156425821 -0.551878289751701 4.04454930584837 2.56661414265811 -0.410427628126703 -11.8898264465192 1.30173341005804 inlier mahaDist=25.288683329847 cluster2 intDim=28
-2.67852764477833 6.28259081598313 2.54191944028178 -6.11872131432694 16.23522102046 -2.01331590695481 2.67712048603199 -3.53311070660379 -0.312484640157914 -3.65415880274161 1.46459063358693 -5.86328725300803 4.40800650174544 1.78710332494411 -5.37835121138586 13.5992047291213 2.84362654910181 0.00529615271556527 0.541914082050174 -1.91369532969496 11.4335382817242 3.67898400211001 -3.27615894863079 5.96368692692321 3.72675867776155 -7.54643229357892 1.86021304895077 4.41689960202604 3.40250073359967 -1.50377731672109 -10.1955142922589 1.12971773728875 inlier mahaDist=23.215150054063 cluster2 intDim=28
-2.94216263450986 6.31487534090104 5.12645769337687 -6.74605225315661 15.0690168604119 -1.91706327677843 1.81434942497638 -4.72257824011509 0.770537379951857 -4.77870412180562 2.34854978392568 -5.05255101612522 4.70459321902387 -0.284920120951353 -3.61065413911215 14.0103498113255 4.65789909323408 -0.335152081081818 1.88818359063521 -2.9058828903923 12.841907852395 1.30097553982392 -1.07437843365659 5.67364160037255 3.28870709352218 -7.12594222209952 -0.680872660367965 4.00519939895181 3.90026917344253 -1.93194458799556 -10.1173101957564 0.897118927546157 inlier mahaDist=22.1899776763583 cluster2 intDim=28
-2.222034241169 4.97793814368452 2.61538131072073 -6.71898352740413 15.099756880946 1.07318484701206 2.24997470232278 -3.40125463408173 0.692138597808137 -5.76718932560484 2.88900872515718 -5.58394989723736 2.3598840369776 2.23923957480228 -2.89240113635835 14.0493825237339 4.62051920350663 0.0110024477391202 2.30598938207011 -3.14098901592964 11.8046402155147 3.12395575772798 -1.67275096331347 4.55285023919373 5.27095166649318 -7.47050847525454 -1.19947743422423 4.16845307877512 2.99308437728226 -1.36126392857203 -8.04495403808837 -0.278390566260423 inlier mahaDist=37.3310387341362 cluster2 intDim=28
-2.36210713172903 6.66115669069035 4.53222174867695 -6.68720142637223 15.8802721426965 -2.49518353204461 1.07599802611858 -4.3401435455311 0.745263539601827 -4.25537692147441 2.25304439124123 -5.96465947806021 5.22378207693137 -0.0303317392538077 -4.48283063429803 13.9019718480383 3.35169046062893 -0.181731950608633 2.17529991962005 -1.92043604404593 11.0049441087865 4.09229113670528 -2.95206612002314 3.72222786879728 4.89684783673514 -6.79762050038048 -0.601948822653435 4.07935502518525 1.88714328259792 -1.81134986329759 -11.4472029561864 2.60062191252121 inlier mahaDist=27.1640320760574 cluster2 intDim=28
-1.19346549089891 7.55952306933176 5.15356669092267 -6.2431148977099 15.1386878329774 -1.95119965436616 1.43839964017633 -3.2130610707407 -0.452839232757977 -4.77240409798916 1.35833273765541 -6.62605440480927 3.95092173263141 -0.772547874412032 -3.4679433954827 14.5924878718276 5.1903714609613 0.58270196607802 1.47008496671364 -1.4699134820878 10.3831492187339 1.67311730638433 -1.26545443024051 6.09248867269245 4.50874456203828 -7.67072949504625 0.31828636532768 3.69488344138635 3.35926496279591 -2.91296296256152 -10.6262813887981 -0.301765132652474 inlier mahaDist=14.9660139947065 cluster2 intDim=28
-2.64354130625542 6.41733520877345 5.56860202041869 -4.94076186467039 15.0074642420298 -0.490813089917387 2.49816099804139 -2.84426240150796 0.493586930696575 -4.81604982249619 1.76517417438565 -4.56722965043419 3.05527050531414 -1.87583675772141 -4.65691589727323 14.3537054809312 4.6866389281077 2.58153214775043 1.9378881044123 -2.21226249544152 11.0811994084448 2.47456707511467 -0.97360609506269 5.51317429332505 4.03837700165349 -7.48492141208249 0.549126198391432 4.33951375135867 1.61892233488513 -3.46049440385596 -10.4891578771004 -1.28128847237729 inlier mahaDist=31.9748038693556 cluster2 intDim=28
-2.13142777005273 7.22905666455158 6.16118606917999 -6.06896552065452 14.7070729198788 -1.60373854844308 -0.920280615533427 -1.11064979303377 2.03087193440208 -4.88751911002407 2.15585264299425 -5.83736743904384 4.25666119988347 -1.42683983009644 -4.33578777754127 15.4373514457962 2.91571474521335 0.977909011526884 1.4781356245275 0.707709219691355 9.7823903196772 3.67822144948014 -2.36421040445285 5.18707585632693 2.37991827894673 -6.56154829162097 -1.74245675556209 5.41847286833761 3.21164206858543 -0.603165356521894 -10.5189713410712 1.52750084221441 outlier mahaDist=46.7015320036539 cluster2 intDim=28
-3.06215925305804 6.77860715014519 2.83743688445277 -7.44767029171342 16.7841219897154 -1.68727370808349 0.85582700672296 -2.74389080900641 0.354424398909254 -2.5427512243603 -0.689359540004569 -4.51450120352776 3.38432584584661 0.0699527722253522 -5.43190651976189 16.294995421876 4.54308408617125 -2.55954761108026 2.12142001401137 -2.30618062667046 11.039834585796 2.11847953287781 -1.82196374415557 4.25543649842704 5.07151888360826 -7.98557495804079 0.165503429243436 1.99293345765881 4.65627922643787 -0.510354339425984 -9.66035689340908 0.789085940136234 outlier mahaDist=43.6383952727491 cluster2 intDim=28
-2.06916534537932 6.14580044075266 3.10695414542954 -6.37658402850491 15.3584831026944 -1.67606317464819 3.27021243612484 -4.00900567759304 1.03268625458992 -5.16851579958401 1.39408307052791 -5.58456512437302 3.01696293370886 -0.00126171482724191 -3.76937916348379 15.6764920253811 4.02843750697133 1.13709936165304 2.27961236636852 -2.57882036503808 12.6267555304624 3.13696136674816 -2.2688958364966 7.04581635356535 4.23348816468749 -7.11841832925453 1.77475897816326 3.55900771585931 3.02007803348598 -1.41200480595433 -10.1178519192102 1.26116041779006 inlier mahaDist=21.7771072127228 cluster2 intDim=28
-2.42625503474766 6.39980637083461 5.54016668811319 -5.08210060184419 16.2847625549778 -3.88188265100021 3.12204368369965 -2.65839526077411 0.510700223935873 -3.53825131773086 1.11190087597117 -6.58776074996709 3.29083651840275 -0.958729963251322 -4.0989030989965 14.7741387296253 1.70384390296667 -0.162005398840873 2.58487953553082 -0.293818274692165 11.3444797049479 2.97493365343305 -2.26122808883344 5.59328914964908 5.13065421449618 -7.50846588651979 0.64559696472922 4.55112334989464 2.53671826614793 -1.75711053168595 -11.0104844991063 -0.241026860838234 inlier mahaDist=29.7534340110723 cluster2 intDim=28
-3.82524729737503 6.4148548179776 3.2142163554702 -6.85414450694176 16.2139233274939 -2.19005933933915 1.47673395085835 -3.153665719591 -0.19885298310695 -3.62411903762296 0.254246256491792 -6.85662423274106 1.88331879072239 0.227326946968002 -3.4056055067398 16.4662937190964 3.82568497476384 0.10253377729408 2.60906893870944 1.355182909049 11.5978222883754 2.73499011148657 -2.62089091657347 6.43346020043997 5.13376282447312 -7.92066847929429 0.462007545258592 5.4843350480082 2.73948186281594 -1.06608637062543 -10.21700901977 0.153094960116381 inlier mahaDist=37.7532285845131 cluster2 intDim=28
-3.30080477216089 6.6767358232121 4.90276633855144 -5.93132965804782 16.0095591403234 -0.636803134712259 1.79224027263188 -5.2344726490437 -0.031597120736883 -5.48661161315851 -0.166850515186081 -5.96161094714945 3.26774694256723 1.26830203453031 -4.41644300211683 14.3986277012513 3.09823052505954 -1.61409262430036 1.67845135240255 -2.25802694988259 10.245516182361 2.42424209967066 -2.63423092600582 2.68698503377995 5.09129540829269 -6.69095168603674 -0.744618948103509 3.16754556077504 3.14517341596947 -1.40423924483105 -9.32877385497535 -0.362081405844814 inlier mahaDist=31.0126925441682 cluster2 intDim=28
-1.21450481462991 7.41250986551613 3.39105310948975 -5.94991584535885 14.9177920686256 -1.33235704124515 0.629139453486052 -2.93651494865678 1.06833804724697 -5.22897255859981 0.672509333883453 -6.28625284055868 4.63517775756243 0.552416452736326 -2.67401493446472 14.3120683733454 4.45562725070621 0.230837863605152 0.523228035335245 -2.30655300563071 10.9691256980605 3.19978411557525 -2.14802972497354 4.55803891742262 3.87066339817315 -6.26717452746011 -0.0743723110119426 6.33655590959374 3.53765617800027 0.164612417435941 -11.137233661468 -0.801926347307917 inlier mahaDist=19.2880896363096 cluster2 intDim=28
-2.54502023181535 6.09739080016559 3.37570482829078 -5.17614170793505 16.7593482090171 -1.17347767886721 2.62081557976772 -2.44564957328319 -0.61692566366334 -4.07328160275922 1.11610778360453 -5.63717597165068 4.56084831102954 1.00099596845067 -4.22421924398483 14.0153735316835 3.26837236071691 0.12047982659415 0.62078620370295 -3.75955919000986 11.3266202598468 3.39444362109232 -2.94952532436515 4.02074836411606 3.59871553874957 -6.82130126455645 -0.136311842862698 4.80985780081121 3.64139955267584 -2.60144737654634 -9.86734004133282 -1.18083676736862 inlier mahaDist=17.1546704898685 cluster2 intDim=28
-2.66237949253616 6.50947260481787 5.32511019683655 -3.69102173067774 16.2951737020426 0.513240114350958 1.88519110421041 -3.72313523809395 2.62584601153487 -4.2651146753869 2.65333147169963 -4.51518135136201 1.93749236185071 -0.780224627831185 -4.5735413859662 13.5344666153757 3.89553076485009 0.365677503056251 2.13720687840244 -3.54805777582691 10.1766773779229 2.91539813630274 -2.36954459901156 7.55425627854711 4.03837039443471 -7.26606589478007 0.35311503120242 2.82751391357952 2.02859427757294 -3.25705039396118 -10.4425920178019 1.65576596395054 outlier mahaDist=45.5414752955267 cluster2 intDim=28
-0.572257558087865 5.22898375307147 3.74365383255585 -6.23948877460464 16.3740501674277 -2.19696275833024 1.95881459208546 -2.98808669101612 1.65130835704675 -4.775087940999 1.80261600054125 -5.87596373187922 4.6787639946343 -1.26909824229517 -3.66130261718187 15.0889239486365 3.16819208000342 0.979561286963895 0.426969854641271 -1.34065054423047 8.86487442478024 3.60889432609932 -1.39979955668869 4.68233252373899 4.54856352830262 -8.51617720280311 0.651133496885801 3.26645136768874 3.37011730451438 -2.87569806906327 -9.90188140097653 -1.08895835462174 inlier mahaDist=24.696982559715 cluster2 intDim=28
-2.36765378846326 5.95032621918255 3.02669977973488 -6.30150927943081 14.7610747670925 -2.13426045382208 2.01815083858258 -1.55298353576767 -0.0608396833564319 -4.31939634802608 1.09187386376344 -8.07429354879714 4.26799272478848 0.939351942386122 -6.19120281558358 14.6533003407985 3.53233723572497 1.56022409354945 2.13909549017988 -0.369784218134039 10.8198234665645 2.98498403676662 -2.92344300695259 5.47472902590047 5.55331769375029 -4.88731724017818 0.5426126710699 3.61721009386366 1.85960348230395 -1.25642584554139 -10.8678093943872 -1.93353582445645 inlier mahaDist=40.9825538760103 cluster2 intDim=28
-0.443868524305056 6.81689740152157 3.39328612811302 -9.03844119309411 16.442771105656 -2.33558383910023 0.637437268626507 -0.63606296123054 0.402644259652634 -5.15799965394153 2.31666508262249 -5.67525932379303 4.86563308561129 1.26369801889421 -4.65606968506349 15.5526207162371 4.13255544624256 -0.726040269863287 0.771248611985979 -3.35466315786161 11.0403593744364 3.30524355538908 -0.905898265526888 5.97830661908401 4.15503957919695 -6.96755040050837 -0.788672229149944 4.1208250376002 4.97792296867279 -1.10639318462607 -12.0253236420829 0.312949914431753 inlier mahaDist=36.2864751355952 cluster2 intDim=28
-1.07055551040582 6.09457935780394 4.17745750110435 -6.08945221280779 18.310992315327 -2.95986721787825 1.89549757907439 -3.60773059315376 1.03413133565978 -5.45801005925869 3.60757803903472 -6.78145152321368 3.74574378694867 -1.23103848699037 -4.19609940617534 14.9803142283312 5.62253897692534 2.30636656159854 2.55555574926761 -0.206800770630724 10.8698480508471 2.93769392775194 -2.02985183850937 7.24429631316878 3.76101815403998 -7.80881957645441 1.29310341015175 5.38739877643495 3.87366157116707 -2.95036759165241 -9.91333915822173 1.15450514591142 outlier mahaDist=41.8360405985026 cluster2 intDim=28
-1.55325210363254 7.64259449773757 3.7565958678652 -5.66404035082823 15.6902467479113 -1.41508116691268 3.45282972172327 -2.29236590572262 0.251159445124033 -4.20661771690338 0.662482361693793 -5.59545098884069 2.15531156052474 0.225895308240127 -3.22348286788557 15.7882680770201 3.02712543775104 0.480237323036365 0.588290420839905 -1.95619337969466 10.8139913755321 2.14751756614417 -1.99863676382591 4.41447767154363 5.15238762509404 -8.76027900866597 -0.162418784248474 2.68127453471841 4.66685284775004 -1.5292253593854 -8.99550815611279 0.329849832281671 inlier mahaDist=24.6476727580856 cluster2 intDim=28
-3.17393263517961 5.37338805632424 6.32512803111605 -5.05359360467857 17.1663578264702 -2.59313594902993 1.35205139470728 -3.38909567832441 -0.279842303337976 -7.01738949188771 2.83107703351649 -3.72337321263545 5.92390197362789 0.49628716640427 -3.25776561023706 14.012158809923 4.14315639830852 1.03346967382829 3.29665658593539 -2.67941500873326 11.4835608018534 2.95352316426675 -2.15963731992138 3.92214317250722 3.86494006202274 -8.44804366410761 -3.11630595024663 4.58967787640528 3.44101898229005 -0.909742680291895 -9.79495003411838 -0.445543442270327 outlier mahaDist=46.6833360575821 cluster2 intDim=28
-1.73149614233318 4.91972901065909 4.18624075234409 -7.42191228486015 15.6921159548542 -1.16318316093055 0.65175983439725 -1.31794100729781 -0.765178384613052 -5.45122894099437 -0.237474569448014 -5.55954514568175 5.11057482216314 -0.554326200911691 -3.80528620587146 13.8090243888264 6.3374457110514 0.49719590485766 2.1136686453403 -2.47608522064446 11.4805517040208 1.18350030789783 -0.63119244951242 4.85491077835117 3.65494223654361 -7.26154959287923 -0.485015024684363 4.35517207290876 3.04650646427409 -1.09059211613058 -9.30728762940963 0.608174211134215 inlier mahaDist=28.0118740660429 cluster2 intDim=28
-1.8081315071614 7.4398245866535 5.33778809911458 -6.32310135244269 15.4435188478868 -1.84894769033544 0.165982584787706 -2.72710974176164 1.28682224137739 -5.23837091089785 1.43632391953987 -6.00899826727914 3.95589147128538 0.148716883170006 -3.35482036900559 14.8925236698678 6.35395103694311 1.31675355640226 0.0033498815374875 -3.07291699035712 11.7453968351172 3.72294893685483 -0.952281522734203 6.44923858525645 4.14997693818724 -8.31887971935607 -0.641172661395978 4.27879407488197 3.36203807086428 -1.22368826701222 -11.0680260662531 -0.512978026866281 inlier mahaDist=21.7430605749675 cluster2 intDim=28
-2.75281450478996 6.28675377493943 4.4059057399401 -4.75101709450916 17.4968358980815 -0.685961121920535 0.51799850719271 -4.11132184891906 1.48026587606251 -5.51021531467679 2.98363993505511 -4.95877891608694 4.1048218399916 -0.65283981496223 -4.88591642422942 12.9712318852598 4.3457008799983 0.209451040038171 2.35589289719176 -3.9100678361223 11.3064549228016 3.249918619528 -3.60786470389924 3.87654218541515 4.35295937558498 -6.66140654921268 0.272044626246406 3.53047625628163 3.51684086232673 -1.96346668732426 -10.7092234031823 0.142301790855515 inlier mahaDist=27.9245308963185 cluster2 intDim=28
-1.52116466133582 4.91078353158276 3.75054716579652 -6.21636445549338 17.2464415534958 -0.283964954579766 0.817907497688336 -2.41271758951892 1.19978392833006 -4.0234771754115 2.16364397969543 -6.07733152798847 2.53808102202274 -0.726825926957645 -5.07422676405547 15.3623805567128 5.40453058369996 0.202490359666626 2.90687338595446 -2.58094529366137 11.4906530900941 2.87895553682595 -2.4276524933462 5.7054209777507 4.33412662536627 -8.81142003073592 0.206782534121334 3.1443648729692 1.80601556610518 -1.29902467895118 -9.38164147231249 -1.96536479614833 inlier mahaDist=28.7932270243165 cluster2 intDim=28
-1.88956538436893 7.82818024409743 4.44219365315189 -5.83383184021952 15.9670524154909 -1.47896139638857 0.907376382421529 -3.04747551737793 1.38649484214003 -5.0536665939406 -0.00321641161635711 -5.98766248543347 3.15935251667094 1.31577615632139 -3.08998703372586 14.3272240696915 3.53809468483988 -1.39803828041266 0.361225404172085 -1.66973240822543 10.3072002655204 3.2199853587761 -2.96777494602174 4.55456499689011 5.85070282556966 -7.54575739851723 1.39086317896493 5.61031404816123 4.67605028747921 0.468630405509309 -9.69539483973143 0.618715375880203 inlier mahaDist=26.514809686423 cluster2 intDim=28
-1.5919905425416 6.40264160787934 4.58085439362769 -5.88964414692608 14.8409421526328 -2.60412401527978 -0.339371245774057 -2.16732474740658 0.0536273799060729 -3.05270702160499 0.809743937027448 -6.95401740714257 5.13985064849081 0.170597813754929 -3.45564214633548 15.3971842021787 5.09808074755859 -0.580946670961365 0.762161814455797 -2.22440781305916 10.5743003206312 1.9209357210066 -1.98705839599153 6.32404706715846 5.0322292845083 -7.88748704602907 -1.54350757783154 3.62681260553918 3.0874730757994 -1.42465864799268 -10.1496888104024 -1.23359251720927 inlier mahaDist=23.3789432823905 cluster2 intDim=28
-1.77023570753522 8.00652875998317 4.18907174120865 -6.08414933645081 15.4172250430871 -1.74362354779001 2.89862046433987 -3.24231895033989 0.639193761985493 -5.29435739243659 1.4732849798975 -5.72061488873836 4.1808738808237 2.05810579011389 -2.76378386097879 12.0206674860154 4.57851109630492 -1.32657174279829 2.1705063960509 -1.67600751897398 9.7306574535972 2.68038841728276 -0.883773761193379 5.11330710144167 6.26898784103 -7.10539588779769 0.49972059365471 4.15873010688609 4.0665621709435 -1.69459222208561 -11.4119955551424 -0.910336829920962 inlier mahaDist=31.8877630769527 cluster2 intDim=28
-2.46143415584186 6.18588012261638 4.17184208598001 -6.55564974854905 15.5065516230547 -1.53067203879753 1.56385306688285 -4.42447735236386 2.393636153473 -5.04152596175593 1.47637787723187 -6.40800518511358 4.68565795826494 -1.2848113971773 -5.17323161904995 14.6338666788705 3.43603228936128 1.40010627517688 1.17940499421794 -2.05031049317872 10.6984869267775 0.734949146697389 -2.45043181153842 5.08159684815363 4.49795105943831 -7.93828776381701 0.0969249842314767 3.63234641401533 2.61649387435668 -2.48214639503054 -9.40833539901376 -0.304304991515944 inlier mahaDist=22.4626982138831 cluster2 intDim=28
-2.60240303711967 8.36967521730154 3.38021336101485 -5.3611530670213 15.185353388205 -2.16398546633202 2.30926788508106 -2.87421862568424 2.5786937501445 -2.4559528716588 2.2787512802443 -5.72749993999485 4.07844276507574 -0.306134179024611 -2.32272288003763 13.7894772496985 4.25746636034836 -0.903118675179955 2.31604896236247 -2.96385005013254 12.8279240387341 2.52810569871439 -2.43523997760353 5.43768805065577 4.92483809991779 -8.61712445238816 -0.294388800559159 3.48398109583317 4.22116973009872 -1.00145350992931 -10.3449695797688 0.0280845466334209 inlier mahaDist=31.1088805401829 cluster2 intDim=28
-1.71852310573962 5.80458597512757 5.56076669476338 -6.79169201232631 14.9422303106984 -1.44594240544497 2.83851467146146 -3.84286771504921 0.227514447989945 -3.90699198838439 0.124195023497107 -5.83308428514864 4.57324433710995 -0.106796873247958 -3.30448808011268 13.8179907038609 3.89932164031747 -1.2212026081258 1.02839209054747 -3.75217381689338 11.7692347265796 1.82247656776169 -1.69467943683987 3.99459429089332 4.21087709312211 -7.03836777765522 -0.266870747218911 3.07432705328736 1.87767236906586 -2.4107575489849 -10.5467406008428 0.941691021921107 inlier mahaDist=25.0136995548586 cluster2 intDim=28
-2.48884367359474 6.11322749205727 6.00464558759263 -5.72147210514932 16.9512376511746 -1.36066440997526 1.66568910452136 -3.36159143798561 1.59574614883736 -4.22544062559305 0.175977319985743 -4.72063199696095 3.28536852826145 1.43466323498008 -3.68863674533285 14.6191708922401 3.65352571474093 -1.68052130738646 0.256044051987179 -4.20614419393514 11.464257546144 1.64632274293921 -1.93562413759656 6.9538459922566 3.70568468520635 -9.21887672791189 -1.11375274435641 4.95699493759438 2.78041519575244 -0.927333196230652 -10.4019529234008 0.201256810823979 inlier mahaDist=30.140959056064 cluster2 intDim=28
-3.95948336801658 6.67610125802637 3.81805536626452 -5.07607191170491 15.9350776228676 -1.99514064563516 1.18857538127814 -4.36432753215989 1.71348141221716 -4.89305365774088 0.750709191215915 -5.23389424006397 4.49092149762266 0.510706450821239 -4.78486925248879 15.3667253085192 3.25899475897747 0.919457846273963 0.634163216609376 -2.19066598758223 11.4271577423989 4.42022374498039 -3.2182594226298 5.28660300714205 3.76108825238857 -6.37405841476546 0.332315825195013 4.20284002448646 3.39319515425075 -0.322229734045551 -10.8598349069686 -0.510823377818386 inlier mahaDist=20.8790543195998 cluster2 intDim=28
-2.70326522446963 5.32982820794232 2.78856114023041 -4.48323577561158 16.9526399686548 -1.98290563350557 2.47952556751508 -2.98261866265785 0.491211426635278 -3.31024507365276 1.1997720597101 -5.04626980614275 4.17424660226616 -0.715274384046541 -4.33998752324209 15.8675930664441 4.4533849665821 0.554737560695811 3.08757421008257 -2.01552259665192 10.0567009628719 4.7494684082948 -1.6891271269781 4.71735352286758 4.44171362226806 -6.28224939127803 -0.442426820275733 3.29937603779236 2.93693484611289 -3.13273836420295 -9.64774461780596 -0.867702093196356 inlier mahaDist=28.4791253023418 cluster2 intDim=28
0.421333074813671 7.21231767660722 4.74726961597757 -6.15576626007826 16.61452205233 -3.46680135972514 0.0616791306819813 -3.67509295227652 -0.371302303038273 -4.78998756058953 0.181494534423708 -7.04602030991011 3.83072960286411 -1.25990552870482 -4.38345073801074 15.9049438206592 3.00904300039816 -0.539233587031517 0.447175743081819 -2.90354254190112 10.3437801951028 2.65970042685306 -1.85757570428693 4.42802554223944 5.18640353279528 -8.80335295104394 0.109260731475653 3.78601661951046 3.15237776717535 -0.281036665695314 -11.0265952063237 0.479581955612726 inlier mahaDist=31.8211312113903 cluster2 intDim=28
-2.48337723876303 6.7274608498288 4.68824927607551 -6.10321997561068 17.8967696645347 -2.00741556623098 0.272574474411919 -2.03572523210349 -0.437427553655651 -4.73734490761975 -0.437693892868489 -6.07991002866221 5.31702339169907 -0.561080245612085 -4.09019932011923 15.7014077367016 4.55707422511766 -0.163420120120545 0.211820798868328 -2.94588464132412 9.87164472258947 4.08687980644215 -1.26642365899554 5.92525708408462 2.54714028098019 -6.75412481840548 -0.28650535249946 4.12066910931285 4.3441567325316 -1.83499735594113 -10.7484045007955 -0.893593923418427 inlier mahaDist=25.0341034809948 cluster2 intDim=28
-0.504197384799376 6.83906679783806 2.99477172605023 -7.45590194552901 15.8262129135344 -0.209174556036604 0.756881027452321 -2.22589686948652 -0.86824669152668 -6.35254714128589 1.3084718603572 -5.5715177313826 3.96865323649127 -0.342839337269138 -4.98256825728378 14.5507904235215 1.96006656038593 -0.57189576575327 0.88091362586463 -4.24937889154745 9.96354499536565 3.12869618986771 -2.44684672832297 5.38290494373709 3.48900224458085 -8.1277130694322 1.90287088320093 2.57798058291375 4.50929222899737 -2.45026168957017 -9.94547592104259 0.944413436572807 inlier mahaDist=34.32509798272 cluster2 intDim=28
-1.80912361693889 7.00910901832212 4.56438998368792 -4.80811597345569 16.8479048933598 -1.42295964849527 0.999521709299627 -2.99312084402864 0.305818914597329 -5.07461421956041 0.49585340474507 -5.36218996294231 2.2579684449274 1.41979603624464 -5.29364888277901 13.4217303914595 3.88271805440213 -0.821568442640111 1.82615703455315 -1.43914331677134 11.2653817396987 1.70234518447903 -4.63326426879319 4.22095003351278 3.08299203357591 -7.1605073880718 0.270681152048241 5.33842150331498 3.24825885722557 -0.627965110479638 -11.8841551016629 0.0535110976938539 inlier mahaDist=28.2136297950633 cluster2 intDim=28
-0.937232487223353 6.56549935796119 4.36518953476093 -8.04725184095412 15.1549140910974 -1.50801145912318 1.23157097195128 -0.957668713605998 1.31874727358729 -3.7369233850248 1.35805745920086 -7.63815985079569 4.48378823364427 0.946544743105024 -3.57389859963109 14.5216488552813 2.5151553722389 -1.48424125655263 0.53747085670911 -2.76646593771789 11.1341678151001 4.46852981277339 -1.80600704539627 5.78154740390045 3.99952020281755 -7.65064970018964 0.107845100878626 6.32814361205022 2.52071500150945 -1.98167930010973 -9.98318403908226 0.151322997512698 inlier mahaDist=29.5261863732815 cluster2 intDim=28
-1.37947157581972 8.12350910192868 3.30613432967291 -5.634253637949 15.0998263969965 -0.782994362953274 2.98378229580965 -3.28608300563994 1.69598926837494 -5.75215574620009 -0.679465642797316 -6.16511088827463 3.48390348298144 -0.476582132117709 -5.55547292536659 14.0930306802842 3.5107835872801 0.408808412313535 1.14673496251025 -3.31239026214005 10.4776893331103 1.86961519632764 -1.08818023168964 5.94290046199177 1.15901964741418 -7.23753668502189 1.19481070214745 3.33109438290803 4.0543120214537 -3.33129896634482 -10.1242758321581 -1.65965818611406 inlier mahaDist=38.4937813391382 cluster2 intDim=28
-2.37648363852509 6.10894062325458 4.93783978291658 -6.55670567095848 14.6739398397513 -0.986004007534178 2.06563082239583 -1.99103481781708 1.57375924457289 -5.08566179924736 1.59814701036263 -5.97075605448555 4.46553944888473 0.414046970965431 -3.82619859835608 13.7807424712517 4.6114552845913 1.47822386194839 1.61622121296495 -1.08285096544994 11.324909738458 3.97608266356918 -3.75732663925659 5.59595290953084 2.51589291388224 -8.23509266523992 0.42649069701196 2.98251384313786 1.8266313881269 -3.04716725240315 -10.6618868859273 -0.181254099926038 inlier mahaDist=22.5906081359556 cluster2 intDim=28
-1.09707017766572 6.42759967989031 4.58884924369099 -6.83576595806298 14.5301144693829 -2.84765383839008 1.47968071228036 -1.00257908782695 1.00802947603461 -3.9496449305727 0.858125061436866 -5.38753346043975 5.2765901329919 -0.0678198173162196 -3.91207771597675 14.3204252543682 1.82562529219622 -0.74838506094775 1.27701561216613 -3.01031113788963 10.8230728654689 3.76959306586516 -1.97236628121861 5.31039882431753 5.03240946250353 -8.64863845252993 0.473464872898669 5.85778208508488 2.41643121461112 -2.17944188450739 -10.6895183685492 0.573094490516377 inlier mahaDist=25.5804115266298 cluster2 intDim=28
-1.96493503648326 5.95881096860244 3.97115794407989 -5.00567739897049 15.9014778302986 -1.3779636220048 1.27868930446998 -3.00499789107018 -0.557103841325452 -6.73469233930833 0.957007487054256 -5.80733788106271 4.97430168006984 -0.0825940709267717 -5.75145260110847 13.3534732480181 4.23226556668932 2.1011354326413 2.34335863653205 0.279750787597418 9.54435504571485 1.31317174867261 -2.75947051765708 4.9306685469654 3.03158378049067 -6.7973758991582 1.004698903783 4.71696638899775 3.49863170348349 -0.467297884423701 -9.01594232320905 -1.00745131867794 inlier mahaDist=34.8410178464245 cluster2 intDim=28
-3.02646271070887 6.77511456404106 6.92989293449536 -5.10809198410908 14.8136765807817 -1.76170961684805 2.40003886712671 -3.43563607590141 -0.149263895907886 -4.65788496665908 1.12068553755466 -6.03811951272197 2.03909668844946 0.90053382556248 -4.18516476542157 14.878175923784 3.34947160376716 -0.529452889203489 1.86184108027597 -1.09289176804623 12.3237789348134 3.42104606692275 -3.01109804636194 5.08543024433028 3.80940740762611 -7.39950237984377 -0.0344168248416826 3.47391450736674 2.92337021520392 -1.70370476403595 -9.62515599095198 -0.0338632911012245 inlier mahaDist=23.6756825576788 cluster2 intDim=28
-3.13627759116969 5.52689692229083 3.98969455382387 -4.22512177297279 15.4091313749652 -1.62379912809273 0.749958422844264 -3.5238312007489 -0.573452676749903 -3.82822342326565 1.2210931396157 -3.97828644346096 4.34621589745807 1.30676831212242 -3.67684521925234 13.784110693163 4.13602687628749 -0.0545437347599014 0.72975977498409 -2.78941354082325 11.0456885636918 2.10322804374546 -3.83577535480586 4.43104279363503 4.88931418893699 -7.2929259378905 -1.03633659603914 4.38438625710056 3.06319996555309 -1.71939561708593 -11.1040365976894 0.0966656167429094 inlier mahaDist=22.5313482659799 cluster2 intDim=28
-3.51382113781258 5.76150928195785 3.74925915050844 -6.92519204092995 15.1195065757332 -3.72923947788257 2.74083983387173 -3.48918498980359 1.06897790271036 -4.27342576408946 0.0850229420959085 -7.04431601423632 5.16462659068615 1.01446447346829 -3.92468263637989 15.6358653041479 3.92928626867069 -0.917822974527663 2.83511933805395 -1.79667502688278 13.4119238351156 4.76717983196533 -2.99277753609451 6.61662626435353 3.27605776659053 -8.32854143207261 1.37696134983641 2.51634770476158 3.69367979790905 -1.85243969781671 -8.66421306063883 -1.16153144270399 inlier mahaDist=41.2979190930367 cluster2 intDim=28
-1.58169979838404 6.59254701970844 2.41280382213765 -5.45462609140216 15.3065551882092 -2.1373654913287 0.119702938461244 -3.41230137399111 -0.156490320329901 -5.61239107090574 0.885279493912717 -7.38093459865884 2.38047375011445 1.09592309746452 -4.03323824474779 14.2659058533358 3.70413243327615 -0.278809562727129 0.606412334153209 -2.10219341840628 11.9197870985795 3.57726596019956 -3.08528065637428 5.16458370143691 3.64317595241426 -7.41749668865123 0.876557844235251 4.43691313142407 4.75693358978914 -1.7656476608583 -10.7719390467595 -1.82218781723594 inlier mahaDist=22.4931140823187 cluster2 intDim=28
-2.09042354568075 8.48066396086852 3.05928355629911 -5.91591517400713 15.478272098641 -0.78939691385752 2.41522238947938 -2.74515805098373 -1.29996513766465 -4.18974107763435 0.650071507614032 -6.27037144968792 4.32164321189472 -0.300120005034144 -3.4722168363152 14.6153522508494 3.49580093319884 0.298326846109328 1.70670515850588 -2.82429573621684 11.4704558707893 2.69866963119086 -1.9318702622023 5.22003754769975 2.93655620945637 -7.69139299575292 0.149007874963433 3.30314867530702 3.37998234433624 -0.752334679038122 -10.5695569126666 -0.999162062579716 inlier mahaDist=17.0339498050234 cluster2 intDim=28
-2.36574711447029 6.90987578788625 4.49249740642926 -5.13378352763605 14.6068622561711 -2.81224114425066 2.31556363231765 -3.31607718675808 -0.365203359407751 -6.75583616456601 -1.43650832230518 -7.35115983648524 3.57192862017094 2.07441176898404 -3.2583437716553 15.3581242858369 3.47581902480583 0.199265521341316 3.0653597859757 -0.501287668592007 10.9326495705872 4.02779360323234 -3.48003778095721 6.65692249107214 3.22710981309994 -7.98239811723805 0.0701076944038895 4.37775675033311 2.63500336921768 -1.7241867176968 -9.16553359799457 -0.313432823271437 inlier mahaDist=34.9919417560918 cluster2 intDim=28
-1.4252595859162 7.27797125995271 3.84125901093737 -6.85427125553083 16.1183287094505 -0.865867412351176 0.641154465987185 -3.70323290710558 -0.0885877041215326 -3.93034547944827 1.78521761358701 -5.14103220815914 4.03119911673381 0.0771425771745525 -4.15542140669057 15.3404114755397 4.63722127355488 0.342175870788331 1.78147364588945 -2.25803816507439 10.5644513588162 3.15114940384756 -1.60652625308779 5.17196277964332 4.14702499699986 -9.18671395658497 -1.10077339786366 5.41252112525333 1.01047941733075 -0.537092101351732 -11.5396460852506 -0.321343077776576 inlier mahaDist=22.767606033939 cluster2 intDim=28
-1.48096488495765 5.47942195440705 3.91040060900732 -5.03257766297014 15.4508928706094 -2.39163006853289 1.67615080230301 -1.63507534900483 0.266004584299 -4.28405878246849 0.126659592953119 -4.53074061935944 3.42582140259521 -0.00396742219333446 -2.94783849764921 15.2219900698497 4.63171951962905 0.18554572546946 1.17920939643339 -3.43035972028153 11.6396339689785 3.18093453580837 -1.67019808266374 4.99729635953763 4.12509203491273 -8.26179630913156 -0.624150019666303 4.86085551589712 3.98474306017694 -2.93378633435698 -9.46196402986951 0.593024996350386 inlier mahaDist=15.8152223624903 cluster2 intDim=28
-2.80582981180031 6.95708117790906 5.14714924303963 -6.64463612314466 15.2682403480611 -0.117546345254536 -0.0964346102126795 -4.11053585285402 1.46887501646112 -4.7775985697471 1.10486084590631 -5.44824790417559 3.80704032906085 -0.376862825357584 -3.73116938145896 14.0902727971718 4.67175875508782 -1.43656265464781 1.70005050699395 -3.42719966693445 11.4173533077153 2.9909801906892 -2.80723617430788 4.82209102188732 4.68278833335907 -7.23607880502886 1.0733193964631 4.67828503467834 2.95753058121432 -1.95501027225786 -9.91792765134484 0.663010602566181 inlier mahaDist=18.3893419054115 cluster2 intDim=28
-0.696982922534953 6.77253249127293 4.21896923170138 -5.74677248497921 14.1424605696535 -1.41958435480519 1.05129218052823 -2.68518168145454 0.244341672419154 -4.93909109404788 0.877218256230598 -7.65257190645926 4.23494522876626 0.156639598238157 -3.56147472299503 15.1259565366384 4.03667540642114 -0.116019486046545 1.71815152419382 -1.43384666173566 10.723796973825 4.38631678246811 -1.93594484286294 5.29561496089562 2.80982131470584 -5.19366712523654 0.0930518317802552 5.02958825378093 3.01307826232031 -1.05864139094726 -9.42967079332286 -0.00575176305361819 inlier mahaDist=20.4461351345041 cluster2 intDim=28
-2.29713732333959 7.4332577285559 4.75383637789836 -7.31453754177091 14.2329143029763 -2.63255556654144 0.996602518120093 -3.06528379800954 1.50911024315484 -3.25291504293073 2.24737987359553 -4.82712444669201 2.50499788282814 -0.794599509394895 -5.46254216232474 16.2568118595347 2.77860869922535 -1.08294776750892 2.26715877988184 0.0107161449926225 10.5297963070339 4.47992667934301 -0.343138165606212 4.00583520780682 3.94953347403449 -8.76272635088795 -0.759473903863736 4.76041306924415 3.79907030359834 -4.08283605987603 -9.83937751956725 0.148891234327454 outlier mahaDist=48.6631658670789 cluster2 intDim=28
-0.907873302546087 7.56666921777003 3.60551065401196 -5.64821621022914 14.1103089657514 -1.56189448224741 2.01395118682596 -2.88802944794469 0.837097924231028 -5.29402549133459 0.159325551803813 -6.16296659047555 4.75575857194586 1.06573367076606 -2.8638556900076 15.787759775434 4.13677469415026 0.205695266849669 1.16143388339694 -3.85807600829951 10.9141602736413 3.22802599634198 -1.78383036700971 6.39460117765432 3.80097884266646 -7.3154681721164 -0.518232584799069 4.46179009538743 3.27338285542573 -1.23283288104196 -9.93127491686395 -1.3738218271896 inlier mahaDist=17.6565982744013 cluster2 intDim=28
-1.24559792649373 6.47048592330656 2.81616765555868 -6.42480600244534 16.9938643881703 -0.316743480285286 2.59070981603695 -3.86626400038523 0.241369706334293 -4.75054253183331 1.57920877139537 -6.94059898595273 3.58598960866441 -0.675922980963335 -3.44032204099824 13.2612335204353 4.05974361314866 0.0374943085393846 2.07545653068945 -3.06192743958087 10.8438329587467 3.42359730945382 -2.00556403369515 4.01512009855539 2.63157336170889 -6.57909715755725 0.0175797420054816 3.49170078014817 2.01688886265489 -3.53691731221037 -11.8372484023178 -0.186596969721929 inlier mahaDist=27.2272080153605 cluster2 intDim=28
-2.76100176543296 7.3676957738014 4.94414952729167 -5.09636081428455 14.3825415577233 -2.81161716134289 -0.0483845062668834 -3.13900670250874 0.338279029021237 -6.31837399373596 -0.0365558768168992 -6.73725603067343 4.30184995144007 1.18339329886974 -3.04399159571019 13.5561409100865 2.97521914076804 0.0618746845602309 1.47987633469504 -2.58411377962556 11.5319851614226 4.56437834906218 -3.27432320679581 6.20140201329799 4.97748158639419 -7.25551412887204 -0.178107738386503 4.37184955906473 2.41113446374645 -0.391919718727222 -11.990530361804 1.01141729130134 inlier mahaDist=29.435617897525 cluster2 intDim=28
-2.79637912260951 7.34950760129153 2.84242157321542 -5.75777971123502 15.0054866186282 -0.533250646833466 0.738237304848749 -0.424034007762123 -0.353183141314854 -6.04157154900591 1.57759036422334 -5.95528155507122 3.5948950408197 2.75423889225125 -4.88238617254832 13.0886786443649 5.0541556871485 0.497396654025019 2.59800239606479 -2.37831102705276 11.0602245856527 2.93014863937606 -2.33346017098122 7.51124584811271 3.18045812401443 -6.53241843521323 -0.476296751462906 5.82809939091055 4.15568914386733 -2.85375028032026 -10.7238643098526 -1.8376867490344 inlier mahaDist=40.1373354857953 cluster2 intDim=28
-1.05360085038463 5.28127871929283 5.38360102530938 -5.01550146121089 15.7749518325351 -1.66389004928625 1.51811738495589 -2.66131299850751 0.300195319291604 -5.34266676807743 1.613184667958 -5.47546479695785 4.08740940816781 -0.301951154203358 -3.62524385591386 12.2945998396542 5.54314660222543 0.12627779098494 2.28641429426983 -2.49285066859993 11.4111850649076 3.0302090421616 -2.16382904119933 5.30711171751913 3.86333413387159 -8.06274001036699 1.24577016661763 3.4695146643016 2.76604697325443 -1.97067987040198 -10.0738450446342 -0.025739372735586 inlier mahaDist=16.5997731350263 cluster2 intDim=28
-2.17039172765128 6.08089056961103 2.7430311994533 -6.02724229934733 16.0469598945623 -0.912785009515325 1.51255341696254 -2.80697718022004 -1.06744530202082 -3.55748836474437 1.22848304277895 -6.55519909228298 4.67638929581499 1.19734851281966 -3.83370734768287 15.1753793429426 3.30033896352619 -1.28940732327263 1.96817940948508 -1.65091194602606 10.872790280738 3.24606317968388 -5.15848102981294 5.16925531718455 2.04839222848165 -6.68328736578049 0.645833332457252 4.56444932035362 3.47051833258562 -3.03067570620009 -9.93693017089961 -1.19176335166395 inlier mahaDist=29.0315775919949 cluster2 intDim=28
-2.14945629071299 4.76326415602623 4.98257063090678 -7.23812664754703 14.459029156998 -1.92875132326914 2.44466386057909 -1.33406924340129 0.685739559242505 -5.72249414107671 -0.643269501710582 -5.74436497124758 3.63519278854567 0.617478591572319 -2.82961013975758 15.5290324084364 3.01195269194738 0.204631623769268 1.67991443161821 -0.613491275880583 10.7708493575625 1.94110996470068 -2.80439934690601 4.71085204136453 4.25584549335346 -6.58352385967827 -0.642759539715001 4.69852166011088 2.77731692957096 -2.83039227598005 -10.1219041920367 0.851509100451607 inlier mahaDist=26.3751970067548 cluster2 intDim=28
-2.43667070516374 4.45417260646755 3.54951864126187 -7.14763935066657 16.6039593955002 -1.89103437766489 2.24988696568517 -2.67116272976013 1.7987532232086 -5.56425028945755 0.00671659056274931 -4.59781665578406 2.77332142792134 -0.0823510814089395 -3.64652729882842 15.7457907158889 2.2123628244544 -0.851681945573184 2.06619534639686 -1.11559125053293 11.1262203799778 2.79974938596882 -2.61992054673584 4.3611807406447 5.32256065626915 -7.85560336625525 1.68505652538682 4.60607695991653 3.91277754925601 -0.565426688682693 -9.79558560134533 -0.274378246191752 inlier mahaDist=28.5625669549626 cluster2 intDim=28
-2.20338136392725 8.11802869648089 4.38814634583954 -5.69994233820812 15.3123960923816 -1.28509011466689 0.793150331512972 -3.32473745777749 0.99222692745936 -5.29935518876034 1.47377302977159 -6.14563141199584 3.81094628356626 -0.510212329385405 -3.78316102813099 14.3887562332964 3.60986719416206 -0.406433586209529 1.84073147126893 -3.01626621736295 10.2701738779358 2.8565533045813 0.0203711906990365 6.63047230504012 4.05061103525619 -7.16989405068342 -0.906547050479054 3.72850572861983 4.1141126680202 -1.64788558079031 -10.3185539761878 -0.298775652738825 inlier mahaDist=15.9683506405149 cluster2 intDim=28
-1.67218299908567 6.00670518362669 6.32305580030209 -5.23781157734088 16.647558121682 -1.50785646969105 0.131723669529288 -1.99646718485574 0.558332720000199 -4.5494348381434 0.851475889584954 -6.40469510696006 3.84445891383333 -0.359518045063084 -4.73345581748921 14.2408219812908 3.62385700776201 -0.968107728221999 0.941887300705187 -2.7685532408113 9.98684593241981 4.24705167101123 -1.51665907525662 6.42384740072351 4.2529995321699 -5.33133975207796 0.259034576679943 3.4389394308655 2.43567483647751 -0.272111205104905 -11.8382853099845 0.0804940380555445 inlier mahaDist=27.9655072883365 cluster2 intDim=28
-1.86125255667997 6.65230549249725 2.18990849980578 -6.20428975480309 15.7757855168286 -0.757435563661997 0.736485277159947 -1.48992916767645 0.96476460699984 -6.3278811389122 2.16177741291486 -6.55094752238612 3.78488448577123 1.20963320091235 -4.41285643617232 13.9123248192618 2.90096300426379 0.755589722624719 2.02686176697315 -3.88918367693947 11.7960321375751 3.67119515128489 -2.95297701602019 5.13826105062377 4.44375471108783 -7.27098588608719 -0.41364525616044 5.84413364241957 3.86418014537089 -1.33539866915679 -9.3964849570281 -0.179801322125118 inlier mahaDist=22.3801307418312 cluster2 intDim=28
-3.69997720864001 6.77082529639201 4.73062445869221 -4.97365505585411 14.8645495469302 -1.15877721934385 0.822057442185918 -2.91488549070286 0.388402905266767 -4.34739829484305 1.79044159289919 -6.31000062672084 3.48211372861328 0.471215132359167 -5.11130607920713 13.4835389259583 2.48478109306836 0.270375818315806 2.20195431213737 -1.81790330030379 12.1257602453951 3.42020236080911 -3.0213824215412 5.84405399357189 3.11147814326903 -8.64344060746919 -0.769540108295793 4.56734293853309 2.06361672588205 -1.17813801087176 -9.20046087579209 -0.0010609733007097 inlier mahaDist=21.386612018756 cluster2 intDim=28
-1.81015579431927 6.18255053485376 3.81154317249933 -4.32657446492822 16.0542245633127 -0.0576612801214851 1.71376548004092 -3.91768354567308 -1.35133185572056 -3.70935743928379 2.47026067750114 -4.6542889834876 3.42932016818644 -0.0271581525119541 -3.58925833189142 14.949597191376 3.84884017823089 -0.560665717454652 2.09953066678987 -3.73489494835865 12.1018157256249 1.74442966755085 -3.81191938556379 6.91464590996791 3.31610935937733 -8.06970466449308 1.45650403304931 3.92569975500852 3.26267450322842 -0.468909651220664 -9.45911039939511 -0.966139001483934 inlier mahaDist=31.1235071675852 cluster2 intDim=28
-1.93104073603597 6.21554616940152 4.65257757691431 -5.49566321014653 16.7646842716988 -4.23996619883538 3.40811031071127 -2.92781229450415 3.14349659472109 -5.76273590906686 0.883392805981296 -6.3287766596699 5.62013179259649 0.428500616022344 -3.09671623167783 13.7061378961961 2.14043481321908 1.34796487573045 0.23955790157565 -1.62460827573597 10.6944123275594 4.00221716718233 -2.1147829543256 6.962951845777 3.44061852925709 -8.94771807750514 0.947277941247764 5.73759513450622 3.3645207515083 -2.04289134099508 -11.262504433614 -1.20850260406361 outlier mahaDist=42.8101742528338 cluster2 intDim=28
-1.27740454921307 6.46302263742276 4.14575860184502 -5.27983713747499 15.5186947366626 -1.42272188530509 1.26915298838753 -3.63913199693147 0.070468980115232 -6.4400061065959 0.927708946098188 -5.74024832703974 3.78921346798526 0.469648864867077 -4.28797828869656 13.6333250912438 2.72632974955972 0.614769168688585 1.10116478177219 -2.7168117279025 10.4776698688125 3.82148415680912 -1.49903205438625 5.3523808020579 3.2331315172086 -7.97942247969661 0.21550324577526 5.66418378759115 2.70959745943316 -1.14492522592784 -10.0609021185474 0.362516934578449 inlier mahaDist=13.2919673115203 cluster2 intDim=28
-2.32546160158501 8.17589849573204 4.52637481238749 -6.05492132047205 15.1706193825954 -1.13312016885237 1.53708315454438 -3.05864167836797 0.505972574093505 -3.44319186179574 0.627353344312918 -5.69540569041766 3.16602277868265 0.530977966465595 -4.93503154231838 15.3550995780369 3.74566166721087 -0.949617857119616 0.482542611300611 -1.7552561366855 10.0481878947248 3.66829683248702 -1.26283716488459 6.18167147905175 4.6684851126913 -7.35312621127851 1.53351476214365 4.43144558069655 3.89507583477579 -1.49435447040497 -9.8527465445704 -0.717839774671498 inlier mahaDist=18.5300932654667 cluster2 intDim=28
-0.699161734564024 6.24536770807823 5.11200342088986 -6.08748214852086 15.7394770749845 -1.77440884869653 0.961193456518721 -3.85191212273491 0.699833643894533 -4.86377819388538 -0.447194181991605 -6.98164444252671 3.70472441585269 1.38648333863182 -3.95368409657616 15.7016217226611 6.31105879187276 0.164736378124195 0.45939471045771 -2.14713998829362 10.8264129985484 2.07709562389345 -3.34708321741928 4.27473845305034 3.86325440662277 -7.80830928423029 -1.10371960835132 4.66529107719107 1.87720116638172 -1.77197427462494 -10.395414091246 -1.49218084182035 inlier mahaDist=26.1820874141259 cluster2 intDim=28
-1.36335929495133 6.07836044838225 4.54764479100076 -6.26805860416805 15.0543676835909 -2.36468504711672 1.28634560183342 -2.5206815401928 1.76627842852656 -5.64538421365576 1.76835648735584 -5.76623044400514 5.33534738240494 -1.17543893877787 -3.58242322012949 15.3947000511698 2.1510787112179 1.12295146974902 0.592600397860689 -2.42767744079066 10.8574519420642 2.03032904193464 -1.94964181812218 5.19882723386196 4.57746165788121 -8.10074727872427 -0.135334045346828 3.93515989828719 3.98682783840934 -0.191246044944125 -9.63880173933146 -1.1504448763044 inlier mahaDist=20.6734554384269 cluster2 intDim=28
-1.59819369925176 8.04775772458661 3.63074847763473 -5.31528750959821 15.0278358168557 -1.6394694567747 -0.19501469232162 -5.17099092775392 1.4326601227951 -3.77161351404445 2.07570045708056 -6.65807814751492 4.29792862455725 0.0102832916495524 -3.98500809722813 13.2396347738291 4.46156248996454 0.211676548856285 0.295101899025639 -2.68636109065569 11.6849720326382 1.93100969737035 -3.90140118744567 5.09443876633403 3.91769290616659 -9.60576895967298 -0.182066558588684 3.67409224149313 2.76701312017778 -0.649455562093575 -10.3800426200516 1.47199416967868 inlier mahaDist=32.6881896822027 cluster2 intDim=28
-0.692432688255254 5.29004429079624 1.75653102963442 -5.81116531108407 15.6835980415882 -2.01137281100087 0.925433594263629 -3.79026640555941 1.1767336318741 -4.08696588377349 1.72963972195032 -6.01813701850543 2.58873856202456 1.46636200594182 -2.78817059260748 14.1288734813059 4.84265903342685 -0.431927944441702 0.355085930043832 -1.57381862263401 10.3299747757993 2.63143320654095 -1.92456136358715 3.98339493441337 6.19758308703653 -8.06588444076046 -0.838603690982175 4.0607543740337 3.92786028223792 -1.46436088770288 -10.5810304514894 -0.0371259839981751 inlier mahaDist=28.6608670521488 cluster2 intDim=28
-0.354164294888077 6.19320345288886 0.796320537761818 -6.13823400907273 14.2803160535585 -0.278932966916234 1.61102300421668 -3.04122463718328 1.68716488845167 -4.79097497022047 2.15277459443168 -5.92147761186156 4.75881315860341 0.580895994476441 -3.18385065013277 14.9931253427821 2.72398726334064 -0.217536895062885 2.71779026175659 -2.7054735516867 10.9888561774323 2.7784023475527 -3.46741765977765 5.27814783413956 2.38499195088478 -7.51001487844336 -0.924667410662527 2.63912945342503 3.22339998860677 0.559761088295813 -9.23962877426168 0.75125971042735 inlier mahaDist=39.700420185999 cluster2 intDim=28
-1.34410617477906 7.02073066896857 3.54973351368218 -6.68889576177097 14.7171925257026 -0.720852082994127 0.568767566117413 -4.52856693973759 0.845504806542065 -3.42462211825367 1.0520790530912 -5.0809874513123 4.731691484276 0.128572769912438 -3.09582739570058 15.3783231294443 4.10965350344984 -1.78263250391962 1.35673539320024 -2.27204172999489 9.32447883332868 3.32184602481233 -2.64860640791147 6.70436296839936 3.79612442076613 -8.69064729885635 1.28540489085611 4.24867578935446 2.48230526887165 -2.67524840103654 -10.4589335157092 0.207413342187881 inlier mahaDist=25.5963558389283 cluster2 intDim=28
-0.871878300070903 5.46030266028603 4.43226297704868 -6.7135951246801 15.8291888218942 -1.63156219012286 2.24465002143989 -3.14912713186655 1.43090175965085 -5.480070509609 0.26240899815552 -6.67226529567424 3.75739601429296 0.351799855163582 -5.49032734800709 15.774660898354 2.89816471215054 0.198904197625393 1.16380719423834 -3.59968954983202 10.3394046137779 2.04923966758806 -1.3929726229034 4.19952935830523 5.17315312006291 -7.72448361924891 -0.870297072196631 4.83309607659096 1.94762361065392 -2.49092558815153 -9.13957516825371 -2.06832772954792 inlier mahaDist=28.0591515747469 cluster2 intDim=28
-3.64501344758104 7.36507210438715 5.71677531689435 -5.88720415259739 15.3346441133327 -1.64532985799542 0.567460616734047 -3.57405553792894 2.01030987525407 -5.00547870340392 0.138497417422 -5.03826707253655 6.22036497535016 -0.308677620987074 -4.71567673938608 14.4999797069927 5.88248369836894 0.685039652367925 1.82962204556286 -1.26161119021681 9.74663801824681 3.45211214192414 -2.02894197170982 8.00089525768216 3.64341602619602 -7.43573797260631 1.68784428423917 3.38709601294553 2.62904251633717 -1.03185024378635 -10.4785602186532 -0.674909837591272 inlier mahaDist=36.2584918723203 cluster2 intDim=28
-1.58429775541489 5.54140335123316 4.70419141858663 -5.01731396700905 16.0728226136525 -1.98093998141353 2.09082773391682 -2.43399300995054 -0.713707911273267 -5.05982228208613 2.13605527728823 -6.13991436225298 4.10069490118844 0.397976854743175 -4.2946121031506 15.8077945803788 4.7138241660255 1.33299568719837 2.91510220032358 -3.08116942644563 12.4064512119435 2.06473523178614 -3.74856176776256 6.70785502647845 4.06225738903448 -6.70684341995723 -0.616754715013541 3.18685971972313 2.74117893475795 -1.24642782412371 -9.60223429109534 0.135373789959254 inlier mahaDist=21.5540886128698 cluster2 intDim=28
-1.10927182226444 5.42232536580338 4.93407366104816 -4.84754548782657 15.3180960243174 -2.40279452522924 1.83531462416213 -2.24136608467685 1.59818371947754 -4.75971201008093 0.787368786002973 -5.08489142747394 2.65326550966635 -0.17409891965522 -4.81099997247061 14.5566440345272 1.41245271465842 -0.0207444747655903 1.10780293701854 -1.95916658868189 11.0475814616289 2.16488684719019 -3.10278616279167 4.20001596684538 5.16053352654411 -6.53671020159008 0.359764865455084 5.47009505131167 2.53806570372717 -0.362939066983993 -11.428454895401 0.374182428086931 inlier mahaDist=28.1529671697212 cluster2 intDim=28
-2.30340464627576 6.21427999239139 2.90060933164713 -6.29391004329808 17.1117675527976 -1.28174890056485 0.714116190745563 -2.48035182579964 -0.247818986455418 -5.54965216808304 2.63318383493053 -5.47667902575921 3.08457050931768 -0.268164128310799 -2.6373310222066 16.7169377388392 3.39306640992584 2.234575254044 1.23148400889147 -1.841798043603 9.99727100553252 4.11938278590275 -4.32023074754393 5.51810499348749 4.47078450015668 -7.01543183454529 -1.35206911285648 3.57223608760688 3.22465909351814 -4.2873021071233 -12.5182056518208 1.8202873131986 outlier mahaDist=45.037170285419 cluster2 intDim=28
-2.07992185716327 6.63041088820476 3.47986034235355 -6.93426651188236 14.8140857323354 -0.626139983234754 0.805891499672464 -2.6191834909847 -0.156322606595584 -4.95099227314294 1.47625142807529 -5.88263272525565 3.94167437577363 0.00807197697761686 -4.1088085162903 15.2711459677781 3.6476277381087 0.815281224851645 0.924898304475221 -2.08651077904692 10.908152846762 3.48224050928681 -1.23714589036019 5.37822320419208 5.07922522079243 -7.52628586472691 0.671124840029921 5.25334970347245 3.18586826141617 -0.37753281485393 -8.9675715201532 0.0300511907034515 inlier mahaDist=13.2789542064123 cluster2 intDim=28
-3.33577004389264 6.77730472953698 3.51574289995175 -6.20717749276336 17.4318684943062 -2.43130631557465 2.58442681168054 -2.96773287363256 1.92111082710361 -2.42348958090791 1.36055886422561 -6.4673991910584 4.26339887042382 0.560384852188905 -3.25015687837838 15.6784482797044 4.05371960135345 0.0678600427061002 -0.344946222307885 -2.19850311912603 11.5614888046916 4.58138296261986 -2.46979073942045 4.59077576090578 5.31587280676124 -8.3841324447108 0.230299459871021 4.70856494500142 4.36356849769008 -2.0517147194246 -8.90692072256407 -0.661490782677036 inlier mahaDist=29.9665137569615 cluster2 intDim=28
-1.08180188778227 6.15889678453965 5.46542046137745 -6.47171002336147 14.8329093038822 -1.14396194503325 1.75467299288315 -3.13136430223257 -0.249056038064129 -5.79857350483631 0.304290852063478 -4.21827869813574 4.2710052216475 -0.490742344331625 -3.42208464889446 13.8168946895934 4.22170131849565 -1.02902198711988 1.73630396347674 -2.09362620047947 11.0945104629573 0.210375246621014 -1.82039117224196 5.59595659916 3.03017468638982 -8.82936352771445 2.04514460733615 5.05400032688983 4.54072773208518 -1.42345097885481 -8.53322336751359 0.32027159470535 inlier mahaDist=30.8682619130142 cluster2 intDim=28
-2.44676148198705 7.05496247069847 4.71963132877396 -5.14255830683547 14.0777952990558 -2.46750788833543 0.889545218744917 -2.47356804855296 1.69887341118647 -4.39444572959399 0.459906470584038 -4.59961456575945 4.28532501498197 0.0567138922241167 -3.71633164417992 14.5842815041965 3.18735881133133 -0.0057154826834529 1.4649553327543 -2.61788553707317 11.2618649290397 2.66617585662516 -1.59438317227643 5.40740892075543 3.90008702598141 -7.43462893973118 -2.13674293450217 3.88165817365164 3.05318952251731 -0.590952058144215 -11.1620063511603 1.58229510839111 inlier mahaDist=21.3920859749893 cluster2 intDim=28
-1.12690504221035 8.03262831441283 3.89998900154123 -6.72903119637287 15.9095613223839 -1.76790730928346 0.639153621634933 -2.03800880403091 1.55756184294775 -5.37991136462017 1.08612972759332 -5.92321185090023 3.51628827566425 -1.12475718619067 -4.6733199157885 16.2968215279207 5.70170738434963 0.742519270702026 3.04433852483057 -1.80312895449418 11.1399218035163 3.80232288674799 -2.17190954146008 4.22522913299237 3.60667375632272 -7.20490549848194 0.333264881630837 5.28854715740543 4.2401074876746 -2.58275801771764 -9.53996845795351 0.00307472301997608 inlier mahaDist=23.2511918303888 cluster2 intDim=28
-1.32075048684258 6.66517052121669 3.93100366699863 -4.44395234918618 17.1835152796462 -3.86352665428918 1.64984502808483 -2.72827245703126 -1.10956280961179 -4.52591839684128 0.12857171847164 -5.19933656011689 4.38020211235541 -0.851981800041768 -4.37657764548025 15.1366487549633 2.53363756744768 0.733433950359443 1.16946706184776 -1.83228612557718 8.88007543112837 3.3050365632634 -1.11788165814609 5.08984678393039 4.69997839537239 -7.54020199700192 -0.824945916035641 3.78111648808378 3.26684602213732 -2.18259592426045 -12.396923538563 0.117841489447073 inlier mahaDist=31.84900609132 cluster2 intDim=28
-1.59286672736228 7.48672190643557 3.07498565798078 -7.2302565770128 16.2003671325146 -1.9991517100643 2.01725841369598 -3.26211160502361 0.847158503635749 -4.22940792841576 1.04767498229248 -6.09541320956216 3.1822457670996 0.851370577464785 -4.70181334267473 15.7053529597835 3.26990236858802 -0.202530974146631 0.748747729309895 -2.18564865504556 10.5698922280728 3.69562606531365 -1.56576133009618 4.91623607736939 3.90242660047194 -8.39661530356504 -0.635105503353575 4.02619614856407 3.29387562422529 -2.59136796029281 -11.3216552681379 -0.435027629940167 inlier mahaDist=15.4096883785376 cluster2 intDim=28
-1.18197452545826 5.64582458323469 2.87739484239435 -6.83162798199655 16.7224033588446 -1.15829152180573 2.2751847576304 -3.05114569473005 1.98506206827457 -4.83260351761457 1.55771597017528 -4.80214715982527 4.02408758437221 0.827438349635689 -3.96902861177887 15.2102220119722 4.56926626029615 -0.258623134000623 0.505437466956036 -4.59722460412252 12.0617404227676 4.00759353601502 -1.78840605062916 5.87523556946466 4.53853797380889 -7.5520834056737 1.90901607475804 4.22648449731957 4.06997042538039 -0.201459912844154 -10.1932423033539 -0.913198375838993 inlier mahaDist=26.116794601899 cluster2 intDim=28
-0.859343097669207 6.55705990192473 4.86154988298213 -5.1353820960662 16.6345907819101 -2.17046216287758 2.18194922701247 -1.57683840672999 0.0476307068876254 -5.68134111607016 1.20830737220082 -5.29433676563618 3.90288775017108 0.122956624861329 -2.43435892434358 14.7233325003537 5.36559544257773 0.00634556722970125 3.42079599709398 -1.93904237030602 10.7464936045214 3.0703430362399 -1.95033191996568 5.87397888367466 2.49863913052463 -6.90673398479203 -1.38372544027733 3.4893704858014 4.17659700138166 -2.22252645971177 -10.6946330380524 0.929702942662342 inlier mahaDist=21.556267785767 cluster2 intDim=28
-2.05992590176355 6.71104281043912 3.9886644664839 -6.76550759329706 14.9855325891087 -1.38559806718312 1.73592237540914 -4.21255561879131 1.78512156705642 -6.70276463593047 -0.560395662514134 -5.86738384253376 4.17308561656224 -0.788322083720318 -2.28327548308368 16.6032051807887 3.85855211477492 0.734227292013326 1.65419353870141 -2.70347090984717 10.7588620934746 2.40204844071789 -1.47387740401274 5.55129437798959 4.36288571548861 -6.43304712586232 -0.28028911160747 3.88108984686288 3.52073995487257 -1.01089529316549 -9.81832848014184 0.90086601886133 inlier mahaDist=23.532407385669 cluster2 intDim=28
-2.12918449833344 9.12946209305712 4.55619764113466 -7.17278360969852 15.9284636224325 -0.762275743694933 1.78860953509776 -4.86794651194262 0.845552357758978 -6.36025461231945 1.54347112570389 -6.55539811851277 5.40116939268932 0.838492303182053 -4.89308834109974 13.752697169127 4.82994404795581 1.63128650347108 -0.420496038132907 -2.56120248770855 10.6817536030794 3.9532223850033 -1.98619941433152 5.36296536458315 2.71737841804486 -8.10809919041486 1.71592162883912 4.75242000020935 3.18180675220567 -1.33191413779458 -11.1490698073586 -2.08374774547858 inlier mahaDist=39.5950649999316 cluster2 intDim=28
-2.42056075985116 6.05718874699861 4.68296039035463 -4.36291905101928 15.8052123451848 -1.17853190957433 0.0217096966869376 -3.10461776632848 -0.761535563966907 -3.73434588281394 -0.189246447376841 -6.40700748639039 2.88315402157792 0.365741490134183 -3.64312225663057 14.908344309659 5.99676503992145 -0.0133114499786344 1.75023805702742 -2.7016294591847 11.2794764510112 3.09540477518873 -3.04717671900061 6.51464768133362 4.48426245520747 -7.46824951317189 -0.492045977977763 3.8112335015796 1.58368244167939 -1.65243415531902 -10.2508612746652 0.531095841312853 inlier mahaDist=21.9778886446424 cluster2 intDim=28
-2.26958800770654 5.92308668929613 4.09080713134003 -5.41591601149793 16.6397890533711 -3.12094438450633 0.72883801097327 -1.99920017337195 2.2472900574311 -6.70075139236215 0.853569264860207 -5.88487792941842 4.33150431792387 0.770716244612595 -4.12836669288198 13.1727741349164 3.70679628478592 0.253152696852213 1.06593127246926 -2.11251071295708 9.61332759836234 4.34277475478725 -1.87666902320516 6.55860094584268 4.65767726268784 -7.96524422887089 0.959953492270339 4.61242770120442 5.15515979869785 -3.73073424593158 -10.1959641985533 -0.173066640117221 inlier mahaDist=27.8845127829147 cluster2 intDim=28
-2.72233363410636 5.03837773810852 3.77075279169986 -7.10584589048233 15.607310575543 -0.272075892565545 1.94547208597548 -3.14763975482647 0.294935384217198 -6.06954826700029 0.716749158602387 -6.22049729232338 5.09662843802871 -0.581607639941157 -3.42024327654712 13.4620115532402 2.63840711844156 0.591356596205551 1.28194534829875 -1.05161149332604 10.0954178433972 2.58209661991608 -2.08423096183109 4.72656461654161 3.61067549103279 -7.89875902475681 1.35755509357268 3.06953676120881 2.79562474565212 -0.951271798927723 -9.1711120782742 -1.29337234767363 inlier mahaDist=23.3420191678266 cluster2 intDim=28
-1.87963962350479 6.31111716175114 6.08534071265257 -5.10014816526694 16.7222293141933 -1.3695826938955 1.14958331931993 -2.220293527574 2.20223161743079 -6.98338270106546 0.069935512492681 -4.34012959606867 3.54062991307291 0.813579784502343 -5.08382159688392 14.1784189367378 5.99382253666417 1.16302617509578 2.04489204391969 -2.29067546897266 10.8669734537931 3.94147607881344 -1.95458054516539 3.44927086321553 3.35778210974306 -8.47353352232969 -0.847351981074007 5.40888853162009 3.29111926269228 -0.654112940598563 -8.48812283733698 0.0773459991371487 inlier mahaDist=35.5788122934801 cluster2 intDim=28
-2.51205711680102 6.69484845531538 3.0750709133085 -6.71332204335579 15.6413028997066 -0.601521264710174 1.52332483214863 -3.90213014089487 -1.23069552111806 -4.72630986879521 2.50078750290651 -6.98148858071123 2.83679936805497 -0.696208228553212 -4.60420462362845 16.2333749177429 2.47827780660079 0.0169292335338966 1.99363533179389 -2.9499163792502 11.2770469396021 3.13195607084621 -1.75725528782521 6.20357250586826 6.5476471285484 -6.50543971296864 1.90998472379878 3.23103214282598 3.9702731854301 -1.70061442205825 -8.49320716023695 -0.335121677800999 inlier mahaDist=35.7488816292469 cluster2 intDim=28
-2.93627475843253 5.88858769021974 3.41921395559888 -6.78331069037667 16.4240312210422 -1.68078526588403 1.9575877591412 -2.35258576532098 1.20364926878598 -3.26375518407344 1.03751488198121 -6.2747809086679 4.48819551536732 -0.173808954682883 -3.48891791721493 14.5814018293617 3.48332596512473 -0.722156800436792 0.252578935785271 -2.40444499945707 11.8318657979436 2.9585915611822 -2.16656031992356 6.76975457175712 3.49144204371534 -6.83741274829119 1.5184965308687 3.80100683046773 4.81332880838679 -1.50711157089285 -9.30609328642826 1.44805032360694 inlier mahaDist=20.1959385540953 cluster2 intDim=28
-1.33254623721605 7.45328571453679 3.34147821942275 -6.2177092500304 17.2737429872191 -1.52259398134242 1.62376711195395 -2.27895133304096 0.631488971252085 -6.49926242195704 -0.54378701382598 -5.9048743749776 4.35726536249129 0.197907956476921 -4.89893760907425 16.3329267884281 4.08607670706522 1.00057159980931 3.08701249402684 -2.30255974220423 9.0731022843721 1.49883314355698 -2.72017601348211 5.58460611762256 3.75438680418245 -6.18914165743898 -1.68603796049941 3.43190425283476 3.00102858359245 -1.20724950880279 -11.2738629450335 0.723831800753824 inlier mahaDist=31.0449660950795 cluster2 intDim=28
-0.632921759351641 7.44252864946575 5.36925101277653 -4.62400650070952 15.3786018598564 -0.626888163799061 1.68390705977797 -2.41012721515512 1.02539876404072 -6.43599867558953 -0.0870416792790655 -5.50941438439138 4.93326357517236 0.76505258841859 -3.77072125319362 15.2988533969961 3.82258398445429 0.534649558702524 1.48850594806853 -4.00896915328472 9.47189060094713 3.91144619512828 -3.37898188458584 5.82663160415595 3.49351032601873 -6.30751326551544 0.414972515034992 5.53986928943813 2.67971758767072 -1.47024054218626 -9.28716706110636 0.66535546236485 inlier mahaDist=26.0069772333707 cluster2 intDim=28
-3.43416097841158 6.74309199881559 4.8333458568172 -6.32945559474782 15.2331280997513 0.071453023841896 1.5097177479944 -3.62448570083369 -0.127796494519696 -4.70009872568646 0.915282708297211 -6.23275233416921 5.51740722595949 -0.505278961110435 -2.0285459701854 16.443589363086 4.19033040815334 1.20227325157301 -0.0649243968483719 -1.8180673043451 10.7654767736274 2.78356018001891 -2.28226032517346 4.52260778958642 3.45793950338784 -4.52788175175931 -0.36690342572149 6.5545070222158 3.28655210070509 -1.05547500285035 -9.66042480919306 -2.14304048384974 outlier mahaDist=41.6995585029249 cluster2 intDim=28
-1.37064457467662 5.82307589515914 2.53617874950382 -6.13004327163899 16.1239056333245 -1.40438545617271 0.769895880116491 -2.7835428858945 0.723816312104003 -4.75182343557408 0.143132449517538 -6.15552294862796 3.19184308836063 1.71617232716979 -5.095024913891 13.8640544198484 4.75222077257241 0.312511798512276 0.0539432928798218 -2.60480325702406 11.3503554059408 1.20893129001127 -1.56772500422341 6.56123957540763 3.73408050294161 -7.29834101063908 -0.313336796106916 5.7857592273449 3.13710439545619 0.421225504604423 -10.5704509737662 0.792888170937927 inlier mahaDist=25.6652181321832 cluster2 intDim=28
0.553580986863237 6.21850256443857 3.75313307346763 -5.88121774082578 15.6830445283244 -1.68249063097945 2.00814268669307 -0.540884088777521 -0.120067821172508 -6.27929701016103 1.72978335735933 -4.68718742201415 2.96102746367063 1.07244845738971 -2.32229209690322 14.4235227751845 4.62473613247427 0.250678154019606 2.57131011294007 -0.840772561919797 11.3161611725245 3.65533389201506 -2.23244399727737 5.26701611441561 2.73410774610735 -6.29955242172383 0.375341681439309 5.88753288063118 4.49215851090573 0.734229646356942 -11.3445366067997 1.37928720444315 inlier mahaDist=40.1325673889211 cluster2 intDim=28
-1.53261303984655 6.16391903371717 5.70640593374624 -5.74162284649752 15.2355965619548 -2.49722207131735 1.6955102396597 -3.70828781452765 0.561058738684172 -4.80508975033619 1.23842093660268 -6.89542356282711 4.18490925117129 1.96100816332289 -3.36865750173422 13.2064493917295 4.29341059125645 -1.74758992804167 -1.04526474976281 -1.63949432249179 10.6013537084493 6.04528054163494 -1.57178167771316 4.99082797833272 3.15477961772493 -4.41406322675291 1.24280238615768 2.78945650332816 5.16607921425252 -1.77602513697483 -10.9638867219415 1.00148321776146 outlier mahaDist=51.2175666664526 cluster2 intDim=28
-2.79378691095093 7.32066360378979 5.81826647314023 -5.88977048336434 15.7295412226682 -0.934753059272527 1.45191822298389 -1.23439543930273 -0.516535222029924 -4.6750072751111 1.00682961315088 -5.76666213714941 4.28346073101793 -0.633854210884114 -2.59093083582686 14.7310820665261 3.99965889498347 0.481654274417048 3.31882918467665 -1.54713891287066 11.258889330754 4.15869268880307 -3.54356121956125 4.53952583680803 4.23116010820492 -8.17035579690802 -0.439791567634355 4.37621584565415 1.78594696867138 -1.62873163071139 -9.99566724150807 0.665866205282308 inlier mahaDist=21.881063059369 cluster2 intDim=28
-2.75491917074242 7.42518728221575 3.86037059040202 -5.57808645851648 16.0060317537453 -1.88967538907071 0.791610552132021 -2.2281255607853 -0.0656241617298701 -4.24345947670288 0.26792055736367 -5.22951581213903 3.78284055755432 0.529173011827822 -2.70382601780103 15.1778388244991 4.26419607727447 0.723598725316201 0.49899343876492 -2.10427090932677 11.8355380130933 2.15095756725422 -2.33111095043512 5.6319222797589 4.19165979492249 -8.9200029117552 -1.29704172967352 5.2835589180454 3.59609577455991 0.69250296180193 -10.7804964929805 0.0417013066159193 inlier mahaDist=19.8066204561145 cluster2 intDim=28
-1.39933134506672 6.73078414425437 3.21046081048155 -6.07806600189694 16.5016094859457 -2.04090358665368 1.95885165288064 -1.03896357667918 0.684720836517352 -4.72963663338681 0.632577771374472 -5.52780560459997 3.01367584871381 0.242539912935574 -2.9431804302102 16.4958027195234 4.10072828214839 1.08555338324652 1.29268669784682 -1.56238547899276 11.0940941507947 3.2245905266871 -1.79268010390292 6.01555378217764 4.75537515374052 -8.52948840498606 -0.109505368376001 5.2799623546202 4.39321421184363 -0.174408033511029 -9.18235011329528 0.486934512959447 inlier mahaDist=19.9000983676471 cluster2 intDim=28
-3.87669175313509 4.9478422697069 4.75614923810621 -7.43040785678566 16.2075092035258 -1.00734138543286 1.69522014445889 -4.35643581635618 0.202483497423472 -3.91835866723242 0.575730994313032 -5.37259963763308 3.57841711593639 -0.166914345571641 -3.26780878892813 14.8316149280095 2.69506842668024 0.0103140640592978 -0.395931058133601 -1.20757595205297 12.1993007213029 1.13918121729287 -2.21949459168806 5.64281671802473 4.34987938091243 -9.62639276403693 1.03967555423403 6.10380965156038 2.4628309680638 -0.251504605269585 -8.92209570976524 0.527739065910216 inlier mahaDist=38.698348564046 cluster2 intDim=28
-0.849107362146629 6.74003205813153 4.15550446089158 -4.35793924923109 14.8419994528804 -0.88560820111228 1.98908910586546 -2.57541434794086 2.45047123442161 -3.99136683378547 1.0647773975759 -4.80225292302649 3.74401468464196 1.1627696802545 -2.2755421860745 14.0484063022265 5.1934358349482 0.197811893323036 -0.459921258747267 -3.87995079564579 11.1292341266926 1.7301943607474 -2.62232139160811 6.52816710308066 5.15717829639858 -8.77827579582354 0.558017109660795 4.44922014357757 3.96729869381936 -0.0805500922177113 -9.14490744891497 -0.141825940374236 inlier mahaDist=32.5793730866461 cluster2 intDim=28
-1.6438207183954 6.21908685890253 3.73269707895876 -4.96798781922771 14.762702273372 0.302343672763583 1.8562092069263 -2.77137240769574 -2.43337639456778 -5.20040655797709 0.994308197736576 -5.07300607799524 4.07473955524799 0.465407192609524 -2.48573064981783 13.6437461136614 4.16881603250453 -0.0600975877759875 2.3631089006407 -3.24923513381889 11.7550379690284 1.68216067058253 -3.75493277517481 4.99814408944079 2.94361205393204 -7.52839786065607 0.66329522874921 4.33009450795686 2.61028235689627 -1.34599293416165 -10.284057107886 -1.6784524111069 inlier mahaDist=29.5093581353961 cluster2 intDim=28
-3.05041891104445 7.68224061925868 1.90370398623876 -4.76876828246191 14.8502409223633 -0.40397085811888 0.833026837929801 -2.08468054519794 -0.43800025619923 -4.76514885502533 2.03802756316199 -5.20026119128276 3.78227866122771 -0.184879636260951 -5.1838657851982 13.5472441421962 4.03787181250047 2.41428934799104 2.60556582032527 -2.09407797233601 9.97509324618511 3.21906975643993 -2.25741581553014 6.6509088572504 5.93338546075605 -7.64503803842218 1.20098056327054 4.8149558141379 2.66254754206736 -2.37697311462743 -9.96936464468353 0.249526079249449 inlier mahaDist=33.4329098597586 cluster2 intDim=28
-3.05417638622196 6.32971066159544 5.15305105948196 -6.22502603291195 14.8579241406512 -1.32517791139087 2.10445067114268 -3.19646094511886 -0.631824893526279 -4.68460847225458 0.0414280173276098 -6.59162099225395 4.24720890352023 0.399247169214688 -2.67086593631251 13.0603977636 3.42594603675393 -0.750423697455671 1.85801578622835 -1.27471572816727 10.4351164458556 3.87342323168267 -1.27922464527274 6.11200278215111 3.94467572909838 -7.58295659264341 0.754351370270053 5.00062649415014 1.71006630850168 -3.18521473310479 -10.4616387992749 -0.256802023251893 inlier mahaDist=22.1134627313074 cluster2 intDim=28
-2.67584358700824 7.06857966021633 3.20614634449468 -6.67921735032587 16.511281709831 -1.83980853160101 0.944341878943297 -4.44769898391055 1.4666056715424 -6.33396685754342 -0.468317417771778 -6.27238028580492 3.43978713483226 0.366884636419752 -3.73401086817183 15.763748551573 2.57208912188395 -0.101678020517268 1.0915233344905 -2.78440111601231 10.7991168489355 2.03847184358318 -3.3134484207738 6.19493758761483 5.17221546574107 -7.51640087605676 0.678648665973911 3.98205951042939 3.53514584103964 -0.573823246558251 -11.3829370873213 0.527681127526495 inlier mahaDist=23.1236580585318 cluster2 intDim=28
-2.89361633158351 5.42832533623734 3.66991090650823 -7.59920103519579 16.6050122207146 -0.861712807669289 2.16136120851573 -2.60328681035223 0.736233897157279 -5.40289945041218 0.264777616337103 -6.34397837577254 4.16995776741017 0.423528651405929 -2.42550787956769 15.1000763040668 3.72979831057798 -0.241583326111479 0.693055086715456 -4.57394262784026 12.3135757136249 1.45139183902932 -2.05296708251089 6.42401035934303 3.6719849352698 -7.62437558632761 -0.609593402539612 4.48099352473823 3.74969263305828 -3.07159608918915 -9.78153814392035 -0.0848508509724151 inlier mahaDist=23.9319069043379 cluster2 intDim=28
-2.23117896076374 5.82593003007114 4.38838029814393 -5.74781060867535 15.1065720696077 -2.0425329533789 1.71305567875878 -4.48974556191821 0.441927630932092 -5.21866610869182 1.35620329281433 -5.02120569185656 5.05845836480212 0.635592714863773 -2.87176119243614 14.7813810980358 4.7103926963591 -0.305783499035741 1.66795615110504 -3.6086770333132 11.7538666591257 2.29276687458289 -1.76822779336059 5.4265789592622 4.9077291834959 -7.62812587493426 -0.352021896610796 4.23718114006942 3.87786021859031 -1.47640953668103 -8.950103201915 -0.0547636560897831 inlier mahaDist=13.8759227749697 cluster2 intDim=28
-2.38314725906988 7.19245416065464 3.50599186567035 -6.98405602681732 15.9791080526169 -2.03734954869172 2.45928915970204 -3.28524106283328 0.498650195722508 -5.10940878160651 -0.394922023134205 -5.56813894922233 3.82536638940057 1.51450340614096 -3.90904504298833 14.8491279820849 3.49943571818166 -0.0668437074670856 0.564884676124877 -2.40387992421587 10.5880290286492 3.56679086244494 -2.4637100939935 4.71087041178355 4.07310026807348 -10.4100032809692 -0.311758211380464 2.32597540914943 3.6100764690297 -2.64550838240954 -9.62264014527132 0.873877554841164 inlier mahaDist=24.4557270642979 cluster2 intDim=28
-1.28247463443669 6.04306939322755 3.03367119976047 -4.93670191848671 17.0309777445592 -1.33253359754255 -0.417070805344938 -1.98584119882275 1.10133608559069 -4.95844375278493 0.559740171052083 -4.87214790028207 3.77144200517472 -0.0369181618367561 -4.74033886819134 14.238729797945 4.34883699214054 -0.383256542413831 2.20452894722417 -0.951460776037674 8.8998140668017 2.4388776939041 -3.98698564323762 4.92327054776747 3.77966266086166 -6.36055014743812 0.326420379271734 4.30003008514775 4.18941932278703 -0.850482971331137 -10.5454568178484 2.52168783200526 inlier mahaDist=30.6366569497998 cluster2 intDim=28
-2.35457766069146 6.53842259428184 3.70897589854066 -6.62383607055474 17.1703923441205 -1.59603304334895 1.57993079649672 -1.88967604496667 0.804295192920955 -4.9445592144689 1.6278226590821 -6.50787646664705 3.55536923459435 -1.47230778891668 -4.28247839562048 14.493636716696 3.40310899989408 0.267301721957935 2.36952274753123 -1.83723126301635 11.0560027174867 3.68919091078064 -2.18661304246773 5.921135397906 4.12226798521787 -7.41489798339428 2.05847723787994 4.15487966860478 4.22352012496008 -2.90243113790261 -9.75488709619836 0.323086391658356 inlier mahaDist=15.8745760003368 cluster2 intDim=28
-0.165783481746903 4.87375525625817 4.29467159392617 -6.31382030706821 16.8698944588579 -0.802649286254894 0.571323850726087 -2.87269107745 0.414674483558658 -6.26229265865389 1.16976061098132 -5.64105989301891 4.18653402836481 0.124792116131308 -3.72838256354367 15.7023983042027 4.81406334775458 0.0149114798577619 2.01444720745644 -2.56890161533146 9.81019909279054 0.721599166624648 -2.97948087949362 5.78575763195501 4.29333961432097 -6.83475859207695 -0.26576630529477 4.80389093276071 3.41448738302341 -0.666513046922541 -9.16325402761943 0.634973667979863 inlier mahaDist=22.5653645819203 cluster2 intDim=28
-0.609385466468578 6.36605832432137 2.61030373150993 -4.57088660028557 16.0187053035396 -3.36695019775127 2.81110250960532 -2.68656124338053 0.699435693644137 -4.24777882519632 0.755885664593251 -4.00177820295991 4.34144262481076 0.256615553281209 -4.26971413519597 15.4428040960271 3.52674681321069 0.834410836012569 1.90747314775386 -2.49936507145603 10.7993768265016 4.38275450293265 -3.3017973308899 4.83066946730836 3.68731598002257 -8.36968601989296 1.03160878600489 4.6246786897437 3.36655885493502 -2.18255672991187 -11.1319477484044 0.265678906292663 inlier mahaDist=23.7967918598945 cluster2 intDim=28
-0.760711045766783 5.58384392889257 4.76668346821082 -4.97552400882207 16.837504760312 -2.31192613645091 1.8610015894291 -2.94569248017926 0.798718441032492 -4.78963034171533 -0.618422675154074 -6.44523898185986 4.92785064568782 -0.384342251575819 -2.6472936088273 15.1711953926012 5.09666165574202 -0.18549642592628 1.47821195353593 -2.97637847496221 10.7575698725597 3.10738579225641 -1.90873523390821 5.32867671247718 4.49111398367008 -7.21994321210736 0.36614436663673 3.69976474815157 2.74935157764798 0.640370223525041 -9.71851203259576 -1.07255585541343 inlier mahaDist=20.9658615352795 cluster2 intDim=28
-1.70946409213267 6.58075636331136 5.03700791179678 -6.96465257077368 15.7655072846505 -0.930779701843272 1.9219486869162 -1.45840256645963 1.45273881503927 -5.13794916644803 2.47360541057202 -6.36430755531613 2.86576580025367 -0.205496590598436 -3.84050056848279 16.6076374266742 3.47673561641203 1.01094439361322 2.27248545742397 -2.7112905289651 10.97624048103 4.17889931964945 -2.69185503343452 6.59743799876737 6.18387189045949 -7.08322610612969 0.114662383972997 2.80678918520471 2.60249135218831 -2.07968619327203 -9.69820501312077 1.53464751152791 inlier mahaDist=28.3900378165099 cluster2 intDim=28
-1.73564292804971 5.33251736885669 5.50756444070053 -5.32576910488111 14.1305784472967 -2.280769823784 0.756652733788899 -1.84194293103177 0.657617470397504 -5.62866631353828 0.0265375092461786 -4.60822269339585 4.43712692878378 -0.791680308658249 -5.18705145709103 13.6169111668829 4.35503311851873 0.017621516198975 1.56538176935441 -2.20229222416785 10.6648609655338 3.3398685754822 -1.94035760709024 6.62702289599615 3.23801231446787 -8.08977440144047 3.03141399823684 3.97408021681623 3.90387656081892 -3.67130190545526 -9.30728742987356 -0.744955205794474 inlier mahaDist=33.0501327868681 cluster2 intDim=28
-1.43426964685022 5.24110769764526 5.09577711171387 -6.57499906201004 14.4674335896493 -1.52713774368821 2.39656524584512 -2.95487639594378 1.60084083365866 -5.07428941852832 1.61298329165938 -4.35463850274446 4.58622948236156 -0.516614702396604 -3.18565387794707 14.3987543653453 4.15711470524195 -0.545078494813976 2.24268813486964 -2.12727144716538 11.4418851535683 3.87480735187687 -1.30134859787187 6.3322604392559 2.20378158098287 -7.17261168300781 1.2126105917042 3.37772206933585 3.54177096020731 -2.20417136564503 -9.50672259925806 1.80307433699261 inlier mahaDist=24.5142230862751 cluster2 intDim=28
-2.38414673811553 6.19299843680774 4.31472638444863 -6.76873454008625 14.9596348748385 -1.24411350650201 1.09480471779429 -2.21798504481166 -0.816023767759129 -4.75510979273515 0.443859212386819 -4.50351982234588 3.41388015997281 -0.0563263291940374 -4.03759960288284 14.4442807871579 3.17278238028099 -0.457283708099448 -0.403473377709805 -3.09349419374845 12.1513033302341 3.50911853653814 -2.42557968366744 4.02424400918408 3.22292335930686 -7.94145270370759 1.2716589581124 2.40612267932799 4.37208858798605 -1.5245802071432 -11.5470014472497 -0.747069439827157 inlier mahaDist=25.3417810481525 cluster2 intDim=28
-1.76928667182459 5.57984019991771 4.25134980930046 -5.27897125326659 16.0731586701419 -2.71695229117225 1.64476197954452 -3.44666734126152 -0.415516329165008 -6.71818188218222 1.79926650797133 -5.46386116266387 3.72498207893115 0.687338431167886 -6.4392890743234 13.9644599951125 3.77513972057004 0.417354692883243 3.37645888175986 -1.95291564765792 11.8793327749578 2.50210649845769 -2.12189769554481 4.99636122839052 4.29525229885158 -5.8853415883816 0.92882637658467 4.34190194160403 4.02209984233947 -0.271412354853567 -10.017758648555 -0.720939052110057 inlier mahaDist=26.8197350991157 cluster2 intDim=28
-0.575262064857827 6.55313516466647 4.98130662286932 -7.15152602859145 16.2024297424823 -1.19794513264983 0.903964583225572 -1.26853593739554 0.0301431863690145 -5.89451435712419 0.144879214685264 -6.19424289586594 4.47102406375033 0.0506540766759446 -4.0477594687801 13.7543376789762 3.79979627547859 0.666840724032214 0.21466843547171 -1.74524012796229 9.91496845282775 1.12393376329069 -3.12210485759724 5.06750777707966 2.88694307409485 -7.03182949123078 -0.0528274679923596 4.44924187356967 2.56365257781259 -1.33693369885808 -12.802071835332 0.409742718878314 inlier mahaDist=27.4591231830779 cluster2 intDim=28
-2.79821494594632 7.82932637682082 4.64260166370238 -4.95712151279874 16.1601189713839 -3.01874158569188 1.46804295021626 -3.52931859348316 1.1391863124497 -5.4211375447408 -0.0441001446188096 -5.70693622448335 3.98537818722841 -1.61544961550908 -3.21411377120775 14.5555748923402 2.19096918847156 -0.744010411638844 2.86757784287348 -1.59367357547969 10.9572603929172 4.27023076784752 -2.2935946905169 5.35466208273665 3.24140357023128 -8.20672846337718 1.70099483275384 5.95567342361016 4.50725556088244 -2.74195901128769 -9.52480939555443 0.753350374176949 inlier mahaDist=30.1498324381207 cluster2 intDim=28
-3.03904359949249 6.74965385606172 4.1578732623745 -7.54637891947705 15.3736512524538 -1.5486983475256 3.42350449565203 -2.29138951043391 0.150886690932353 -4.05340568413631 0.858676397921555 -5.36853755591205 4.91994654881745 1.95030860413237 -3.8238428430286 15.5952721691643 4.13464468332624 -0.131658769993888 1.35804935540664 -2.60937270743382 12.5591849560522 2.76016365116995 -2.97866525059334 5.55798622302311 4.14152090641172 -8.06458902475782 0.29713692978143 3.86616067425962 3.37258378973915 -1.04608470641875 -9.68780786626447 -1.28312525520628 inlier mahaDist=20.2387547437124 cluster2 intDim=28
-2.08551451335037 8.74518337574542 5.01190910423295 -7.37139136632089 14.8288736895933 -2.2469908557611 0.236486477403661 -1.70307605913891 1.3553519305326 -6.80320524604067 1.95255560805842 -6.66369782503148 3.15656281628343 -0.907790259079661 -3.63524374306405 14.4600959398394 2.40437631868008 0.24436572172435 2.01979792052857 -0.996832139074449 12.1082950928682 3.02402830422584 -3.24237745069003 5.04532999371901 3.04747410637812 -9.09991281901265 0.635365188521701 4.16729171731462 5.52277209373383 -2.25160077017281 -10.3071088904885 0.579256043206214 inlier mahaDist=35.7246835640356 cluster2 intDim=28
-1.69518103205289 9.23295712942464 6.12048898133299 -6.29711739133789 16.54907403582 -2.24663796503502 1.34310784864079 -3.32867095644693 1.16421656662012 -5.84282466245646 0.658319613722975 -6.07954562498055 4.99680462308768 -0.285950709221546 -5.13347194342995 13.7587607831007 3.41901014694586 0.278165767176651 0.876566002648481 -3.76744174838773 11.0016702103602 2.53768774770351 -2.30136420016874 5.44850571861646 3.53675095581856 -9.54475875017129 0.161102205046959 3.46576420257946 3.31129068793225 -1.02706851643188 -10.8070082620918 0.793417780051393 inlier mahaDist=27.8292372184927 cluster2 intDim=28
-2.27453047070892 6.00775537467893 2.84322663569905 -6.37296997832154 16.4799186647768 -2.43601488647322 0.913121868025675 -2.30265382623861 -0.51852426933212 -6.22247713278332 0.485638057366759 -6.72642783339304 3.4433490205263 0.919437841854809 -3.52682839250413 13.9170603404604 2.38833429778396 -0.720333124809785 2.26429408629911 -3.17777263088295 11.7257603537171 3.54741840203455 -2.16123689515718 4.65055775797114 4.72693879185588 -8.25759388169759 -0.813105519032996 4.16209440193674 3.67665836877344 -1.65663089854868 -11.0906558101756 -1.22857817238483 inlier mahaDist=19.4802658600479 cluster2 intDim=28
-2.93062556883883 7.31395567615378 3.77212404053768 -5.51498851678724 17.5659218977842 -3.39582392803481 2.28317269640346 -2.70412961122937 1.01507319353752 -4.10022118689674 0.362979030012148 -6.20112079201587 3.95442008845386 0.30632598008789 -4.0832986583587 15.4913328759498 4.41535037301269 -0.0896771782922106 3.00073312569612 -2.89714130074654 11.983590643661 4.0112325476782 -1.13731087411588 5.51858134223127 5.22910381639406 -10.3304951884313 -0.91319292437238 4.32303937087001 3.37665065292614 -1.24173276749478 -9.06089988617183 -2.23780494477191 inlier mahaDist=33.8496627836348 cluster2 intDim=28
-1.84351218141526 7.40645012710854 4.00386632799179 -5.94070301803522 15.79901707776 -1.34401793557118 1.32286657302548 -1.72256419758062 -0.916929497001296 -5.52263117349659 0.963750324218465 -6.5490698816406 3.30149529285011 1.19949781123466 -1.67532082802814 12.5022071409318 3.72286392979636 -0.823073508342266 1.11647330283475 -1.58871620122864 11.3111654568765 4.30549182706913 -0.872684596344079 6.35525724935504 3.0859060211047 -9.65159414668058 0.258750492644641 4.11990797617727 4.28902757643684 -0.0154973080810773 -10.3998576468435 -0.834526881002791 inlier mahaDist=31.2624740092152 cluster2 intDim=28
-2.15535751686461 5.48684576385185 4.13506627070544 -4.93731601102573 14.7733683857555 -1.76635145280856 -0.282791102557725 -2.03182416524057 0.708839346857786 -5.05953792325171 2.05869808071655 -4.67154035669923 3.80286611407246 0.171669470575321 -2.89375275434602 13.3746534440726 3.3521019541047 -0.17998094491308 0.952786321360078 -2.49077227438902 10.3365544468678 2.51206418871475 -1.46635432387156 6.28535435509554 5.6049775443078 -7.22551702015858 -0.503375856617353 5.36924595376311 4.11536416314792 -1.70151798340057 -10.7922213201599 0.396652056779254 inlier mahaDist=19.8660491146415 cluster2 intDim=28
-2.14979620434961 6.22127091133551 4.66545563756548 -7.00747422821367 17.4420275721689 -2.6560080379197 2.01609820362447 -2.62153351792839 0.632470727701705 -6.11335947932306 2.45248837406414 -6.86384045531384 2.43671051406798 1.31065926610836 -4.2361736369681 14.4711082736582 2.8992836119833 1.3541359046726 -0.522591703033498 -0.460236493889429 11.5482309129589 3.3517396863199 -1.58453018136787 5.93125784761672 3.57609764365703 -6.91184558786469 -0.14308843962899 6.43274612317283 4.83656446293079 -1.61464594394122 -10.8647381045443 1.51773280485183 inlier mahaDist=35.2871179557372 cluster2 intDim=28
-1.05571899161994 5.90643576519044 3.12138445035975 -4.94089626913607 16.1707132978774 -3.85983068689865 0.371697048856898 -2.39050412036764 0.230414003431776 -3.61911641363667 0.721142891529912 -6.91935413808952 4.71936180872183 -2.135054660169 -3.15445635582525 14.582094222015 3.51814929285263 -1.09672460019486 3.34057806115441 -2.219329551474 11.0361766981423 2.33725802779836 -2.29633346801947 5.79059494555972 4.47130307686867 -7.19469005000719 -0.0796817910867117 2.67430487122503 3.77848793691541 -1.82627980764264 -11.1057023685047 0.222352326811016 inlier mahaDist=28.877088359968 cluster2 intDim=28
-0.499316288948567 7.61458115774286 2.85723783648711 -6.11332242319604 15.6295965707462 -1.16227941228681 0.607205963338823 -3.05706812231667 -0.620324037106147 -5.95134103683821 0.237442031887077 -8.31828505834715 4.06528281697385 0.0071224053695581 -3.27967010236054 13.8494844388735 4.08517703978675 1.18771910745472 0.666704268784702 -2.20095537695719 10.498290072506 3.46289716636971 -2.9393562159308 5.49881467268513 3.19156933412007 -8.40764297902029 1.10751910675043 5.16673756707323 2.41237187938139 -1.75373874132929 -10.663980707052 -0.888674708022618 inlier mahaDist=24.2116493181344 cluster2 intDim=28
-0.624769694768527 5.43357379757716 6.41938626647626 -6.74502078134275 15.1743122967849 -1.00964184019197 0.735206782543606 -2.32267839642011 -0.0759358174913661 -5.65760476995725 3.19090841636074 -7.31425708769968 3.19854796420093 0.208937329715252 -4.07676935765407 16.1197748821112 5.66557364691215 1.00435350414386 2.50049187663575 -2.34366096721041 12.208901973376 3.57201931968021 -3.15083027073439 7.08759831140213 4.56395391531924 -7.26710166822999 0.395835296922629 3.58170280997105 1.55621407466801 -1.60621636019675 -9.81323434177216 -1.35394871128138 inlier mahaDist=36.676009249739 cluster2 intDim=28
-2.05066123270126 7.33577804023095 4.84409553653519 -6.94188559812958 16.2412928582065 -0.498516147074758 0.328173141488488 -3.53675004412496 0.967557326139841 -5.09350088854511 1.89758338841337 -5.77011780445715 3.1998563666499 -0.45614479300702 -1.79698997197488 14.792347631348 2.50978835816508 -1.51761155375375 0.468649121788402 -1.33139256307213 10.0217290675004 2.41702295370933 -1.75210659161775 5.50163901370748 4.19938521836771 -6.94641408370066 0.139230382140198 5.65306322187729 4.30665709891448 -0.39199635302388 -11.6869981386914 -0.112279312979609 inlier mahaDist=27.312086267037 cluster2 intDim=28
-2.03584240917015 6.66726318607353 2.7552888682313 -6.69639857918007 16.5736272341534 -0.401300355145399 1.0299287379785 -3.30052293711411 0.346307370652097 -4.76083146038677 0.901207550759237 -5.50125689818441 3.13555273688489 -0.0419313197824763 -3.113227414888 14.487604087662 4.96510396589254 -0.650994904255953 3.33088034950298 -4.40109678511702 12.6361733000649 2.16082178684483 -2.90161341080396 3.510709470747 5.45457073011756 -8.11129784322921 -0.905927544561799 4.09731410603899 1.98112086283781 -0.604717399190999 -11.2374734939027 -0.257193884856044 inlier mahaDist=30.6194421807148 cluster2 intDim=28
-0.727182845877522 4.67947159607867 3.53097170025212 -6.07628873558141 14.0847891720019 -1.80920072699628 0.171222018603242 -1.80971777187555 0.942444574350074 -6.86968731761147 0.363769720305291 -4.36597114935055 5.87539157403922 1.27080060780146 -3.63657768172623 13.488398540625 5.13827587591757 0.725471074432127 0.588954518210347 -2.63471763404453 9.97347026409444 3.36659118778233 -2.63307054680103 4.52446216609197 4.31911963300064 -8.34862535402125 0.768731618516363 3.48184804935013 3.84098004080895 -1.14410957311849 -10.1310547389887 -1.88779735344777 inlier mahaDist=34.0796678569222 cluster2 intDim=28
-2.45725153583966 4.59898438654979 4.88226300288679 -5.34222069267643 14.782813301459 -0.468459869139323 1.46975918131089 -2.57685092299632 1.76262286802509 -5.52653357307701 0.191009392348746 -4.99327557622655 4.15106440764237 -0.595104242630749 -2.89300194040808 15.49822367729 3.39652594876783 0.393323077157517 2.27970756763725 -2.58061303224334 10.9359781273165 4.72942887878028 -3.26501244561619 4.67222672363295 3.14220192048571 -7.76249508225932 -0.121299338764232 3.11560042954133 1.7584240320774 -1.75413658724488 -8.85700286050838 -0.467607638842721 inlier mahaDist=25.4298568796831 cluster2 intDim=28
-1.30007875154548 4.8777681515953 3.30787447265381 -5.5193432133177 15.8626051582393 -0.474613982443247 0.886445308912641 -0.54517383501581 1.25700263858896 -3.63725124605661 1.7606772141221 -6.93763226368558 3.07853940916089 0.808628350697592 -3.04763922110445 12.8670339014274 4.33481149291827 -0.408699162851995 0.204365035215147 -1.03698845344096 9.96891312707272 3.1538382399053 -3.59560568557403 5.64218695535404 4.73632997742151 -8.19053986776104 1.36907978358525 3.67889460252821 4.2358566819115 -2.53783892615631 -8.23141142507813 0.359202804344619 inlier mahaDist=33.3772580140094 cluster2 intDim=28
-2.14702749448369 5.45698135005896 5.5817343115762 -6.48947364792287 16.8163475679434 0.400667634733323 1.92903056730183 -1.89805349340305 0.637814704764704 -4.60619752714907 0.778879974073694 -6.82829616496056 3.25619235350831 0.512672053686462 -3.20385044287391 12.2629557575607 2.00430475215648 -0.295783281533857 -1.56518833224039 -3.12434679539873 9.91810284824819 2.10445591945135 -1.73838304500162 2.82190708001536 4.95290861905634 -6.47989733716437 -1.49699669125505 4.83241886617369 1.98392740015366 -1.69846937809352 -10.9646842232293 0.68880143660445 outlier mahaDist=48.2775880804558 cluster2 intDim=28
-0.98284447866597 5.79091211424139 2.79277990445311 -5.76051249083403 15.3608168266582 -1.95511757995694 2.16368466152732 -0.977910089918365 0.606616942009508 -4.28554807954946 1.49547340711304 -6.57003919120638 2.76578096660096 0.818177786697183 -5.29326022616391 13.2122662457978 4.51577284396728 -0.149234022391278 3.20326391461872 -1.28291780612075 11.0851051010899 2.21524304347306 -1.69964742850613 5.05552653276722 4.42832348947746 -7.29568598180872 -0.0585258106056464 4.18201896907977 3.45210254600929 -2.81317320310072 -9.61309890962138 -0.750520860272907 inlier mahaDist=22.133612623672 cluster2 intDim=28
-2.37061212994042 4.72925101885719 3.08111921020179 -6.28669605156495 15.6348201875974 -2.37141099246832 0.423179334941367 -3.75341491253173 0.998467511445047 -5.16240319346428 0.241706732334325 -6.72436387049365 4.69845231082315 0.0270924279429449 -4.40689183076503 14.7259173711871 3.4278343475552 -1.27367405569949 2.79812501385193 -3.20851336459366 11.3906033942108 4.2204264923774 -2.30478876030233 5.93462692248514 3.95713378504549 -6.48866946310175 0.252757613255782 3.29223076042575 3.27592416020097 -2.12770087292824 -8.58741728471593 2.51850562371839 inlier mahaDist=27.6728132268212 cluster2 intDim=28
-1.49923153700968 6.83806238171195 2.78080017780148 -4.56421193503266 17.7479423548634 -3.30144705206619 0.403007721716019 -2.61014107674525 1.93254541182403 -4.91292893800225 1.11726259080408 -8.05723460432268 3.85124586977649 0.172633166686068 -3.99399936230975 13.4783508914415 4.00846938583286 0.0826404359756758 0.464840779499046 -2.29700277049403 10.3132781565189 1.99023966637791 -1.79553465804925 6.21042876662205 5.50740125566409 -6.22876036323824 -0.152843774647967 4.91213606944637 5.44123402172909 -0.730104542238158 -10.807382912323 -0.750581699493012 inlier mahaDist=33.488000445104 cluster2 intDim=28
-1.72105394711633 4.92348716972117 5.15612496128832 -7.85399239263806 14.6029050242355 -1.03350106569744 0.914532301858471 -1.49968035756475 1.76604249580199 -4.71623297740119 2.74390813777591 -6.14669059492328 3.69974547654312 -0.643951275529542 -2.71827259172655 15.9380141918515 4.59310596832327 1.42482671951786 1.4341653467658 -1.66199552903061 12.8146496592229 3.15247906414581 -2.73704229019272 8.14695029361759 3.35643427142159 -6.54719108911081 0.583525331712614 5.58950929919131 1.54114501662666 -1.48583724909427 -11.6407416299482 0.77846040098315 outlier mahaDist=42.3585499046309 cluster2 intDim=28
-4.14069092433075 8.24739886191777 2.86214262515972 -4.97681214428488 15.0561813751458 -2.45744165197698 2.16597356245894 -4.16773384182649 -0.0779498364736982 -4.74880388787765 0.540306965253271 -4.78104730464651 4.98124773308083 -0.460595804156218 -2.54372281786448 13.7624868724984 2.09734255231141 -0.228039569905542 2.55609992106157 -2.69669667165575 11.5550668936688 4.6312791401873 -2.87463945019018 5.24483069901391 3.68647516294447 -7.15157803721218 0.945910128121219 3.87505942712912 3.94457512333463 -2.77301283597143 -11.9267394585769 0.942057529143314 inlier mahaDist=35.486122711927 cluster2 intDim=28
-2.25519754098322 5.80787232340963 3.77139381852667 -5.89812767507269 16.1045119904155 -0.903607792511627 -0.67897589434749 -2.37846721437449 0.0843292689379858 -6.74728748188026 2.5122664697733 -4.52050297801691 4.27364161647243 0.0989881384026957 -4.7905031672934 15.0380795607288 3.53693880364999 0.0573378139724359 3.48297001287172 -3.36329583729533 11.0503753175292 2.87717687970664 -2.90308560721483 5.84880135445994 3.55293417961507 -7.23430830384619 -0.899093128330773 4.90980342289555 3.70230874497696 -1.42065106428224 -10.4745398565443 -1.06990502412922 inlier mahaDist=23.2462772802868 cluster2 intDim=28
-1.93568167834091 5.34401413620962 4.09044350175046 -5.29643847930759 16.1632931840491 -1.32925750879794 0.699488905205119 -2.3122749388211 1.41702601406489 -3.71180612160847 1.1435331144979 -5.54252833705831 4.26490570242413 -0.233703848236562 -0.842408857367364 15.101626208667 4.41272298341715 -0.00273350600370414 1.9946437619838 -1.75513199128104 10.5191934396592 3.29116639165081 -3.9127745982527 6.04052258059426 3.85943174456124 -8.44343758615229 -1.69000000907441 4.36032492075519 1.46974185020309 -1.75504847515971 -11.5149242963911 0.685024640656602 inlier mahaDist=28.09658354134 cluster2 intDim=28
-2.09511793217233 4.89732526338401 4.01487624418251 -7.25097524260552 16.0714106892888 -0.937426425152404 1.65272499925299 -3.61850789831854 1.1799506893389 -5.52006332187237 0.508635974956005 -6.04213186337963 4.70073188140642 -0.186528930301149 -1.62360257848226 15.7789090762393 5.33556932346081 1.00595168883046 0.973348855452856 -2.02757523018847 10.4996672318272 1.21723446274232 -3.38498053437481 7.48924809071271 4.51864123852313 -8.086331744368 0.822282037967651 3.24577536975095 2.38625864351533 -2.58363052859368 -10.7724107885366 -0.599024535423198 inlier mahaDist=29.7128795697555 cluster2 intDim=28
-0.0472733715269937 7.19829771572502 4.52963873164141 -6.45864922920884 17.1220140291483 -3.03398233331995 2.41599531292322 -2.54575761620874 -2.91245469231539 -6.32974416463085 0.801019831313167 -6.49465927267857 5.00778889271952 0.714435523944095 -5.45638798757148 14.5771663034978 4.20909968968811 1.19066938715063 3.12875454306422 -1.71588695384252 10.9564019047141 2.51068511784756 -2.02793671516141 4.57116438366551 3.01217912114135 -8.4406800996465 -0.792230808866237 3.71105929416181 2.25119282701268 0.0570453208645208 -10.8987179076976 0.170492274561919 inlier mahaDist=40.2285213130091 cluster2 intDim=28
-1.41431863683137 7.23096600097285 4.23804806492126 -6.46495495860831 16.0711301110148 -1.67992564197077 1.99991523179602 -1.56162487214164 -1.66948656834489 -4.71343673001434 -1.08657743200369 -5.36337578949581 3.76131770587386 1.84286575466436 -3.86518637713118 14.7069824561831 6.31560428315911 -0.616290744495074 1.73779042189712 -2.37654141320054 10.1291115177022 3.01207220607034 -0.991262777046859 5.69520291405122 5.15561372811096 -7.94721482425456 0.0873881122338879 2.87703632907069 3.24911153343094 -1.07008878882286 -10.8557871225564 -0.506831852644105 inlier mahaDist=28.3917849711682 cluster2 intDim=28
-1.79149176209976 6.85134331249006 3.52140374984688 -5.4941420449907 16.1776415007583 -1.51131922302457 2.15494633853788 -1.28680102222611 0.196172424677451 -5.16657274991868 0.519589677816743 -6.77136793403415 4.8329487129516 0.64168591515967 -4.4954785186866 13.2521861979397 4.78434692964843 1.57483972067376 0.467461792912439 -3.57494552337041 10.4558023527929 0.264013027684846 -2.09429973191337 6.71492034036823 5.41550005624708 -6.59234360893663 0.473773406485646 4.88681467884982 4.24255033031692 -2.7089696504475 -9.35716288041883 0.232732499475257 inlier mahaDist=28.5550235843654 cluster2 intDim=28
-0.621932729401841 5.83853265146355 4.28263725841771 -5.40750675699131 16.345006149356 -2.42624791174872 1.17337232012875 -2.23843180212044 0.551159386458421 -5.30975722757681 1.98543645432972 -6.09477641472932 4.07008720772195 -1.8386507303266 -2.59948035265546 15.4971588245466 3.77537375874437 0.504836463812166 2.26420372678046 -3.00259229301465 11.201947434257 4.54123950059853 -1.53365813295769 6.80427295510237 3.94018460082448 -8.36318443009701 1.40271704944285 4.45109769008789 3.56869511457378 -2.21868407930106 -10.1874310751067 -1.51614502185944 inlier mahaDist=22.58540357802 cluster2 intDim=28
-2.50457916806571 7.67750649864478 5.44627324773385 -6.19176512064308 15.7997399259652 -1.91806318030928 1.22538133004237 -2.5781537136374 0.111010773920403 -5.46470470108041 0.56459943668961 -4.39112340602907 6.82475844854806 0.671956530779206 -2.7829156885782 15.2091368080888 2.64640630589316 -0.634673525444123 1.05995096521374 -3.59924504062384 9.49433500139386 3.74210690849184 -1.31007800897865 6.31813404625901 4.43241013485153 -8.42582234702145 -0.686703156936669 5.52716259278715 3.82683077220902 -0.622944652231943 -9.53040523056488 0.24921687646191 inlier mahaDist=30.1767448315276 cluster2 intDim=28
-1.67659074903654 5.95262159916476 4.58887140572809 -5.12340457285328 15.7696088407288 -3.61416187829414 1.7500869341484 -3.55414086095766 1.69885529989618 -5.00743631698919 0.981909836972783 -7.48975637772341 5.08767390222447 0.671146458237495 -3.33385894889004 12.388005008092 3.41259078074824 -0.579376702211577 1.82708976853817 -2.01328708177899 11.4836408107982 3.76322518297714 -2.66036508934271 5.54304316287349 3.76533438291855 -5.80146685356227 -0.171865975940069 4.27668431978345 2.43214969326066 -1.31296271259587 -12.4035238734555 0.460733425211361 inlier mahaDist=28.1680420519524 cluster2 intDim=28
-1.66727235201833 7.43868443700186 5.01462662508162 -4.9012969379598 16.2439157335099 -1.1655770994707 1.44128464645859 -2.14329404140761 1.22850075253897 -5.95047084599804 0.748458602846026 -6.27119367792763 2.88491605461909 -0.51917479490685 -1.29298215020116 15.3662570088893 3.60412273662541 0.110864256221875 1.85253004926504 -3.97734176056706 10.170325785753 4.09015548123685 -2.38920361961479 6.73717908711312 5.78199842070178 -7.05273789327165 -0.173391412422164 3.60595181195576 3.45823252472018 -2.84038881867345 -10.9465762177791 0.777952242245859 inlier mahaDist=27.4513780961669 cluster2 intDim=28
-2.66983438922809 6.71685536225384 4.22894302598072 -6.86340574914648 15.7401616303402 -0.0630165038063387 3.03838813674171 -2.29769462170511 -0.463330267197088 -3.28433207320194 1.26636428606491 -4.96391650236211 3.05789643267817 -0.513473471647678 -2.06570448009581 14.4355763027631 2.5333853181331 -1.23923290334826 1.25566753025655 -2.25854111999234 11.3709497200129 3.77452144805688 -1.91043074496007 5.14818655422692 3.6378352945565 -6.92168013789238 1.53034309833625 4.89053188779343 2.90164657958255 -2.61224268804236 -11.6060194995659 -0.0225419363549305 inlier mahaDist=27.1300245865156 cluster2 intDim=28
-2.88342005723446 4.42042261234193 5.11436999895299 -5.82800627599003 17.4772694393938 -2.2353306485947 1.72242220088848 -2.02968419162681 0.124572509918403 -4.9482963863972 0.126074685608828 -5.96579371102124 2.89563812560784 0.784702327982063 -5.50478091126586 14.9408985172011 6.64656134128331 0.55777642529425 2.06967838179518 -2.03090730934283 11.8954362852714 2.85754412004163 -1.99359074628026 6.01875875063498 3.61516815120754 -7.17305524247628 -0.173855112724428 2.9532936620985 3.32796626271867 -3.2063175378384 -9.57917233477468 -0.820828085096616 inlier mahaDist=29.0980027547979 cluster2 intDim=28
-2.81244408310118 6.14479141062772 3.49495790002477 -6.17586184246456 15.2158173455193 -1.69545187913079 0.941487962731062 -1.32489168887511 0.178053313185926 -5.63718576532133 -1.09944737274325 -5.44803665765572 4.03902904422323 2.25429991885078 -5.58357128074826 13.9917797213456 3.16779568552903 -1.79056052288653 2.45506962721126 -1.43616868192111 9.67002066450802 4.32840867138522 -3.47645544719294 4.76432469169921 3.4505357136411 -6.21827582143695 0.743011217250549 3.51659970278416 4.10530201865688 -2.81676712814472 -10.3389389951681 -0.280718218982076 inlier mahaDist=33.9643077392761 cluster2 intDim=28
0.0643462033642745 7.52889091688875 2.52857530233792 -4.64311546619164 16.8287454220532 -1.38762446972963 1.41678298222463 -0.902726952685504 1.52806866245194 -6.94136388919756 0.629168332458452 -5.85419075170226 5.72681953636466 0.669095233717157 -2.85560915070724 11.3390972017023 4.53767518070281 1.46051415126324 1.53680553891346 -3.70523646210043 9.60710754047697 1.27013371572169 -4.19716205187763 4.54016658344363 4.41258145567916 -7.95079910477846 0.152866869236853 4.50435442842157 4.08945595894277 -0.774024763805473 -11.2402837035525 0.842181880165691 outlier mahaDist=50.3921495425816 cluster2 intDim=28
-2.40320089901878 5.53580705917505 1.96316980463 -5.47889114506891 15.4489197892007 -2.66818382123998 0.882900667097851 -2.73219645648199 0.368682917295538 -5.22248887032875 0.688599977381828 -4.8058939205987 3.6196047707626 1.14964265134634 -2.86850152526867 15.6706567280999 2.62044299114655 0.241775930838726 0.113564185095898 -0.905229617328145 10.2451641103501 2.97111958475747 -2.71059084296621 5.49495840583986 4.93322307194047 -7.02365705395676 0.256791834749409 5.16679248685462 5.7629245129893 -1.02272146774327 -10.3311695543306 0.0520633914390586 inlier mahaDist=26.8675187496883 cluster2 intDim=28
-3.1228776043403 6.94581427197991 6.73668645621014 -7.9772518983837 15.3299701967331 -2.73965690502294 1.68643800540467 -0.953896057185195 1.73111977440796 -4.06105815980789 2.43306603551188 -6.82119791867961 6.68064014165521 -0.394135863501383 -6.33977721790122 14.3059380025625 3.51179124957918 0.0417260240247221 1.35816710311791 -2.53830317415555 12.1781563338519 3.0585888724725 -2.94340147523 3.70334058273728 5.25887908942216 -5.94705448209409 0.593466037748789 3.41688633324601 4.29206875781113 -2.39598657381607 -8.62712563108716 0.214301159434678 outlier mahaDist=50.5666139362448 cluster2 intDim=28
-2.85167336541484 5.88163751495146 3.82035094306698 -5.83025907802788 16.0307614853691 -1.98454221922245 2.34903586253065 -1.8970529975468 1.46775484809903 -4.04471950788553 0.440924861172581 -4.26925187347822 4.67411322582414 0.88831465044054 -3.55035347389776 14.0922799277156 5.417993305462 -0.12077550613311 2.70818782688348 -2.35521897056788 12.2473427881362 4.69860530682447 -3.70937306045157 4.88085843474645 1.39692365955974 -9.08068285088281 -0.424308093957959 2.97237831973001 2.73497816522641 -3.22505854299167 -11.0137366230128 -0.422312248054149 inlier mahaDist=33.8715027500148 cluster2 intDim=28
-0.901829451383248 7.36008444157205 5.05693404462232 -7.14731908343796 15.9600464838168 -1.98674892506401 2.83167634089682 -2.03871973406214 0.998044428881551 -5.31001251709863 1.16060749880425 -6.23701940051294 6.31756246896988 0.485486467665172 -3.47268105688148 14.5350860813707 4.49534457414079 0.123026043579648 2.44362763208782 -2.54455691675809 10.1010022743542 1.92895214760899 -1.98024217830025 4.00999951348384 4.85616156661653 -5.98021796357396 -1.06077344496007 5.1594047577231 2.79132648958587 -1.7300883052897 -10.8970330131174 -0.856029539455174 inlier mahaDist=24.9892257356646 cluster2 intDim=28
-2.84645440525026 6.62239793942855 3.17439723039216 -7.46768122123678 16.1929643199703 -1.26005017934672 1.77103468494895 -2.12085639330557 0.00771327780628661 -4.74973792473187 1.34786664932847 -6.66414336121185 3.39739928495263 -0.819302667309875 -2.66140610972817 15.5617984498564 3.24527308755018 1.73121921915804 0.574846988761643 -1.46069101912609 11.4313966167146 2.14327042169088 -0.929174675651188 5.44172492674869 5.9928054120792 -7.92575254087174 0.0787217966539188 6.15756172651897 3.64634612219884 -1.11035509138506 -9.31221089377594 0.333336486034969 inlier mahaDist=25.8472490171721 cluster2 intDim=28
-1.74533760936318 6.76509807498884 4.37827304541995 -6.08050861366093 16.9422229037168 -1.72395383963008 1.44087386574597 -1.89952823172175 1.45207353103926 -5.14373657600832 -0.694762957792267 -5.36208572942625 3.60759302671713 0.242627500735421 -3.01298129115755 14.5083570466003 4.39558263530238 -1.60210730925299 0.348202706860646 -2.80986320237929 11.6144774766076 3.73397080273118 -2.73944183689173 5.25349832016998 2.70533795563919 -7.51299697572443 2.40194421557549 4.27484254822148 5.94611711628436 -0.662349304647478 -9.93051861881232 -0.182625325118919 inlier mahaDist=27.7123397996612 cluster2 intDim=28
-3.09379443455348 8.09705247738803 4.46034494208175 -4.99589023055187 15.9024862744585 -2.87393112129057 2.10761191061526 -3.0811834162987 0.178580455477532 -4.2171449201178 0.373451616811891 -5.43242162065013 5.24306099582981 0.250341721819563 -3.95620927198651 15.5186409293952 3.98204120593335 0.544203714956676 1.17377388699854 -4.14743021860887 12.1862560072862 3.6241310882255 -1.31248884478952 6.74535737882158 3.78762392385957 -8.35732933628183 -0.0818378387408542 5.77766965094446 3.84067836857903 -1.61620029243351 -9.7126546545591 -1.55358964240577 inlier mahaDist=24.9990881323999 cluster2 intDim=28
-3.23616607767825 5.1298464216929 3.25005760031043 -6.65109459759572 15.3775100767878 0.244336425930074 2.13600889440438 -3.91135116403937 -0.517582955854679 -2.08970668157671 1.0029949959881 -5.44558184889097 3.50116431664502 0.749712800297421 -3.60886267658 13.8682611232837 4.49877840891329 -1.88664287006085 0.3588946437762 -1.84328416715622 11.7393373573172 1.63481789916211 -3.11317484598886 5.67637508785167 3.26565717547344 -6.54444731836132 1.97236349777461 3.19002038520687 3.28470750981266 -2.08909007407665 -10.1348351577574 -0.38955309413371 inlier mahaDist=36.0430157392735 cluster2 intDim=28
-2.00708878483414 5.52663702020595 5.56464879446644 -5.72166718988763 16.2111873730711 -1.12864952888019 1.14768542891651 -3.50853368881007 0.868182090872108 -4.4043590646996 1.61902697421616 -5.54409835517038 5.03242923715383 -0.651168083749457 -2.75843194179211 14.6203387242182 5.2498887605071 -0.225359032684359 0.818642967065858 -4.27049222798071 11.6577544885895 1.45645349267153 -2.21199850568612 6.06382566565842 4.84772690607154 -6.167784982358 0.356147945762622 4.85052793683139 2.88295116700586 -1.57642198653538 -11.0590390130908 -1.83614741508012 inlier mahaDist=24.1273748339702 cluster2 intDim=28
-2.95046236172835 7.32717651802701 3.93970774036383 -6.39707121331585 15.14207009628 -1.90263472632684 -1.04499151614948 -3.82100264244437 0.787412787655143 -4.71074403639221 0.788909365042077 -7.62168778704391 2.60013972483116 -0.983749921971536 -4.44088381434546 16.131121607674 3.68664554972156 0.326417367430537 0.566802156431211 -0.896259882937012 11.8739691104336 2.8271982694519 -2.93960741240069 6.57427341705982 4.22320359583469 -6.91413452383603 1.54043397974778 5.99249866393719 4.24872644026411 -1.39076793059085 -9.52318185983153 0.619098414734338 inlier mahaDist=32.1828131440905 cluster2 intDim=28
-3.80791510536465 6.07531213388403 5.96497752884929 -5.97086859136163 17.6000102001992 -0.320984500419261 1.05664025990898 -1.32086879722608 2.3997372325509 -4.82453008487985 2.05526196845311 -4.81639173259445 3.1209064209907 0.636510174826491 -4.86191550764824 13.6849498950396 4.40971942688667 0.326193703523596 0.977091660584039 -1.78383505385374 11.4033915263016 2.97054826968353 -3.11367308178955 7.75922351183019 2.00108873198457 -8.36909478796111 -0.0541659748470299 2.95681177695386 3.44463900476695 -1.07032356986286 -11.0463132513175 0.0625589373144255 inlier mahaDist=36.6249397665749 cluster2 intDim=28
-2.43626185292331 6.46613913529719 5.21940976913875 -5.27682463587368 16.5973727655016 -1.72186323387028 0.847705421192076 -2.27642504837059 1.2255220183584 -6.47743607274631 0.402557444833614 -6.09343257867265 2.99863593202126 0.650072503505189 -4.11767195266065 13.9391140605038 2.96916846213733 0.963917497184191 0.519518394965137 -1.25825449236014 10.3110774621065 1.49692965253263 -4.33081285164759 4.2338719341109 4.18331818147901 -7.98495994008022 -0.911490541453119 4.10515225230343 3.6634898858606 -1.78910388960832 -11.0817104111532 -0.197655608931979 inlier mahaDist=22.362766561531 cluster2 intDim=28
-1.36638583966315 6.38471016769889 4.01940292007178 -4.24604096692223 15.703559555506 -1.86917606714463 1.59419192944199 -3.36935058082542 1.32240072328958 -5.59638877516608 2.45407639694668 -3.99686065101315 3.65426002736634 1.24471220781798 -0.885026512063624 15.0270394359746 3.82653161654557 -0.17244682657341 1.69174057320847 -2.15021857213539 10.0804478616708 1.94753677909883 -4.48379451655951 6.40887977940831 5.04835038906599 -8.12368357504803 -0.472067059751071 4.543564426063 4.9092231895729 -2.3115558543163 -10.9287632087167 0.401560943613089 inlier mahaDist=33.0381692498152 cluster2 intDim=28
-1.35358532655125 6.01791724106292 4.20816190288893 -4.28096031670354 16.5298989298973 -4.371482144156 1.84969454253082 -4.03901227176075 -1.86449392405616 -5.03874394216098 1.35550146850611 -6.3045470913045 4.11239367292758 0.432711015906308 -4.72998455867361 14.8802421251461 3.91705516871691 1.0950766129949 1.57132141038054 -1.76276480748166 10.5792763631004 2.51634326128533 -1.89052863096128 7.31521716652967 6.74184314102501 -6.96953622925457 1.50598684872686 4.16605337045294 3.55693442743221 -1.07044132535497 -10.8993253794734 0.0560969773238766 inlier mahaDist=36.4232771585112 cluster2 intDim=28
-1.12068429377901 7.71387343115806 5.63124858445936 -7.69251337251047 15.0610095324238 -2.97468775994508 2.16870776135396 -3.64980627891214 0.0337882280421176 -5.33402278734888 1.46276378068192 -6.88236851051339 4.28943418738003 0.848141440544592 -3.39532944714433 15.3980485426625 4.33435871305868 0.269420847000554 1.54890997262356 -2.11426647188367 11.4672519507955 3.20528450063907 -1.17227840497524 5.98694583660697 4.38145950128524 -8.63163219347592 -1.37919122918234 3.31532998106024 2.36265443842865 -2.03191402518782 -11.2056552381407 1.05288820048321 inlier mahaDist=24.3836629611109 cluster2 intDim=28
-2.93734016726208 4.70637446485691 4.36868511230457 -4.48886669355783 15.3844085025135 -1.62697008483988 0.741297903643547 -4.92108445743135 1.3271179754278 -4.06627520479964 1.25489168108873 -4.92535364918334 5.21885135175607 0.336769655603845 -2.80445039003452 13.2869066643498 5.73630771701831 0.561050861858407 -0.416556035053745 -3.51841704274098 10.8518463754466 2.85360621027218 -1.93453263117461 6.11285366209144 3.28845824459156 -6.56691367567781 -0.809536865652429 4.94688783113922 2.69163981554755 -3.91026625686201 -10.8750644792631 0.500167316502763 inlier mahaDist=36.0319086763299 cluster2 intDim=28
-1.68602692961137 5.70906028227364 4.0423535011286 -5.10967856400963 16.4689764746631 -2.05647802875132 2.01592522524886 -2.75444621713831 0.140927164106367 -5.66956043103885 1.08782506024232 -6.81218237439346 1.13907952548367 -0.279214061167267 -1.93247783241053 14.1808891232296 3.81611949354778 -0.0700215877205081 2.68763110488355 -1.04742296913855 11.6743604016524 3.99753763926654 -2.67080769631321 4.81631547396654 4.08549811359409 -7.64052049680604 0.285328148669371 4.40100346486723 3.80343457676049 -3.67556693119295 -10.2037221513723 1.09856560641981 inlier mahaDist=26.3015721325166 cluster2 intDim=28
-1.18540397442704 7.7481594394855 3.37006527745665 -5.71461932924521 15.3259023387929 -2.21191080262563 0.993276926577215 -2.41079938867748 0.321370588474824 -5.44090941924995 1.49667117459134 -5.67618905352425 3.78547263372421 1.06995878208438 -3.27236803159057 12.403372836351 3.37657976014492 -1.13209737565749 1.36998644333035 -3.83812244917031 12.2107460348277 2.32451169719488 -2.47894464528387 3.93505419181147 3.73198664925261 -7.74634707383393 -0.923221696444632 4.20335782623453 4.68012138884656 -1.24089861448813 -12.4447648245046 -0.463845406736472 inlier mahaDist=27.3355311120434 cluster2 intDim=28
-1.91408108950988 7.40711103482052 5.25892635268417 -4.47264966935341 15.9961719847464 -0.455955793097963 2.05270655633275 -1.16572532050699 -0.931859657955341 -3.96375926245956 2.2495366909517 -5.24947729700493 2.93880186918095 0.317192852923405 -3.15274427856698 13.0089510488123 4.47686241295441 -0.801456998028179 2.72608234245538 -0.947742311367174 10.5757604064093 2.69623133398809 -2.58563631575619 4.97896548076393 4.44901464697352 -5.5616399051212 0.581754936012514 4.1873992632879 4.40100592072585 -0.711860536584143 -10.0663297284524 1.23663099012255 inlier mahaDist=29.8757160111609 cluster2 intDim=28
-2.61843133773449 7.08257740616901 4.61036663270215 -6.10232728406501 16.4929240713103 -1.52520430834737 1.43729584228822 -2.39538243904863 0.409952440626056 -6.06862879778218 0.455461107303408 -6.3178819204917 4.60458094983492 1.10104024732903 -4.18527821467465 14.7620736299749 3.23141655731582 0.139444264861075 0.533022365919493 -3.25208724027552 11.9447312970924 3.18185699826872 -3.02946782134362 4.5957228834795 2.50685230410101 -9.2688000975166 -0.520064652877685 4.15695794131685 4.89343685379877 -0.762705243119476 -7.96581773886482 -1.32490978170321 inlier mahaDist=24.5344703731597 cluster2 intDim=28
-1.54344015059655 7.72560644624924 5.59998347014033 -6.39078560592767 17.2563509493775 -0.920319666533422 -0.648485740187814 -2.34422731008441 0.161573271396365 -6.19438790605737 2.19211670105752 -6.39593007988921 4.4728713717769 -1.32731134712906 -4.33814382280337 15.0425754519941 2.98683001645156 0.713264611271449 1.81896918150867 -1.86310639036045 8.6001337121869 3.33212362146426 -2.00591422787152 5.75352006810202 4.7200121689152 -7.63103786147101 -0.35073624160496 5.84958667959487 3.02207640898743 -1.76867139830979 -10.0820617429303 1.15022070103353 inlier mahaDist=29.7672419856439 cluster2 intDim=28
-2.49864250168711 6.78822836286097 4.29324159011549 -5.65737493904678 16.766535895588 -1.33181954967012 1.45596010789448 -3.02431531710024 -0.895688933754696 -5.12966955721137 0.588283573120231 -4.73682733135826 4.88629450843388 -0.647520521550537 -2.89161845187973 13.6010366912604 4.05311693188053 -0.400380006773905 2.55220341532208 -1.96629680791455 10.5532416893972 2.8923901645877 -2.06737647768815 4.53341691985861 3.65350829399677 -7.9920961258379 0.562740200535654 4.75103986453236 3.87888754452367 -1.08363150098059 -9.42482683830185 1.60929093146181 inlier mahaDist=15.0838042300744 cluster2 intDim=28
-2.07729385145628 6.14726640565314 4.74879114242162 -6.29167813331174 15.3600716150024 -1.91560468611711 1.8302068226799 -4.03134541283267 0.371871761113749 -5.83163433600239 0.40192105696365 -6.21247907626654 4.20612494273144 0.407476184572298 -5.11095915932103 15.1020722130077 3.32219554274141 0.208059824622634 2.26958258604758 -0.878515546036872 10.3299063026771 2.35570032777912 -1.40463240330821 4.48775164213833 3.12450169367503 -6.16031642505267 -1.24205909446908 4.62803767822251 2.59029231066888 -1.11771875767558 -9.81664437507439 0.046281616474419 inlier mahaDist=17.5815179171954 cluster2 intDim=28
-1.16243334979596 7.22431845173654 4.84340803909519 -6.93862403342395 15.5181754111374 -2.43053387900255 -0.400061047440107 -3.3241516181019 0.124160011448541 -3.55243824227197 1.54873190223191 -5.99860634009749 4.98989232889975 0.770925634158243 -4.99314343899106 15.0928538278818 4.07243604433778 -1.25388726932645 0.00752365584959502 -4.39979854790995 10.8967111355972 2.71485508153251 -3.58334465686599 5.70240294508625 5.19529942377031 -8.2128181576775 0.153922358351181 4.70032998683643 2.7987362609918 -3.43870589052688 -11.7415078063383 0.38916288731519 inlier mahaDist=31.3595717058815 cluster2 intDim=28
-2.12161307557005 5.37661972189488 3.47568218960093 -6.1729192996462 17.5137444289084 -1.3255718131379 0.727267882629654 -1.54526419790927 1.28643036838221 -4.35737021801832 3.63601590056037 -6.61569416388182 2.8040381658347 0.818910480402798 -5.64942175712494 14.1162644298331 4.90964733930319 1.41144447129356 1.38553972948198 -3.92359744402356 13.1688236023723 3.82024823175385 -3.53986130518634 5.28190815919867 4.73321032037041 -6.67272369474651 -0.736033398520871 4.47358401550817 2.39694126874057 -1.96354013668723 -11.8493274415046 -0.55706497132725 inlier mahaDist=38.0742848829806 cluster2 intDim=28
-2.44848246967018 6.21065991548819 3.55756626501328 -6.26443829543679 14.8437719039505 0.917379971125336 0.87321426134822 -3.7310093764992 0.578011433961948 -5.74344093612766 1.41730544949152 -6.05852429587528 1.91300510361852 0.264979863228887 -4.44848064085575 12.7152123975472 3.6564642437417 -0.114175967863053 1.11847611516479 -3.25090385253682 10.3236717658846 2.60845556964151 -0.488837051970691 4.52464651624391 5.44301496006025 -7.6991895274674 -0.100714560954074 3.54337507399616 2.78760520823764 -2.72389992259928 -9.01829444693086 0.513361783188045 inlier mahaDist=30.2488473067949 cluster2 intDim=28
0.261800971789428 7.12224849673824 3.87827719675539 -4.98900704099099 16.4626253424761 -3.04064986847461 3.23883892727592 -1.97336516801777 -0.275029355127794 -4.07410619832747 0.862962528923041 -5.31877807472891 3.86877754511925 -0.475031014074501 -4.36876728464848 15.8490269151782 2.75977320188381 1.13947343344537 2.32583446754647 -2.24658731242455 10.5841896210497 1.94012526100635 -2.24474693112308 4.13446014685579 3.43923705308934 -8.09527885818374 -1.82437160707763 5.42314461160053 2.14031447343378 -1.53058729802864 -11.3061688122578 0.478570124748551 inlier mahaDist=31.7808823733785 cluster2 intDim=28
-1.67830587156678 5.91573277781291 4.54701681849291 -6.1234518981386 16.51551373899 -2.07157887309643 -0.240883177924286 -1.62586682111192 0.315934625023059 -4.69675191170002 3.0014400952016 -3.543311056865 4.81529454577399 -0.58032416174 -4.08597558159856 14.7721574225408 5.73065575619157 0.574598033443356 1.91018427335649 -1.03488718867936 9.79993876041141 4.044510913699 -0.987582610007476 6.52406275088379 3.35060611651729 -7.49841807800818 -0.157925178440274 4.15247778471769 4.41219014564905 -1.72873633999376 -11.4990759040274 0.543466280591225 inlier mahaDist=29.8513009061426 cluster2 intDim=28
-2.03105605995157 6.60863087669881 3.59480101659294 -5.34179444732018 15.9753633782776 -1.4077847587548 1.67949605389506 -4.83396991155672 0.154468900674484 -3.17726854571916 2.12738762631582 -5.4908394321075 4.24440226602463 -0.444261235782723 -4.03571449092437 15.6530958234389 3.10903645492644 -0.582189527978109 1.44186852941782 -2.34119040041256 10.118886695541 3.8498347585135 -1.4112097582864 5.81750190628534 4.58852050627892 -6.4012819333264 0.503415518571832 4.81778031494555 2.83253987225911 -1.28619498449379 -10.1243480937887 0.121133790142524 inlier mahaDist=17.762286572993 cluster2 intDim=28
-2.85307826101481 5.68324479729409 4.01174074736216 -5.99966089536655 16.9124195678427 -1.28804101793241 2.27389643286927 -1.47756548234225 -0.135268404096642 -3.70840425974741 1.58946447694614 -5.77133459716962 3.06209896913203 0.494428767852623 -5.01849089298645 14.8506643481697 5.35611009794976 1.13258590110572 0.950618801022974 -2.56682443429828 11.9394801056505 3.44510881803191 -1.11489235199311 4.91253972331847 4.50928661914012 -6.2708279662206 -0.472495194859908 4.53089075932349 3.73825178983021 -2.37431806171148 -9.32987028850972 0.0942405310086886 inlier mahaDist=18.9692179818841 cluster2 intDim=28
-2.70405588229858 5.75709600220383 3.51981624876167 -5.01423314139832 16.2204788655259 -1.84061757805084 1.47053154826164 -2.75848259650381 1.78281635347753 -3.64870961471186 -0.451447180707913 -6.34433946037511 5.46928413098893 0.685217398940613 -2.91668259552233 14.1456516696145 3.34595268865914 -0.542545795058982 0.310619754773341 -2.2321589631241 9.21199658510291 2.51593286461401 -2.67362442354004 6.64301422082833 4.46556262486452 -7.91827902935649 -0.380703491981897 3.56849809613365 2.78112612922885 -1.47147236965021 -10.3088245941971 -1.27869935892044 inlier mahaDist=22.1735601579836 cluster2 intDim=28
-2.61839955956023 6.76959330222609 4.05393511072972 -6.65505682091111 16.0406713236733 0.173347222948497 1.96704302373944 -4.0574661219815 -1.78893395191571 -3.52155659670647 1.62034135776618 -4.39905601243076 4.64878442612602 1.40551607426625 -2.99171576876023 15.1968008005728 4.01044236307135 -1.27313270652638 2.19405521042078 -2.72549334668266 11.4621101260088 1.3488047164244 -4.38385759626688 6.20161850540574 2.72070314487055 -6.52808433922664 0.124042823699561 6.69990186915111 1.93264842922367 -1.82583296805727 -11.5347478229493 0.868306594192584 outlier mahaDist=42.4492140025024 cluster2 intDim=28
-1.29301626114988 7.68363274707573 3.8774017786514 -6.46265947257179 16.9056595978686 -0.61312694126998 2.09830773783827 -2.46568311886799 -1.1155965783557 -4.50844232376154 2.77171586844357 -5.31661557817627 3.784364476539 -0.988417950552815 -5.33872031896206 15.416353048456 4.45064295462448 2.17521508603085 1.68701449156593 -0.902169098531452 10.3876688031924 2.50438077968654 -2.46895965160694 4.47996538119603 3.67323299181246 -7.32366430113892 0.916498592247902 4.3890656489533 3.31824382565657 -1.12804474743093 -10.2500349357143 0.331620996863083 inlier mahaDist=24.4717535867064 cluster2 intDim=28
-2.36137274472441 7.19956427179556 6.14259555633116 -4.18603056440204 15.1415760398311 -1.57168024264583 1.82387548085684 -2.06426585406057 -0.344263515216089 -4.74197539250428 0.459638238535065 -5.74284447690688 4.76257029619389 -0.182494642379874 -2.47821248887754 15.397425523655 4.22165221091904 0.235631423677113 2.31883436530233 -3.02702005287077 10.877693362174 2.26566906156293 -1.41867209465231 7.51096060136021 4.15258174712494 -7.10400129905022 -1.09774511678155 4.39171960478969 2.90829935687339 -0.526400084669834 -9.48012750013224 -1.36947577720792 inlier mahaDist=25.5823713613782 cluster2 intDim=28
-4.15181069131504 7.04819349735908 4.26157284216676 -7.08198735154142 15.5378640964343 -0.450569349101767 -0.0740104475852205 -1.80496159330949 -0.505770295255546 -6.06334783982494 -0.0778747904538636 -5.32717913468119 4.00404112389639 0.0462673157261323 -3.16643641235382 15.5342387708038 3.10923392588907 0.0275837197158106 1.70060274333672 -2.54130370082287 10.5812572193401 4.13646481281715 -2.13661075199356 6.52157261388404 5.16627109189635 -8.0258569136791 0.395540362464787 3.33354977378181 3.70487643384334 -0.914676103885616 -9.71345063548797 0.791031431566688 inlier mahaDist=24.2462608987005 cluster2 intDim=28
-1.77497596740683 5.78310807344454 2.62157539143147 -5.45285403803005 16.9689815879149 -2.7608765452199 1.23827280666315 -3.12613115301759 0.325518312999143 -4.84967043639272 0.531266375103104 -4.4719815889802 4.33712047553771 0.153872826187783 -4.21719371784021 14.7514203013021 3.85872907244149 -0.127719821710853 2.21454417465349 -2.19068319113312 10.0429179017275 1.92890689257489 -3.71124230865652 4.84052599508342 4.20717009438643 -8.83007010269142 -0.160943349379913 2.95176115761622 3.89608929800744 -2.93950793564676 -11.3640947103377 -0.0588877400519375 inlier mahaDist=20.1082939593273 cluster2 intDim=28
-1.62443244428557 7.50414491206733 5.53204373367774 -4.65039109154987 17.2070509134116 -2.76721380354181 0.502689334321963 -3.44631941515463 0.516724767856827 -5.89592028858658 1.84950166798663 -6.83181432987051 3.25232533260501 -0.202265512639839 -0.804519913101032 13.7905324371797 5.36495326848768 0.721580907096985 1.31737101415072 -2.79577223559235 12.530242981095 2.99999818936073 -1.49298705440048 6.25254398891367 4.59147610324693 -9.42504991863179 -1.08830582404503 7.09189794368073 3.81125768030702 -0.483371729111452 -10.5105631854592 -0.232986455555355 outlier mahaDist=42.7517491198021 cluster2 intDim=28
-3.04467444302647 6.56276506456847 4.29931469464109 -6.22064913979927 15.3679183480238 -1.04610728241334 1.37141149233801 -1.22045408414848 1.42179691014352 -5.30876681844116 0.272555617727847 -6.54148321245705 3.535657413185 0.260303987858046 -3.43025161277977 11.6210511951069 3.3441896722969 0.273517911018635 0.458346919902177 -3.59628034391169 12.5416587560956 2.17907620468108 -2.30524584767761 4.366144332728 5.03537902974146 -7.05408439313108 0.177806886782273 4.73120836665534 3.21010672917301 -1.33201525632647 -11.0971526840495 0.713861742115263 inlier mahaDist=26.013341699399 cluster2 intDim=28
-2.83869629608421 6.24138130766078 3.2467432446362 -5.42034996000186 16.2618776054004 -1.60885098281465 1.26036296272302 -2.34170749506847 -0.234420470606605 -5.76249949479478 1.86750615675285 -5.30469256723475 3.83733116455214 -0.342554994491939 -5.17085115157033 12.9933659971844 3.6222288116523 2.22902691653895 2.12875638992733 -1.94201801371254 11.3258717645431 2.15250987757149 -1.45557871445474 5.56830744586283 3.86416946973322 -8.83941370703338 -0.150059520881879 6.03507996221748 2.9513885472789 -2.19543958418158 -9.97883441167846 -0.535642066199964 inlier mahaDist=21.3526400575005 cluster2 intDim=28
-1.85994284808817 6.7414403731276 5.13615093692803 -5.40104576853057 17.2961714954439 -1.36771111996663 0.639568367302464 -1.96203976873794 0.800799826410314 -5.54864390655776 1.57146596785993 -5.80290936483759 3.80730093491623 0.793921795038866 -4.25704495772867 15.388960711607 4.90769511164834 -0.486568921121833 2.51829827782074 -2.50844958080984 11.2448962959803 2.26477711504235 -4.69769916894744 6.15693114767125 2.63729362733662 -7.28795604303123 -0.177034532496949 4.56548489781729 4.55043676609388 -2.11299484190558 -9.87070145446292 -0.846754851226836 inlier mahaDist=19.8090550566608 cluster2 intDim=28
-2.77300957861838 6.8553856734963 5.07642256970216 -8.38350418986037 14.9924233148663 -0.782696059671121 0.291989898956413 -3.99044531693384 1.68317222060181 -6.35360942493445 1.60097384862297 -5.67990404645416 2.97458051933641 1.44307905330559 -2.81490419818835 14.1621096444392 5.53735411467404 -3.22358547202362 2.68318661693897 -3.42101577834159 13.1887663193764 3.82362406885416 -1.5887364822325 4.53968569871087 3.88841689631332 -6.96706406908307 0.170609881508578 3.36899090103674 5.18948926851745 -1.67218135971478 -10.3478200308225 -0.829503891894152 outlier mahaDist=47.3877144211408 cluster2 intDim=28
-2.08797313630634 7.1942621354713 3.18202994339751 -6.91134473720663 15.5081748494732 -0.934345014444635 0.619402869330706 -2.78410664764681 -0.422575804234913 -3.90097817295227 -0.186870660764241 -4.96161746748493 5.31073536354235 -0.209557912608889 -4.21904844651265 15.0364145128357 5.56852275897911 -0.556546493313923 1.53277551639347 -5.13636596396669 12.5986186661247 2.11470550224259 -1.66086675579651 6.95340234168682 2.04650381176839 -7.29604980186132 0.193399793003572 4.59118727538589 3.073443869931 -1.11917512776451 -10.7654292743069 1.22328038420521 inlier mahaDist=33.5736859850955 cluster2 intDim=28
-0.858110994170281 4.27440358794829 3.82549280605075 -5.04154762204014 15.0704597142347 -2.91315130360262 2.68590704813023 -1.27267823382034 -0.787539587014322 -3.30365309379687 1.03084531059452 -5.35073072975338 5.4112253060455 1.05306021430191 -4.96685228382797 13.5590844468794 5.05676861271282 0.942936595669239 1.86710550454744 -1.79954766443353 10.4387911621711 1.87980166126325 -1.61420829863509 4.48276993539923 5.43029354685009 -5.99691839472753 -1.35989016452601 3.24497735032479 2.07319017186396 -1.26560586526664 -10.0313607816252 1.09261969019008 inlier mahaDist=38.4062875350147 cluster2 intDim=28
-1.19988296764184 5.86595929844163 2.77095171148035 -5.56397467406988 17.6077690955428 -1.19962458480702 2.61134458761736 -3.97026498792441 1.24502903985194 -5.10657674892254 -0.603964192492778 -7.09075901163335 4.21866352111015 -1.81665226853563 -2.67755316479588 14.6323446960472 3.3380598168575 0.738647752154015 1.93356219359525 -3.12143763035127 10.9030979164026 2.40435333607703 -1.83794159131115 5.00947996240132 2.75836833547061 -8.16879088462954 0.344623527569589 5.5920751634643 2.21310820322966 -1.45254507788137 -8.45899890186207 1.56038688430986 inlier mahaDist=31.9827197266879 cluster2 intDim=28
-2.12365446389239 7.99531701485145 4.91431509282804 -5.9128198439364 17.2139004109881 -0.444946176751909 2.51414659035999 -1.05964843689213 0.14076395842424 -4.86723419298953 1.48607439512156 -7.20488676392356 3.10574538012717 1.03903656382102 -3.91697937193238 13.6187758472425 3.90425223197527 0.0830580531786123 2.19072431074519 -3.42151248664806 11.3847009116403 2.64995774256552 -3.23924446380637 7.06587971053438 4.33268482882863 -7.81943039725012 0.121870660246675 3.64801185675333 2.64574894216165 -1.88747709514252 -10.7538724990594 -0.0425564763671085 inlier mahaDist=21.6511104421115 cluster2 intDim=28
-2.72584496470503 4.5333421479257 3.07907759550533 -7.21105605373416 16.3872235603397 -0.795071742966451 3.77876742682644 -4.13764389213819 1.53716601123447 -5.45504534328599 0.295504860824304 -4.93771812231501 3.88457539628544 -0.00472807597981262 -3.00655295619587 15.7327460272034 4.7129030495531 1.67541856370414 1.10670485827861 -0.7476137915243 10.5620143260608 3.42149352623685 -1.91079793858508 4.65696942777138 4.12070140468063 -8.04366112232911 1.72016539645912 4.13300534416721 2.77131247622626 -2.40762935908729 -8.92867957536113 -0.941584383761086 inlier mahaDist=32.8907854441098 cluster2 intDim=28
-0.976592302809107 9.0908838576421 5.03231609422738 -5.50758978143798 14.9104083511898 -1.16154467566124 2.3136325552451 -3.55704583146217 3.26996360644915 -5.09752239840922 -0.631622612280057 -5.3129431837599 2.45559363111909 -0.247604208469627 -3.35554328626291 14.1318191145164 4.90565555518791 -1.17965814378252 3.48455827965921 -2.56766878752487 11.4598567125631 3.4062875694617 -1.62155288489699 6.01753699890637 3.49028122443424 -8.23625236908129 1.68153723649949 6.27834630791282 1.85383296932166 -0.706246038786316 -11.3857661162449 -0.233535131249498 outlier mahaDist=45.1838466250249 cluster2 intDim=28
-2.35702275505383 6.20447335939841 3.93225649580553 -5.69857664047024 17.4803298030497 -1.87175223756377 0.562338440973955 -2.53288149074286 1.33552123105896 -4.84489696189019 0.92515648221712 -5.40363421991569 4.18606821855993 -0.43008133710404 -5.02359472096806 15.8475794355692 5.04497858233566 0.569941642123544 1.38791379522599 -2.91045909431937 11.6200553918747 3.19201742058989 -2.93053512675125 5.90720858174801 2.31231671923398 -6.52820000329475 0.312244964362934 5.31967093664836 4.14714506368213 -1.92811688347626 -10.7808109443628 -1.11052630241323 inlier mahaDist=18.1090608098967 cluster2 intDim=28
-2.24157476017616 7.00959704431514 2.58910243291024 -7.02397552414353 15.6266714250626 -1.34631340103993 -0.49795347469154 -3.3983453190285 0.946083866084498 -5.35406481766945 1.03151444964689 -6.94339043844554 4.93803241603781 -0.381696023834431 -4.37809729041321 14.8076002412127 4.07736806111559 1.75474917189227 -1.22427006106074 -2.48787777429529 11.0553597957272 3.45231336897135 -1.73964334832673 4.43529360556704 3.99874664228938 -8.02545944574812 0.458454641786088 5.73155449551134 4.15012989527953 -0.711960466328056 -9.43188129080857 -0.870877983059702 inlier mahaDist=28.4687601265846 cluster2 intDim=28
-0.498130235436066 8.23586546326166 3.32941543416399 -6.12524070301436 18.5159919652869 -1.10277193111219 2.09484378809399 -2.0642322023571 1.43801388801732 -4.91335445646488 4.02009378268676 -6.95061515732386 1.49047145639169 0.852262147056042 -5.01554128769467 15.0242446720485 5.47923029364542 0.445662674995939 3.01939581956909 -2.44133466190258 10.9054545862457 3.55879335458817 -1.71661582100728 6.96344199325502 4.28147856651889 -5.97196469285943 -0.463411866331711 4.61573878696356 4.20060593689376 -2.34171509125319 -11.711306128791 0.646091269410769 outlier mahaDist=47.4181969938754 cluster2 intDim=28
-2.2137188947128 8.30950545446597 4.74055014493565 -6.87175718522245 14.8548491219265 0.264010187890965 0.143359496804915 -2.33665925730837 1.86251963595628 -5.54529383547791 2.48286411008179 -5.68640925816973 3.69699242395758 -0.470605201753266 -3.28565751175981 14.0699307437162 5.5744774263246 0.837826680269557 -0.402588417333401 -2.71541212232456 11.2026030278117 3.34612966832039 -2.16805762381132 4.2492796199904 5.13672102827447 -6.18707865087848 1.67246059931704 4.23484379949253 5.41259121226205 -1.32031871824541 -10.3492202610319 -0.859458895536297 inlier mahaDist=35.3874328019671 cluster2 intDim=28
-2.39037708797146 5.53820378010736 3.72011910609791 -6.79582613784653 16.3464134182381 -1.58838488041883 2.51917947192286 -3.00251752906343 -1.32583405713327 -5.46955748652312 -0.164923543515245 -4.62228823881322 3.98505255364808 1.09759045050925 -3.91165584792598 14.3972060905096 4.46744183056791 -0.275767146790293 2.57659133544573 -2.97604570199292 11.4915517841218 2.26292422527495 -2.37646367851416 5.53525215077397 4.38558935927227 -8.24571257743289 0.721247625214354 3.91533980919817 2.22666458727628 -2.25133443019785 -11.6422726253857 -1.15799839234375 inlier mahaDist=20.1413965596371 cluster2 intDim=28
-1.90839167973417 7.53089263211446 2.27173714873632 -6.91691009142409 16.8879795918612 -1.76181052129801 2.31192543494603 -3.01232883091445 0.734371570347742 -4.52510670347298 -0.701894199924127 -5.54143773630776 5.19832411161068 0.155655335174023 -4.20958820161937 15.6490991948886 4.65526950257604 -0.284626825232581 1.13855524705557 -3.69241682269552 11.3320750790376 2.30363116899736 -0.862205803549903 5.13579175605823 3.07132563835811 -7.10178154076299 0.0356169427984977 4.02688073805536 4.65717387702971 0.0869379542485081 -10.0537645728964 -0.662796934973334 inlier mahaDist=25.3037556246312 cluster2 intDim=28
-1.47912127785947 6.26959678026149 2.43683570159923 -5.80767680566581 15.7525926355177 -1.60708611012765 2.09705824723882 -2.70906790595409 -0.345541449897835 -5.43794760189506 0.854884775977506 -6.76015723131265 3.33037255521927 1.64330479443465 -1.4758683153466 15.8487222735499 4.22879060744555 0.302419610786598 1.96833588147693 -2.11539694598082 10.9839919845866 2.50725236459835 -3.48318839670993 4.17926246077935 5.05547505034164 -8.28089104195715 -1.72863591863543 5.14918706980186 4.08633516967975 -2.93198705854393 -8.71806569089899 -0.994389259526161 inlier mahaDist=29.0692590409617 cluster2 intDim=28
-2.20090549359963 4.30396665301969 3.4422170971941 -5.67394484083525 15.9539980166269 -2.79676350278447 1.92212743508351 -3.58784801323895 0.674275940249861 -4.85871617709664 0.365653625747427 -6.2277769186966 4.39644819984551 1.75211479138582 -4.93960748499013 15.2468083352903 4.23347234057995 -0.39193235454252 0.974313389058752 -2.50190309917409 11.5706867338522 2.38137463548141 -2.9881116581806 5.35552660581812 3.85062005542865 -6.65863747015852 -0.305091558321922 2.58702536166305 3.98797117188025 -1.57508360402179 -9.70589509557902 -1.97896680851643 inlier mahaDist=22.6340623201566 cluster2 intDim=28
-2.37182589757952 6.25183246862786 4.13321191616591 -6.08388116077811 14.469096244615 -0.966871913887886 1.20140840825486 -2.02876403201773 0.909380772782762 -4.19723865840391 0.907592253198066 -6.77787389751058 3.47426595723055 1.7232263007121 -3.60124051645481 14.8625157326306 4.57899932492769 -0.0769592130486474 0.984755759102245 -1.11145427088301 11.0425494578567 2.2453038621308 -2.20904701845416 8.61050111251629 3.15450881546668 -6.65301876891872 -0.505018553311197 3.92894714364079 3.20020099164167 -0.720014914370336 -9.73784692529376 0.791879657230483 inlier mahaDist=23.9120917625676 cluster2 intDim=28
-1.59324477201156 6.77454389669328 5.87659809310259 -5.76443280531601 12.8723959657841 -1.20004102863267 2.07598326686973 -2.07052195477839 -0.116384528018577 -5.66476453922404 0.344948965146987 -5.65404306336019 4.26060647791786 1.61981149094072 -2.91910149340649 14.1142748698636 3.56349399870476 -0.305938133447306 0.875660178579731 -2.60241335751821 11.7557960759661 2.33550529996274 -3.77290741056719 4.98075458428738 3.44161990691544 -6.73494535150942 0.3876414388173 5.22925581567538 3.62360033280048 -2.51598815122615 -9.11986099863086 0.738337581262765 inlier mahaDist=26.7132137331489 cluster2 intDim=28
-0.900774906781958 6.9295320709641 4.36277230265648 -6.64988156868309 17.5972763902725 -3.21507386144373 1.25166955785512 -3.07708486410789 0.492972120620722 -5.81560538700928 0.997707908328419 -7.38941584582192 3.04933022049733 0.532365885027608 -3.83846295596027 14.7025774452079 5.0086820183747 -0.62940841784549 1.00642455731893 -2.59178432815255 12.3713581484663 2.4818980488563 -1.80050459916172 5.88798641456564 3.43081715804334 -7.34641001227484 0.434467388156162 3.9854847049761 4.96207132388616 -1.01860950741057 -12.2720097124174 -2.20059266030726 inlier mahaDist=28.9451817984797 cluster2 intDim=28
-2.9925681618246 7.40672028075838 3.54617226540089 -6.63303454969911 15.602622730494 -1.287087764131 1.92204606680538 -2.14685820488789 -0.210621606735885 -4.16883596809333 0.78127180897447 -4.59183331167495 3.92731745362534 0.662846229143714 -3.93819082330263 15.0295686508567 3.90884076489049 -1.18924751207777 2.72180469594241 -2.36269833144989 10.6471040528422 2.24677956192943 -2.00026254715042 6.55490317410673 4.9095464283452 -7.41867777440684 0.577672919021563 3.43286613389618 4.38746105795175 -2.27408135918824 -10.2990056919658 0.477763004158579 inlier mahaDist=15.5101956947445 cluster2 intDim=28
-2.31644393253029 4.74822638335591 4.78534334493011 -5.65494807242514 17.1017133743382 -2.17368138486947 1.39976183872229 -2.10010223579548 1.61137910291492 -4.14707470085192 0.529983685309467 -5.46396059290169 3.89449620049947 0.251656275327814 -3.09481339696654 14.75425210198 3.47351868420122 -2.12485587725434 2.13980588639901 -2.49081222435702 11.2097943181271 3.11613280497799 -2.48594667429678 4.42644031355899 3.98429157492837 -6.79167526535695 -0.665052094869256 5.15550213520173 3.60119872006904 -1.74201273887103 -10.6970229569285 -2.1099731686274 inlier mahaDist=22.0878180513155 cluster2 intDim=28
-2.82305279534344 7.54487299703977 4.98696524509991 -5.50404214526333 16.2677432242565 -0.70393450428398 0.338677382854458 -1.79771885168318 -0.0326362188535272 -4.93581397895839 1.07449838585245 -5.80599382721647 3.36111313228004 -0.906047527398142 -3.91179877277126 13.4165757472992 3.04285964258326 -1.54198750159198 2.71191443587164 -2.60937626602287 11.0929918726104 3.52018170323444 -3.28834238464351 5.06396722569351 2.95309331607852 -7.32617133858986 0.661080248346228 2.47615436215056 4.06005764894884 -2.10446892949331 -11.1852057950503 -0.242997623383884 inlier mahaDist=22.4797639090209 cluster2 intDim=28
-0.752546868926919 7.24953239719929 3.74208768430904 -6.40188058838931 13.9359607783144 -2.93161400404919 0.99219882409593 -3.92314899697011 1.68702320696635 -5.37407932320554 -0.189822278901715 -6.37121562244922 4.7343560714787 -0.117794453628419 -4.02563250651163 13.5710121432755 3.85016222556576 -0.748673413536424 0.627498577801846 -1.60210732135218 10.686544637447 3.12904208896129 -1.78581235276548 4.72482139790215 3.66681584993959 -6.95620463751245 1.8292732409586 3.52285679147323 4.33823909081265 -1.01002637920595 -10.8569112811156 0.810944410703538 inlier mahaDist=24.5977337913998 cluster2 intDim=28
-1.40088568353187 6.95269742673688 3.91258944420489 -6.09036381957802 13.669688257763 -0.275293364710285 1.80864692005175 -3.3585380949785 1.688486721818 -4.39682532104202 0.699266673328442 -6.14677999324188 4.55737788940395 -0.0232341290020736 -3.28969476310909 14.701865695262 3.68115649895073 0.233937296280329 1.33923442051762 -2.4883652764529 10.0857126670599 3.19746615880707 -3.20922758547386 4.42422218119431 4.3976759669779 -7.87887287401591 0.139923763645719 2.86308589553444 1.70812833103875 -2.06252316910943 -9.56474923345641 -0.174193637512832 inlier mahaDist=19.0534184609738 cluster2 intDim=28
-2.32681753616588 6.47775163750254 3.35593307334381 -5.79932317363217 16.5108845590228 -2.24509425041851 0.111486467177657 -3.50658417938012 1.98492647512074 -6.08387288606475 0.43868138362538 -4.48099364215218 4.89520125683194 1.06686438487642 -3.32489522136687 14.5081491191581 4.12657619958605 -0.863121308007179 2.98093057356683 -2.83211042573692 9.18296052177396 3.23034335292826 -2.51239219394779 7.06359658181865 6.16073870518919 -8.35137158095989 -0.0206678632945682 4.70886492071204 3.29234310437395 -1.29085538668033 -10.799204293583 1.4347778274313 inlier mahaDist=29.0746881998962 cluster2 intDim=28
-1.1611068034408 6.80296998617616 4.5310282821558 -6.27962600221579 15.387521957376 -1.64714720705242 2.95195306209833 -1.9698300265944 1.02256216647406 -4.42360828661701 1.00184611823116 -4.67480122920641 2.4374812425735 0.54751704471565 -2.80713017491281 14.260003849669 5.27038103827098 -0.887568730343603 3.7390333845431 -1.74438922063671 11.5414162589731 3.40938755959886 -1.05373297185826 5.14929736064745 3.8409737798225 -8.28513387920355 -0.577441146340404 4.5089383618666 2.47639247621758 -2.52565788681231 -11.3106878593232 0.174014333472751 inlier mahaDist=23.7053898433231 cluster2 intDim=28
-1.86667097358461 7.08412404179597 3.08612163922166 -5.35116080251635 16.1162623110025 -1.57677818621335 -0.0629773796394563 -1.4080199708535 1.14066333806065 -4.40614588054167 0.359802311745707 -6.04873079049486 5.0730029746851 0.426265532191137 -5.47207926155793 14.7370888550655 4.15565827007583 0.224713571493222 0.471932464063516 -2.02527170450081 9.1313490963663 3.41126962812425 -2.33896217889668 5.20543776500791 3.60071965224251 -7.61142895033463 -0.0938205300638494 4.3377886156759 4.80200327584379 -1.42075148419857 -8.64008994707112 -0.749537293302655 inlier mahaDist=21.2252954582942 cluster2 intDim=28
-3.20985321330724 7.75216989951801 2.0262719054179 -6.18948731799604 16.0681052757507 -0.213445613650521 2.4570552348032 -1.20282761667902 1.71692907739489 -5.24645008348703 0.0899378747852957 -5.05051997060149 3.32829601050204 0.319028075846006 -3.8985295499695 14.3362439555108 5.58055709123729 0.428964809190168 4.43263072598898 -1.48249328404567 11.0554201347208 4.52817866487451 -2.50216157761706 5.78832214687123 2.99298825310303 -6.87825013973576 0.885106320066122 2.69076463593439 4.26432250313952 -1.82091826245671 -9.02799589966427 2.37036375672772 outlier mahaDist=43.2949217478462 cluster2 intDim=28
-2.99923800794551 5.42969058581392 4.10627901887378 -6.88046613029248 16.531306104416 -1.13525489786669 0.291319403984995 -2.15933170794519 -0.545349265294313 -6.23498552615916 -1.86852931967741 -7.98379449622174 3.45997908501454 0.664096365171 -3.84210247932388 13.5047944768474 5.01079138189447 -0.156073969398082 0.795461799815081 -3.0091169942888 11.4504030038842 2.02587738178911 -3.1392061437901 4.00055146507131 5.60211245934787 -4.91667550147947 0.297719890470584 3.1768358334136 2.76140957294 -1.61048848425988 -11.7629995890155 -0.396433309963416 outlier mahaDist=42.7914459398906 cluster2 intDim=28
-2.0803170659112 5.06125023514686 3.81380723776734 -5.15330679752513 17.0367157988606 -2.2780146631341 1.14957978462021 -3.17704985233318 1.02982334542679 -5.66255186423598 0.179421545878332 -5.45993115397149 3.71149645964177 -2.00068043419608 -3.95956211247357 14.4969850780745 4.34889769496823 1.00358029444421 2.5767865225081 -1.87090324111556 12.0438884630091 1.54831884360279 -3.62801245397988 4.42575016781299 2.84606464890621 -8.84401113785086 0.896653651755805 3.23533280172598 3.58633504255394 -1.58469774620656 -9.82986581859011 -0.594354865484283 inlier mahaDist=24.6905998110294 cluster2 intDim=28
-1.81656132954836 7.27624884733288 3.69525588063867 -6.83131545291344 17.1217172024953 -0.559313940260738 1.70256323884429 -2.00947533927477 -0.707907571360668 -5.41267120393227 2.83236097434224 -5.61063150787555 3.36463672623778 0.669128369124767 -3.44761555120333 13.6987206798016 4.5553165651581 1.40039179720953 -0.0404478725266566 -2.6200756506964 10.6673150707177 2.0261862813082 -2.10391225773543 4.99202310581272 4.31089387041852 -7.94760630891917 -0.44463633601387 4.50043671288465 4.72473791982188 -3.18963368452873 -10.9405733170711 0.67519205513934 inlier mahaDist=22.6283324752204 cluster2 intDim=28
-1.57280235934012 8.12136022484161 4.93929176655886 -6.13097878005426 16.0932641698907 -1.8379236745406 3.49928099666377 -2.6226533790487 1.19299733053696 -4.2913284991303 0.587114086536837 -6.44197434120784 3.55521610351831 0.992431014644989 -3.56768279825061 14.6727523222318 4.58138962639472 -0.957692136930407 1.84892507909276 -3.54151030850682 11.0574892658724 3.0453243814922 -1.92096778917076 5.43797465981682 5.92798181279458 -6.15925989379164 0.602028360900384 3.31739750652816 3.75156704824135 -2.30403770866728 -10.5105452402688 0.628800638528145 inlier mahaDist=21.4866803460664 cluster2 intDim=28
-0.728555114037686 7.82545642181518 4.54158499709641 -6.18740509188325 16.7678153873252 -2.27422495053455 0.796174197198287 -0.830983389530917 -1.07887691856978 -5.35300190656125 0.979071175866536 -6.47205393394398 4.79176397833372 -0.204198985503438 -3.43639117233175 14.5555404556106 4.28424131479488 0.303077261404541 1.74964528276484 -2.05109447126749 10.9303033038401 3.3362067437054 -2.21398852135665 3.69901146271084 2.64347894613688 -7.21944321531698 -1.19478806727421 5.9048029349451 4.10738394736923 -1.37539390985235 -11.2079142217108 -0.773152021953757 inlier mahaDist=24.8352770939106 cluster2 intDim=28
-2.72316212080875 6.83542691825946 4.28036063533395 -5.4618425143761 16.1720292027727 -2.30569161332508 2.0787823202223 -4.99928903160286 -0.294444495251523 -4.69673918826945 3.31817081082017 -6.16050304724199 4.79870785866001 0.303877251813728 -4.06055264328423 15.1166043562499 2.59845727390267 -0.124403683381521 2.39976869562443 -0.351438513772778 10.388135730737 4.22636890914215 -2.19167628356703 5.8298896350154 2.89573720816319 -6.9131994507022 -0.111428637543908 4.25314796560367 4.02535263499653 -1.86812606085861 -9.59872180149424 -0.61780994554875 inlier mahaDist=25.3831849739455 cluster2 intDim=28
-1.51011724354696 5.60583526815146 3.19446808821446 -5.58119916107417 15.9057393110145 -1.35271199588239 -0.25939986347595 -3.35103795874122 0.60055213489785 -5.26276228457811 2.30667427180703 -7.20533826372112 2.98901548416371 -0.236328768581261 -3.71486834133409 13.7164133895514 4.32571429230581 1.59456548624595 -0.489181533969891 -2.35414851515359 11.5803556033316 3.24756533838358 -1.85680404102177 7.41998969985077 3.1488484576418 -8.35708451777828 0.516008768130599 4.61585926800059 3.4402603899661 -1.57444594396982 -10.1979912397143 0.658162749849267 inlier mahaDist=23.6479444055742 cluster2 intDim=28
-1.37972859134433 6.13977625688759 4.17576345805477 -5.08605392139193 14.7911775510269 -2.73101661916351 1.00466449733402 -4.35227029036582 0.525979683753893 -7.19430537966924 0.972797563917985 -6.94491176415495 3.86393912562215 -0.0467045410674086 -2.41565930259471 14.1903340058447 3.45658112317135 1.36285130075695 1.16854687225263 -1.39646791439419 10.6680509392774 2.28299651694989 -1.23791685738766 4.4891055812542 4.88281940039641 -7.26483892471375 -0.975397638249688 6.15025136019268 3.83478686729973 -1.57485542083937 -9.51636185719988 -0.617229401590749 inlier mahaDist=26.7264355083461 cluster2 intDim=28
-1.4216410365246 5.85635594756002 4.31366272124678 -5.59996968865632 16.7502182177591 -2.63173449736722 1.68362726008718 -3.63561475565036 1.0978706696462 -4.28782749089686 0.762357279097402 -5.02316728107228 4.55341038485792 1.60490030269074 -5.36596951269475 14.249941479841 4.70783635933164 -0.752894321675477 2.38021812089325 -1.24345289941457 9.86752735923949 3.99282416962011 -1.44751276950063 6.15489902015885 3.42072521506249 -7.28885823629745 -0.494010527870934 4.5318230474089 1.82583985777599 -0.0457038020610877 -11.4490250502833 0.501220536120641 inlier mahaDist=24.2941774528225 cluster2 intDim=28
-0.694816207926685 6.14727769986403 4.80584557796225 -5.85238509834867 15.6531802376323 -1.64585204846805 0.695595058584601 -2.50496102325817 1.89516689342823 -3.5575273479446 1.65068057198626 -4.81485471627007 3.58100706407545 0.526886801904585 -2.10009391092238 14.7207792823997 4.30243317285008 -0.770468904611803 0.199979160426121 -2.33099775784848 10.0073266814362 2.19858441952446 -2.99084361366793 6.3568560298954 6.44939526028948 -7.55332598468202 0.315259416180584 5.13583627410134 2.27819725249816 -0.542490899974434 -13.1378868371248 0.115288194467881 inlier mahaDist=35.0518312405595 cluster2 intDim=28
-2.35159290559724 6.27700070988086 6.15185557909001 -6.51852391555753 14.8181667300808 -1.92294929537223 1.42257451800327 -2.57389056085515 -0.411357318900614 -4.51237828670154 1.04185906927086 -5.36297124987713 4.33530724341236 -0.181552555977494 -4.53355383295709 14.6806226216001 4.34842857699151 -0.821299750274143 2.21045964231137 -2.47796611493582 11.942608741712 1.97352951863047 -2.17470677208403 4.83957972851631 5.05255771746785 -6.69541395556652 0.595728972773707 3.40568697002836 2.98348648786551 -1.35301893277849 -10.7936373137924 -1.51058857159386 inlier mahaDist=17.6235788404753 cluster2 intDim=28
-2.43710687788332 5.71164465544687 3.99964751197849 -4.94877474471911 15.0852711829098 -2.46938497723495 0.743864093209794 -4.10536456808595 -0.287985415329432 -3.84451388278059 1.35051785298688 -6.69996675290137 3.54890111501596 0.21053313370907 -3.69668199490064 14.6555879267496 4.60365366635397 0.117234488504118 2.09851402370935 -1.22795365040685 11.6841945209417 3.24551315871721 -2.19913323992869 4.76389158449755 4.95699718505322 -6.94408437891419 -0.750172817874528 5.2749295469989 2.30980609568424 -1.60974601664165 -9.89724278516989 -0.50032546464195 inlier mahaDist=15.5015633297738 cluster2 intDim=28
-2.12268267816986 6.57040518246835 3.63197859981835 -4.92999783713191 14.356487016684 -2.50816388305738 3.20599268514639 -3.80548880973459 0.224660236647682 -4.90679832048952 2.43474170376359 -6.91759582904123 2.8190280582505 0.913812801840309 -2.96058447487186 15.2237720889922 3.03076185431406 0.963386186909402 1.86400484254024 -0.483384935749065 11.4025952513674 3.1637006861882 -2.04109018041719 5.76297958821007 4.08778805750864 -5.98736210894089 -0.698323893479016 4.54725895762079 3.91764660913977 -3.01466696060128 -10.2856794926829 -1.29683301591579 inlier mahaDist=27.2786003102274 cluster2 intDim=28
-2.46416498251489 6.61408048539965 4.67958248637352 -7.0890336474251 16.683129790863 -2.74930192170103 2.75397087460625 -2.71769870880679 1.08270979819582 -5.93346467624574 1.21658889620481 -6.31848023737252 4.81218084606325 -0.469320609336829 -2.59371090676487 16.113002156726 3.52214994713943 0.694274156962236 3.0440882536204 -2.35766866542994 11.311753028314 3.58991480431567 -2.01663245841884 6.11533635274985 4.94990892714125 -7.87048087971051 -0.0208190324553289 4.65709196587747 3.10193738509649 -2.94743215565977 -10.5149478085102 -1.20774428205978 inlier mahaDist=20.506436895493 cluster2 intDim=28
-2.14434665182859 5.27653652727577 4.72976193822538 -4.54636462231399 15.8366975405172 -1.90880452623692 0.181903310231757 -3.73483757378031 -0.731713101203289 -5.69166496794319 0.235068358570675 -5.27489676648384 5.15759588680191 0.397067591554991 -3.82599924186054 14.7795720446061 2.9103245449113 -0.85241161314545 1.02827241680482 -3.6922056398033 9.97424812522292 3.9368995270294 -2.95803484270376 5.76548670686194 2.59240064891558 -7.47840091666785 -0.354089967419796 4.00901861287182 3.67923852207464 -3.03786046866192 -9.38340645775248 0.0709518309368304 inlier mahaDist=22.7492069351031 cluster2 intDim=28
-1.09456650022636 5.19738575560691 4.50485186857081 -5.99666598303566 16.3918483028545 -1.6169033796365 2.45787524320721 -3.04509474548399 1.59724438504169 -4.29328787624861 2.20477641409216 -7.69811391491481 3.86536186333147 1.04780312534711 -3.85336428337839 14.7637713207417 3.27743242165497 -0.552769813135995 -0.00218905708465211 -2.45834249583533 10.7077986633902 3.54726967140383 -3.60532480706958 5.73113101227789 4.27649363020169 -6.80449809240283 1.10736980398916 3.31904593025236 4.04804392793023 -3.02335541463263 -8.56822124835472 -0.289385584649517 inlier mahaDist=23.7862987884957 cluster2 intDim=28
-0.610194995393452 6.66691144990178 4.55263161109305 -5.90066822234362 13.8865549230818 -2.86017594898508 -0.0357994854230185 -2.20076413460853 2.75990709423682 -5.62039812398182 1.88606166693171 -5.33032348599689 4.08847061503636 0.299028776388413 -4.21581384314681 13.345512929746 2.23759162309274 -0.484028551203566 1.51746788025055 -2.64154792864498 11.4639326394382 4.58074770704696 -2.54758088241777 5.94104080442441 3.51096175716289 -9.14460542770873 -0.0404554898118618 3.40729945558127 2.44293252134643 -0.10568746051585 -12.8144076221029 -0.194186060262316 inlier mahaDist=39.557003750123 cluster2 intDim=28
-1.73857544854401 7.3434136372304 3.10526070974927 -6.06703598314593 15.0514469658954 -1.60301304164326 1.83784080048723 -4.35608607339985 1.08661833185582 -4.34916515964685 2.34615128151413 -6.45491429082705 4.05675848976545 0.418506395486961 -1.85919725546177 13.3164993917686 4.77640200397618 0.673661674260178 1.13649186181754 -0.949827593654649 11.5888269484173 3.31849654961937 -3.04181036060218 3.25402746818847 4.77557349590951 -9.0357553468431 0.0268461773320613 4.58000493580838 3.06036581485155 -1.34884646161976 -10.4723643289165 -0.685280864911487 inlier mahaDist=25.5052843646802 cluster2 intDim=28
-1.30683706056722 6.11090614910771 4.62059272830835 -8.11782142764168 15.6860527721936 -0.835663332100872 1.44371902209433 -1.26695838733842 1.42375153490897 -5.47685779875139 -0.718742712523255 -6.83573353438314 3.44186430811015 0.402157513727624 -4.54314837170931 16.0403468321069 4.63230858237906 -0.78102340815693 2.01356314972085 -2.90526672462422 11.4130546972327 3.60855696382603 -1.6712639501506 6.88661837169824 3.49055789399494 -6.42895800102916 1.31463022731814 4.52312979612924 2.51705241097096 -1.22795799659006 -10.0309521668457 -0.17635086835186 inlier mahaDist=25.8295231438618 cluster2 intDim=28
-1.67482615582691 6.31822708405292 4.17530227614622 -5.27872850260245 15.5261426471778 -3.14887974843786 2.31986484372172 -1.00313315202334 -0.0412537830761477 -2.54729238309134 2.53028711993496 -6.77060193180922 4.08959685897786 0.32455663617015 -3.91578132694165 13.8273002767916 5.65531666769927 0.0913934894438226 2.08712078476016 -2.36791691890673 12.964657438863 1.94471974540044 -2.45672561380626 7.01935065859175 4.50542887851489 -8.10995925593682 0.322537893075869 3.22396868746168 4.41382043355333 -2.93200461766231 -9.32279052934367 -0.45399520665591 inlier mahaDist=32.0258827976966 cluster2 intDim=28
-2.34907338235778 8.33051198328773 5.02357680749467 -5.66900671050586 16.4264323937558 -2.12369317487688 2.44192190373886 -2.35335302950952 1.32491453306297 -5.29879719183834 -1.1441962310253 -6.79136808470992 5.69259372689356 0.932869923989352 -4.46079540493843 14.0661587930303 3.63080067705512 1.05424436804942 -0.405597172974224 -2.17536840830722 9.40897060041175 1.40935588809424 -2.04530717749427 5.63165139699462 4.9737628755759 -6.61048311937913 -0.211570568129456 3.65274110409635 3.43999027981558 0.702079767426706 -10.9010988796117 -0.471853940017219 inlier mahaDist=35.5278509039595 cluster2 intDim=28
-0.857570029605524 7.73128384661422 5.91318683713181 -5.32362959709847 13.1763960640824 -1.94787475373039 0.806721598372034 -0.997103447546553 -1.84213396200204 -3.68689226445653 0.234405555687553 -6.74926972046422 5.29420931252589 0.278575211909822 -2.81038145739945 16.0471642705105 3.88211691314994 0.681526305868694 -0.470033996949531 -1.05391534961417 10.7365808487836 2.47426152380932 -4.00000692687815 5.02925391425931 5.10542557284732 -6.33240792015521 1.22606076754279 5.90320309850003 3.70098809542121 0.166014056092971 -8.87458489143599 -0.148221236810985 outlier mahaDist=51.765416448256 cluster2 intDim=28
-1.76115707324542 4.98739074840628 4.83645587752837 -6.57697681211794 13.9603688996828 -3.72160641761659 2.13325464158849 -2.07892642596374 0.677046758486208 -4.18868730652684 0.650773191070797 -6.73014819202536 5.66739118652886 0.118372585616507 -3.52957964081195 14.5668235754387 2.64115224656445 0.467805530922533 1.21205321151367 0.126743671696516 10.4735122331493 2.8623725198364 -2.71389177642937 6.81970392135759 3.18378053725128 -6.11683919035302 0.231173543237993 4.69295316818123 2.11404767539884 -3.2534670839044 -11.6376401290146 0.932544144919061 inlier mahaDist=37.5570263091542 cluster2 intDim=28
-2.56181441930057 6.15453722108499 4.010061536165 -7.08973310273918 16.0856778554116 -1.07225567683367 2.95564217655365 -2.96353095328704 0.822243642583285 -4.79481601090019 -0.004219128590077 -4.25244354036479 3.87526650092935 -0.0969192336314609 -4.53907342414057 16.0585238706504 1.99904102278433 -0.601752516504391 2.30851352374889 -2.39504739621384 10.7907437910497 3.65809758247267 -2.58973420268732 6.70463617648863 2.51791272435324 -8.66858593495399 1.49789201959043 3.49111089192071 2.58184947491718 -1.99112941556538 -9.9350759218941 1.30457935496891 inlier mahaDist=27.507845687357 cluster2 intDim=28
-1.69572439336306 4.43046549771178 3.88920937681824 -6.10868605746218 16.0511915943134 -3.63455784291284 1.08488650769925 -1.86935387053517 -1.60348725100793 -5.62682419829877 0.0798689999716242 -7.46426872776703 1.96784338788722 -0.883362901278623 -2.54930503562764 14.0416817702001 2.5392299805018 -0.718473781557871 1.06561618414863 -2.90164150112109 13.4784089295729 2.65622611745455 -1.14904581927608 5.92999774206182 4.45415096217765 -7.84264391306116 1.1103498926325 4.48638946288245 4.90634961511055 -2.73787584379527 -10.2884479999184 0.236066441918594 outlier mahaDist=41.4384174815643 cluster2 intDim=28
-1.59625662234291 6.56677652619533 3.34557052746435 -6.76460597134266 16.6340418157343 -1.29911357537372 0.393988096963602 -1.99344992611163 0.754094774926853 -5.29884982872093 1.82392239536314 -8.42125013888022 4.25221904883365 0.134314006890631 -3.06267577642669 14.1408293117448 4.96641474868111 1.07226105912109 1.90855748742287 -2.80078048343518 11.5917243538933 1.3828991929909 -2.87094109764445 5.94399529632894 4.59292789906459 -6.47734662787395 -1.80571186544367 5.49533871962503 2.60901685181773 -1.91033584231661 -10.779482649397 0.511190707557485 inlier mahaDist=25.2292248332311 cluster2 intDim=28
-1.81674687626086 5.56044569036071 4.17710401018001 -5.83562196785313 15.9527963658527 -3.315840130307 1.47362192323056 -3.01490069715156 0.987914775761241 -5.56422328874533 0.199713491540609 -5.70888858315616 4.80036356981197 0.935566507096921 -3.78281697603879 17.6860389987817 4.99998556604626 1.48486750251017 1.22414837972606 -2.6842260669289 11.5407966647922 3.12953264963737 -2.75572891146578 6.38035635906252 2.21132466380932 -8.29087465844279 -2.50604232488818 4.01083943943896 3.63223819741288 -2.72068891041648 -9.39111398064271 -0.364192162341136 inlier mahaDist=32.9236211134938 cluster2 intDim=28
-1.1474136205097 6.1584418663249 3.33505771678503 -5.50203963446564 15.3427630389111 -2.12302017636288 1.86067798600926 -5.16174946125777 -0.276749359276248 -4.81839338839561 1.49855315651682 -5.8104577881045 3.45647873754826 0.127772842824869 -3.246322402589 15.5028461973613 4.29875792044939 -0.930079835048232 3.90082116462985 -0.730565292357311 10.590107141684 3.09211725359072 -1.5536758397014 4.76188295961739 4.64484112702931 -6.61627090999638 0.0306154508663613 5.09117564140239 2.94374635321252 -0.982060213097177 -9.61099502495968 -0.107755174134483 inlier mahaDist=23.752576357565 cluster2 intDim=28
-0.836197715174244 4.12669295989135 3.27073454322093 -5.33939786917919 15.5940977505979 -2.05759550695697 2.50268736044585 -3.54918108923638 1.05624623509893 -5.03803556083777 0.0372601798629495 -5.57305296200666 3.53531879814622 0.567175333177336 -2.69871754911536 15.1173405160871 3.73128745954705 -0.244993390677351 1.06460952179642 -2.99232735574603 11.0205375423902 3.42183639120349 -0.642348692053987 6.96749876964268 4.624087234785 -7.52572601105624 1.02075138444848 4.97383379436154 2.75181050965186 -0.34102479336006 -9.36486440532998 -0.358203665926736 inlier mahaDist=24.1215793230358 cluster2 intDim=28
-2.15200687724125 5.10520738300866 4.15729112019029 -5.90992812413195 15.5715122710765 -2.52318951867677 2.67238423507089 -2.00554629087727 -0.800411600974921 -4.21279067687375 -0.761890571987947 -5.4372025423778 4.2869665247833 -0.669475577965046 -4.71079805533418 16.9330207090039 3.27152004007308 0.986687069562382 1.9031734782576 -3.24400557372296 12.2890450577304 3.85144780248836 -2.97814787094236 5.18074176240915 4.2841781582576 -6.71223337954793 1.04545931791702 3.34244078900411 1.87948015295977 -1.4063084790965 -10.2828022353935 -0.29287824927897 inlier mahaDist=28.4990131213772 cluster2 intDim=28
-3.18647202320585 4.15855716050127 5.18388780861573 -5.14503850742753 15.8514787677235 -2.60844509312397 0.182947520247614 -2.76297318215483 -0.940730818169684 -4.39211375834636 0.223909712445345 -5.59476331313772 3.51188078580434 2.09919680145305 -1.70047132331511 14.2045346340044 5.32266025691986 -1.81419565910272 0.751848502858554 -1.2595845003587 11.1630049913041 3.9560413196554 -3.04966155881015 5.45561104627252 4.78577179007921 -6.40455111306449 -0.437651812535116 4.81687838313038 3.88741679216966 -2.77196907602506 -11.4139286118438 -1.2458324837205 inlier mahaDist=38.2709513816671 cluster2 intDim=28
-2.1557101877781 6.39438976018985 4.733023682091 -4.5240440553229 16.4261470974183 -0.765490968786056 1.16660596259042 -3.50499558430974 0.37076509902307 -3.52213055818141 0.365230384991436 -5.29664457682127 3.21570694604815 -0.978665766014115 -3.14255192092421 14.8357097783373 3.87959567736815 -0.298098383511034 0.273371208018726 -2.80988116492016 10.0068528177616 1.22599836275513 -2.58911305592938 4.35409148192728 5.98236068060224 -7.45208866386382 0.234858048348017 4.35541888952452 3.53625620627474 -1.3690365324493 -9.07552712610299 0.844728885619319 inlier mahaDist=22.4715666630235 cluster2 intDim=28
-2.41124729740933 5.08319793885034 3.78042224969074 -6.28827967269014 16.320501689906 -0.709746441794409 2.11401947948285 -2.13286844833219 0.459482360760449 -4.73654242994691 1.24786599802895 -3.73346329155842 3.56057297932194 0.351538211740097 -3.87012875320394 14.5545132409188 4.64808926489239 1.13756889288671 0.705485202858686 -2.24369290121985 11.1423363767337 1.77572184479622 -2.05008718542881 7.24252251795102 2.66480113667208 -8.75653655645996 0.850338025829461 5.36327339163238 3.06640857010954 -2.75326912844834 -10.9537051117115 -0.868348100221789 inlier mahaDist=23.5628209810243 cluster2 intDim=28
-1.18987371027836 5.30704963813638 5.31984893414774 -5.62468134454722 16.2087294805291 -2.4271052601318 2.54204342516114 -1.44292000984275 -1.23411090166166 -5.48906648139436 1.17524751036538 -6.2691055566929 2.87057948784939 -0.213111691128991 -3.18928324992547 15.2825222980983 2.90046327676431 0.378239624065505 1.50737872497856 -1.20377738790303 12.5507831823686 3.27960000182062 -3.0499999037328 4.19252225554536 1.59942554919741 -8.06311926632745 -0.0850614118183791 4.76322838133481 4.85140045625081 -2.4217753160921 -8.04584397589725 0.971524075796959 inlier mahaDist=34.4007412977374 cluster2 intDim=28
-2.56748910410564 6.85226761291384 2.87929571472791 -6.87266341402354 15.9488144538933 -2.27990949050005 3.27900391471516 -2.43413283606643 -0.161303058700652 -5.40234773324409 1.19009859494484 -6.76328469081392 3.51265287125903 2.36956538047659 -4.54410858935112 15.7708066212582 2.82818105265031 0.154388764788144 3.19316298688659 -2.13202760580429 12.437412501787 3.42312933037214 -2.90629507890302 5.03607636400045 3.49183798545285 -6.72914363262723 -1.87218773264084 4.43578936226104 3.12375425184819 -1.74726075592231 -10.5436883255252 -0.707587248229216 inlier mahaDist=27.9385960468841 cluster2 intDim=28
-4.07270172525349 7.28761791324041 4.49681567534462 -6.08268681733453 15.8339923733417 -0.482898339260395 1.85818870126004 -1.89597025101335 -1.47226294814113 -4.0949009329962 1.38873285270246 -5.96317636731727 4.70782742306815 0.598396762609387 -3.76686189381868 13.6567439501319 4.55117760260258 0.795434789254997 1.17710805079443 -1.63810951385416 11.4600573852402 2.68512409945274 -1.54739814868227 5.23267558029709 3.73698553072086 -6.88770651633246 -0.574426583868712 4.43279624037164 3.6673275329977 -1.10810354982124 -9.43193760326415 -0.723055744421518 inlier mahaDist=18.1479309526789 cluster2 intDim=28
-2.03693020836578 6.8660838943059 3.15555051917936 -4.95233530901287 15.3642720553765 -3.5926299070994 2.12618712530506 -3.16377523533078 0.673125531152852 -4.25798129933675 -0.606265347505718 -5.05063298371301 4.87462196789596 0.0799193090640639 -3.59095148902465 14.3243813005731 3.90942789642839 -0.866541040678425 2.00477470567417 -1.25866201137115 10.3178776950297 4.54202932767622 -1.14940903323313 3.75077806193774 3.64456853226236 -7.06013727807083 0.562199373303363 4.87974165126337 4.58767281767224 -2.1932562514509 -10.3572610530414 -0.915763630526649 inlier mahaDist=24.9310997683799 cluster2 intDim=28
-2.53514222291651 6.52206039052419 3.72613669032086 -5.73798859060782 16.4989018958857 -1.80368070081854 1.76305421220718 -2.31451792770147 1.41908741309673 -4.29013602356273 3.50922645766396 -5.84209359227439 4.86973928285419 -0.135583445094628 -3.28350139219315 14.585447415081 3.33986386276055 0.243908749792048 2.04360677329892 -3.39570976909235 13.0999888607423 2.99127158205356 -4.23132279279813 4.18633547462122 4.28196564905244 -5.9432798964248 -0.307486651576705 4.92369241497387 4.94285394652765 -1.13666625698617 -9.48904738884049 1.13865024032887 inlier mahaDist=28.6322249717058 cluster2 intDim=28
-1.12138162172031 8.12335897050523 4.41706187255341 -4.64796919358349 16.1827096939642 -2.41241192839224 2.53618302955122 -4.26874385988088 -0.582934259247487 -4.18306966147429 1.63919982106035 -6.73057018339407 4.32389207841177 0.374875238444383 -5.44340850697002 14.5077441767988 5.4451974071202 0.690345671252006 2.67558135444069 -3.54619362028961 11.8382391113179 4.54379787531919 -1.74214463739718 5.37279104283598 4.61645745514114 -7.54990022658907 1.08756467242235 4.79055506828486 2.08629548808508 -1.44554760058028 -9.74734278633204 -1.2600850614694 inlier mahaDist=28.9397882782889 cluster2 intDim=28
-1.21862305580043 7.55571092960546 3.86579505489046 -6.13007181929294 17.4508950917054 -0.43304817690814 1.86991625483767 -0.749333495066018 0.992397999164304 -5.89396570196895 -1.46735610078167 -5.68462834705061 4.15291620884335 -1.00857372189661 -3.40406388897566 14.128528815073 3.10236751193471 0.427982094177025 1.23367560337707 -3.47306110882197 9.78417908373032 2.29575506680375 -1.34148616666226 5.44906076917637 2.37987788326953 -8.54329693637186 -0.59821551895221 2.95009229514177 3.05066080884895 0.354798718596818 -10.9223550818993 0.84872179855528 inlier mahaDist=36.1290858493212 cluster2 intDim=28
-2.72130850834284 6.71672894084435 3.65244400409505 -6.56642460274601 15.7988238422172 -1.20701741153374 1.37058952228466 -3.01637228278775 2.14834102125144 -3.2006199901588 -0.419037267013086 -7.36102292199757 4.53745532012096 -0.0499747583620916 -2.97053194292379 14.8689187412871 3.96507205922132 -0.45885663807095 1.44929252073332 -2.36902930019117 10.8718832487042 3.31931376064893 -3.34498092264627 4.57621253623068 3.68797974028919 -8.80839092610828 -1.24993152484315 4.40274685047848 1.16927221637739 -2.97215109153785 -9.97094041228846 -0.363545090859275 inlier mahaDist=25.3883481501184 cluster2 intDim=28
-1.24667297147904 6.79261360959042 6.32042277799852 -6.42392848887209 16.2682126245135 -2.07805907334604 2.20487354017454 -2.04475241941153 1.99039775725896 -5.18138011191076 0.977959937724228 -7.38847380278136 2.21467493208652 -0.0636795672920302 -3.87843168722004 15.5413291343434 3.07670821225404 0.23436463878731 1.42509608618538 -0.595793070952855 11.2318608800218 2.20279445622958 -2.82242881476748 5.58870146811661 3.35757710246077 -8.97143499565006 -1.03213754035766 2.99627254153082 2.75911528910496 -1.09458060706976 -10.1729733849844 -0.357856977047201 inlier mahaDist=26.8341661887943 cluster2 intDim=28
-2.83728985083928 6.59533515557015 4.45042049637228 -6.0367448405696 15.6827807788738 -2.42982762668387 1.24191005331938 -3.20925624179065 1.8146756178253 -6.2958865964903 1.82854584323938 -5.20294426154121 4.77967148145286 1.22956141681384 -4.48225467462413 14.6443447539374 3.27527712449214 0.248250244505354 2.42820616212474 -1.47443624032522 11.2257548396445 3.97328724310977 -2.19863380491927 5.73535816079037 3.96404681140891 -7.65544983624867 -0.208945451140104 5.64559763893415 4.17634779318981 -0.235435049340936 -9.08032660412125 0.183207383008558 inlier mahaDist=17.5536459850879 cluster2 intDim=28
-0.46402702210926 5.38738996851478 4.06005413961605 -7.27466357489717 16.1614565358961 -0.776559934127096 -0.255293546272634 -4.31631870301161 0.992084985826792 -5.0373251480568 1.32139216040506 -5.87690943400646 3.76381435883707 -1.19521698949817 -3.0808545690866 15.2428167407361 5.09922873724173 -0.529447746356871 1.17177558751887 -2.39125364502952 10.4946867930095 3.57374509056301 -1.3927097095558 5.88876698268977 3.52839070485949 -9.34099034301376 1.13205887872642 4.23327154552814 2.29196426380978 -1.11227278756037 -9.87400396002539 0.215482145763038 inlier mahaDist=24.0279004986425 cluster2 intDim=28
-2.95530134811191 7.09076544144674 4.1672843190098 -6.31474846511575 16.6752280448467 -0.132059153937493 0.700513292318178 -2.07566792004544 -0.910510325716557 -4.02354434475552 -0.0246055799348577 -7.26139155147708 3.43231463908364 -0.163256791652817 -3.86813052618988 13.71031170234 5.14956125306132 -1.11606364613466 2.53093253479308 -3.18252584956903 10.8384027660366 2.17430886676921 -1.20482996302468 5.45126862886705 4.14336720269846 -8.20265882181481 -1.19704749792595 2.91867949139565 2.4906904425684 -2.54635169400642 -9.68907822764609 -1.31418521542292 inlier mahaDist=26.357744450052 cluster2 intDim=28
-2.38953762189046 6.38989620399845 4.23938829547888 -7.59459363114676 14.7064034059701 -1.69579088388377 0.794197444201559 -4.53421702884424 0.338369503365477 -5.5305694395564 2.5413229041373 -5.81504510945576 3.38862328426373 0.441932426515877 -3.18050905090398 14.5401062049718 5.60279912841511 -0.0596617179719285 1.54218866087222 -3.20327855536261 12.5463847900165 2.44206227020874 -1.44241526264508 5.91860350653502 5.75296109840637 -6.50546114105905 0.421491998772328 4.52849451597776 3.776716427432 -3.36576197801743 -11.2902754406906 0.721455602593072 inlier mahaDist=27.5075432383675 cluster2 intDim=28
-2.98690733392262 7.80992967827537 4.83588018272591 -8.72976719199774 16.8250473288246 -0.152300106346656 2.03256479847721 -2.64317198777397 -0.219685509183082 -6.31311406972067 0.963647655500278 -6.27359640281662 4.6546518101852 1.14605003017804 -3.24260876303416 14.7152343088454 3.18084449562639 -0.466225483135303 1.05106936907037 -1.17425890268015 9.45461644289314 4.5707197543965 -0.252830870551735 6.6047683468819 3.70119480212941 -8.2665228352683 1.03736617523138 5.21717638628754 3.65285073613755 -0.959079896716919 -9.70985502970113 -0.840213689458018 inlier mahaDist=35.7352847068597 cluster2 intDim=28
-1.97954020170206 8.43095106975078 3.71186524047705 -5.08604320670067 17.2315885879842 -1.69327113513883 2.82654905735698 -3.33985989220879 -0.0250273601164368 -5.70984824687979 0.351630333702022 -7.72446574228703 5.9161838073655 -0.33949122305961 -3.47937230702523 12.5454519780536 3.55581961121368 -0.125186055450631 3.74406452867619 -2.27319192962806 10.9819316152787 2.92184508380054 -3.61257189603468 4.59494984499979 2.75394117716705 -7.27948829155819 1.26820068002089 4.43664808261566 3.39469236094743 -0.924033463024927 -9.22662242146458 -0.201344542467127 inlier mahaDist=33.9576699470364 cluster2 intDim=28
-1.27745686005544 6.87844894865727 4.70000774911743 -6.8996298027576 14.5403303880913 -2.26691747718386 1.65046271604326 -2.38736524047186 -0.295400700633779 -4.63960790024477 2.09105682786379 -5.25932662631437 5.40099375861051 0.0697499502008255 -4.50622669779071 14.8250312577508 3.03304228343108 0.758116262201724 1.31018298994048 -0.963923495935968 11.3526844029222 3.05953273519049 -3.9222715528719 4.30024927434301 3.78285318286378 -7.95388490422106 1.52035820257347 5.5128264495353 3.197520508782 -1.29756736741382 -10.0816909028705 0.553383027694575 inlier mahaDist=20.6787229391196 cluster2 intDim=28
-2.16120667077974 5.82753447650389 3.88007823207062 -6.23752205766135 15.8195080515761 -0.391126602899751 4.28012698767555 -2.92178134462547 -0.655174455024456 -4.30381941834865 1.11205865902624 -3.96119670377377 4.67412726077593 0.536165297301213 -2.45932604534271 15.4263707372307 5.50857161904019 0.316087075998675 3.48598703721825 -1.42768686440483 10.0133809224713 3.561979994985 -0.93885279950719 6.28695937501839 5.16671101366016 -5.50165809226744 1.40042731897571 4.38746346246943 2.35681619823912 -1.08443651333091 -9.77847668040581 0.579305906367187 inlier mahaDist=38.4262612422871 cluster2 intDim=28
0.376484409605984 7.25475215339167 2.70786121707099 -5.48182157317444 14.9080692399614 -1.72061267344482 0.909189766718115 -1.5646666594115 0.669061484598436 -4.89474964682914 0.525384482063012 -7.50350524070494 3.31500689423594 0.0257174907553935 -2.43380282722171 14.665422165014 4.35435773273412 0.665038221624661 0.810135323678909 -2.61984829769627 10.5907571315483 2.94755596268567 -2.95888513967911 6.14937479337043 3.58653985831251 -8.41746224849221 -0.118155242761404 3.41519450741016 3.18443037941072 -2.09456757125736 -11.2759230170792 -0.568847535859045 inlier mahaDist=22.2188484806322 cluster2 intDim=28
-2.68922490021308 7.07371024467935 4.2546915827439 -4.79777733759973 15.9845334233491 -0.201008826144534 1.42844284986971 -3.62749226662759 1.24537826237187 -5.47921984756212 3.24629070348479 -6.16559424181601 3.85750065097736 0.33099667404656 -3.31501547319696 14.5491936095564 4.118433514196 0.671270297897006 1.7609562977492 -2.83794951801257 11.0591143845011 3.86782684886844 -2.12922883522231 6.37313432171323 4.07221564471588 -6.44283984669674 -0.125155725943744 3.72440674779835 4.02300669369412 -0.66887524485645 -9.51003821017493 -1.97519834292752 inlier mahaDist=20.3540254419257 cluster2 intDim=28
-1.14526269678712 7.39387399810477 3.96793555423698 -5.80666036983072 14.9105626410079 -0.368555616193487 1.36106857487626 -3.21040469823601 0.181802010541094 -3.6098701854241 1.83993887658756 -6.11061431520783 1.89441902940384 -0.069927744926514 -3.94915415324226 15.9922498878314 3.30904587335224 -1.02093262911865 2.13609858670452 -3.74498697918852 12.2758058678914 2.53339300182105 -1.56192576080409 5.30001275700585 4.86518664862299 -7.45418100848883 -0.646289162073751 5.13061718092925 2.70706945987228 -0.212851495743564 -9.21163157160543 0.126313451517038 inlier mahaDist=25.5118189571735 cluster2 intDim=28
-2.62670282727552 7.70113742067304 4.34726172043543 -4.68060621773828 15.3857250576529 -1.69590076203027 -0.474220274226733 -3.08986483411052 -0.0134624173551694 -5.4908065745983 1.1267601005288 -6.58088796539002 4.28413539634434 -0.471546038362009 -3.95279743269952 12.9381942616006 3.64770384953776 -0.626977475937934 0.987292968886604 -3.49151279849078 11.0945424463129 2.85896890495124 -1.24573803072045 3.62832577029855 3.4197541689396 -6.80109003139326 -1.44611032255684 4.69930800176795 5.51995588082135 -2.4877203141168 -9.13916738469648 -0.369486611411861 inlier mahaDist=28.5857166636057 cluster2 intDim=28
-2.37323921563225 4.49414720439639 2.81653517686492 -7.88976220251577 16.0898638804733 -1.09445984514104 0.269672148785891 -3.24619763194998 0.98195885691828 -5.34378755690987 -0.364260591076363 -6.10361165650893 4.38975812939641 -0.20383142427714 -3.40949341548459 16.5718780371999 4.09983109497821 -1.46227715980657 2.77850409902548 -1.8390396625448 10.8788375529699 1.97822857052743 -3.61646645965664 6.16686943282018 3.13466832340627 -7.85793594137858 0.872285552945822 3.89733384896461 3.38238576198606 -2.42851238201841 -9.35947325574213 -1.41998054862087 inlier mahaDist=30.8564078694747 cluster2 intDim=28
-2.71311422801409 7.39055073632352 4.55324134969065 -5.55753809919937 15.413815371687 -1.40330514886873 0.90993908728791 -1.78037056415102 1.47265592986028 -4.49630263726403 1.90581410486255 -6.11787243064404 4.35973060987085 -0.445659401295707 -4.3551151691994 12.8547776290933 3.8273917473785 1.44216285126057 0.284647543410851 -1.47857679091173 10.2519696075507 3.03224632435899 -1.19854349319299 5.43121115673972 4.21060918736246 -6.91289792633817 -0.230118721653365 5.54932342346267 3.64677701018821 -2.22756137572876 -10.2940452513211 0.822503635924738 inlier mahaDist=18.0236570583509 cluster2 intDim=28
